Time,RejRate,AcceptRate
287.996,0.0,1.0
265.199,0.0,1.0
114.849,0.0,1.0
279.488,0.0,1.0
220.81,0.375,0.625
290.148,0.375,0.625
266.811,0.375,0.625
287.953,0.375,0.625
0.063,0.444444444444,0.555555555556
300.145,0.4,0.6
218.272,0.363636363636,0.636363636364
124.522,0.333333333333,0.666666666667
303.366,0.428571428571,0.571428571429
288.031,0.428571428571,0.571428571429
289.893,0.466666666667,0.533333333333
30.828,0.5,0.5
267.303,0.529411764706,0.470588235294
288.032,0.555555555556,0.444444444444
299.63,0.6,0.4
287.772,0.6,0.4
288.36,0.571428571429,0.428571428571
296.753,0.590909090909,0.409090909091
285.091,0.565217391304,0.434782608696
279.553,0.541666666667,0.458333333333
147.335,0.5,0.5
299.636,0.5,0.5
266.093,0.481481481481,0.518518518519
302.895,0.464285714286,0.535714285714
140.106,0.448275862069,0.551724137931
194.471,0.466666666667,0.533333333333
311.926,0.46875,0.53125
308.404,0.46875,0.53125
310.042,0.484848484848,0.515151515152
310.275,0.5,0.5
288.395,0.5,0.5
279.559,0.5,0.5
297.951,0.5,0.5
288.368,0.5,0.5
297.639,0.512820512821,0.487179487179
283.468,0.5,0.5
305.151,0.512195121951,0.487804878049
312.238,0.52380952381,0.47619047619
16.371,0.53488372093,0.46511627907
292.958,0.522727272727,0.477272727273
0.0,0.533333333333,0.466666666667
293.049,0.54347826087,0.45652173913
297.777,0.553191489362,0.446808510638
294.99,0.5625,0.4375
294.901,0.571428571429,0.428571428571
129.626,0.58,0.42
302.916,0.588235294118,0.411764705882
294.626,0.596153846154,0.403846153846
284.751,0.592592592593,0.407407407407
294.658,0.592592592593,0.407407407407
308.355,0.581818181818,0.418181818182
287.987,0.589285714286,0.410714285714
291.478,0.568965517241,0.431034482759
308.883,0.568965517241,0.431034482759
79.958,0.576271186441,0.423728813559
311.735,0.566666666667,0.433333333333
84.733,0.573770491803,0.44262295082
293.816,0.564516129032,0.435483870968
50.797,0.555555555556,0.444444444444
284.399,0.546875,0.453125
293.552,0.538461538462,0.461538461538
295.046,0.530303030303,0.469696969697
264.995,0.537313432836,0.462686567164
265.189,0.557142857143,0.442857142857
290.525,0.557142857143,0.442857142857
290.132,0.557142857143,0.442857142857
315.972,0.56338028169,0.43661971831
313.409,0.547945205479,0.452054794521
317.687,0.547945205479,0.452054794521
314.581,0.554054054054,0.445945945946
322.946,0.56,0.44
321.227,0.565789473684,0.434210526316
322.535,0.571428571429,0.428571428571
322.96,0.576923076923,0.423076923077
322.9,0.582278481013,0.417721518987
320.021,0.575,0.425
330.021,0.585365853659,0.414634146341
339.846,0.585365853659,0.414634146341
328.36,0.590361445783,0.409638554217
331.352,0.595238095238,0.404761904762
324.955,0.6,0.4
330.316,0.609195402299,0.390804597701
323.38,0.609195402299,0.390804597701
324.427,0.613636363636,0.386363636364
337.642,0.61797752809,0.38202247191
337.78,0.622222222222,0.377777777778
324.405,0.626373626374,0.373626373626
327.21,0.630434782609,0.369565217391
346.673,0.634408602151,0.365591397849
352.646,0.642105263158,0.357894736842
352.811,0.642105263158,0.357894736842
354.556,0.645833333333,0.354166666667
358.051,0.649484536082,0.350515463918
353.473,0.65306122449,0.34693877551
354.384,0.646464646465,0.353535353535
367.995,0.64,0.36
402.629,0.647058823529,0.352941176471
402.436,0.647058823529,0.352941176471
403.07,0.650485436893,0.349514563107
403.077,0.653846153846,0.346153846154
402.979,0.657142857143,0.342857142857
405.009,0.669811320755,0.339622641509
405.061,0.663551401869,0.336448598131
407.572,0.666666666667,0.333333333333
407.559,0.660550458716,0.339449541284
407.807,0.663636363636,0.336363636364
407.943,0.666666666667,0.333333333333
407.932,0.669642857143,0.330357142857
407.924,0.672566371681,0.327433628319
408.002,0.678260869565,0.321739130435
407.834,0.678260869565,0.321739130435
407.559,0.681034482759,0.318965517241
407.454,0.683760683761,0.316239316239
407.545,0.669421487603,0.330578512397
404.443,0.669421487603,0.330578512397
407.726,0.669421487603,0.330578512397
407.485,0.669421487603,0.330578512397
407.89,0.66393442623,0.33606557377
407.912,0.658536585366,0.341463414634
407.725,0.653225806452,0.346774193548
407.69,0.648,0.352
407.514,0.653543307087,0.346456692913
408.023,0.653543307087,0.346456692913
408.532,0.6484375,0.3515625
408.579,0.651162790698,0.348837209302
409.391,0.646153846154,0.353846153846
408.407,0.648854961832,0.351145038168
409.405,0.646616541353,0.353383458647
408.099,0.646616541353,0.353383458647
410.383,0.651851851852,0.348148148148
408.955,0.651851851852,0.348148148148
408.124,0.654411764706,0.345588235294
408.331,0.656934306569,0.343065693431
409.528,0.659420289855,0.340579710145
408.16,0.661870503597,0.338129496403
408.411,0.664285714286,0.335714285714
409.499,0.666666666667,0.333333333333
408.851,0.669014084507,0.330985915493
408.534,0.664335664336,0.335664335664
409.977,0.666666666667,0.333333333333
408.22,0.662068965517,0.337931034483
409.451,0.664383561644,0.335616438356
427.941,0.666666666667,0.333333333333
427.962,0.668918918919,0.331081081081
427.64,0.671140939597,0.328859060403
433.004,0.675496688742,0.324503311258
429.534,0.675496688742,0.324503311258
428.74,0.671052631579,0.328947368421
438.607,0.662337662338,0.337662337662
433.488,0.662337662338,0.337662337662
428.452,0.664516129032,0.335483870968
428.886,0.660256410256,0.339743589744
442.778,0.656050955414,0.343949044586
428.485,0.651898734177,0.348101265823
429.527,0.654088050314,0.345911949686
432.897,0.65,0.35
437.396,0.652173913043,0.347826086957
432.578,0.648148148148,0.351851851852
444.378,0.646341463415,0.353658536585
443.988,0.646341463415,0.353658536585
457.716,0.648484848485,0.351515151515
490.328,0.646706586826,0.353293413174
492.528,0.646706586826,0.353293413174
488.965,0.642857142857,0.357142857143
488.958,0.647058823529,0.352941176471
492.949,0.647058823529,0.352941176471
489.439,0.645348837209,0.354651162791
488.867,0.645348837209,0.354651162791
488.499,0.64161849711,0.35838150289
492.936,0.64367816092,0.35632183908
493.89,0.647727272727,0.352272727273
493.665,0.649717514124,0.350282485876
498.056,0.649717514124,0.350282485876
498.071,0.64606741573,0.35393258427
493.688,0.648044692737,0.351955307263
493.116,0.65,0.35
493.997,0.651933701657,0.348066298343
493.517,0.648351648352,0.351648351648
493.692,0.644808743169,0.355191256831
493.168,0.641304347826,0.358695652174
499.862,0.639784946237,0.360215053763
499.0,0.639784946237,0.360215053763
498.56,0.636363636364,0.363636363636
498.891,0.632978723404,0.367021276596
499.049,0.62962962963,0.37037037037
498.992,0.631578947368,0.368421052632
499.108,0.628272251309,0.371727748691
498.591,0.625,0.375
507.75,0.626943005181,0.373056994819
507.762,0.628865979381,0.371134020619
512.547,0.622448979592,0.377551020408
508.321,0.622448979592,0.377551020408
508.578,0.626262626263,0.373737373737
509.574,0.626262626263,0.373737373737
508.292,0.628140703518,0.371859296482
508.941,0.625,0.375
513.697,0.628712871287,0.371287128713
514.45,0.628712871287,0.371287128713
520.444,0.625615763547,0.374384236453
529.166,0.627450980392,0.372549019608
533.334,0.629268292683,0.370731707317
537.708,0.631067961165,0.368932038835
534.196,0.632850241546,0.367149758454
534.612,0.634615384615,0.365384615385
533.702,0.636363636364,0.363636363636
533.655,0.638095238095,0.361904761905
545.599,0.63981042654,0.36018957346
551.797,0.643192488263,0.356807511737
548.101,0.643192488263,0.356807511737
582.769,0.646511627907,0.353488372093
582.7,0.646511627907,0.353488372093
589.438,0.645161290323,0.354838709677
588.607,0.645161290323,0.354838709677
587.895,0.646788990826,0.353211009174
584.658,0.648401826484,0.351598173516
589.359,0.651583710407,0.348416289593
592.734,0.651583710407,0.348416289593
589.856,0.653153153153,0.346846846847
584.039,0.654708520179,0.345291479821
587.739,0.65625,0.34375
584.052,0.657777777778,0.342222222222
593.766,0.659292035398,0.340707964602
598.719,0.660792951542,0.339207048458
599.304,0.662280701754,0.337719298246
602.512,0.663755458515,0.336244541485
604.44,0.668103448276,0.331896551724
603.381,0.668103448276,0.331896551724
604.662,0.668103448276,0.331896551724
604.513,0.669527896996,0.330472103004
617.408,0.67094017094,0.32905982906
622.76,0.668085106383,0.331914893617
622.983,0.665254237288,0.334745762712
624.222,0.662447257384,0.337552742616
623.085,0.659663865546,0.340336134454
627.865,0.65690376569,0.34309623431
628.419,0.651452282158,0.348547717842
629.056,0.651452282158,0.348547717842
637.958,0.648760330579,0.351239669421
634.484,0.646090534979,0.353909465021
639.864,0.647540983607,0.352459016393
667.583,0.648979591837,0.351020408163
671.521,0.646341463415,0.353658536585
672.342,0.643724696356,0.356275303644
668.146,0.645161290323,0.354838709677
678.571,0.648,0.352
682.821,0.649402390438,0.350597609562
678.394,0.649402390438,0.350597609562
682.43,0.650793650794,0.349206349206
677.51,0.648221343874,0.351778656126
682.96,0.645669291339,0.354330708661
682.369,0.647058823529,0.352941176471
682.973,0.6484375,0.3515625
684.175,0.649805447471,0.350194552529
686.006,0.65250965251,0.34749034749
687.889,0.65250965251,0.34749034749
684.11,0.65,0.35
684.798,0.651340996169,0.348659003831
687.686,0.648854961832,0.351145038168
692.907,0.6463878327,0.3536121673
689.043,0.642857142857,0.357142857143
689.907,0.642857142857,0.357142857143
689.136,0.642857142857,0.357142857143
692.318,0.640449438202,0.359550561798
692.275,0.641791044776,0.358208955224
693.03,0.639405204461,0.360594795539
689.474,0.640740740741,0.359259259259
696.28,0.642066420664,0.357933579336
696.139,0.639705882353,0.360294117647
695.842,0.637362637363,0.362637362637
697.28,0.638686131387,0.361313868613
693.397,0.64,0.36
694.063,0.63768115942,0.36231884058
699.22,0.635379061372,0.364620938628
699.28,0.63309352518,0.36690647482
702.273,0.634408602151,0.365591397849
699.862,0.635714285714,0.364285714286
703.471,0.633451957295,0.366548042705
704.258,0.636042402827,0.363957597173
704.961,0.636042402827,0.363957597173
712.951,0.638596491228,0.361403508772
712.902,0.638596491228,0.361403508772
708.295,0.63986013986,0.36013986014
714.0,0.637630662021,0.362369337979
718.654,0.638888888889,0.361111111111
719.077,0.640138408304,0.359861591696
723.087,0.641379310345,0.358620689655
724.837,0.642611683849,0.357388316151
729.925,0.643835616438,0.356164383562
759.014,0.645051194539,0.354948805461
753.544,0.646258503401,0.353741496599
759.028,0.647457627119,0.352542372881
772.588,0.64527027027,0.35472972973
774.792,0.647651006711,0.352348993289
773.709,0.647651006711,0.352348993289
774.615,0.648829431438,0.351170568562
773.476,0.65,0.35
777.627,0.651162790698,0.348837209302
774.244,0.652317880795,0.347682119205
773.549,0.653465346535,0.346534653465
778.992,0.654605263158,0.345394736842
778.314,0.656862745098,0.343137254902
778.679,0.656862745098,0.343137254902
783.555,0.659090909091,0.340909090909
783.455,0.659090909091,0.340909090909
783.999,0.656957928803,0.343042071197
787.973,0.654838709677,0.345161290323
788.46,0.652733118971,0.347266881029
788.611,0.650641025641,0.349358974359
793.453,0.648562300319,0.351437699681
793.954,0.649681528662,0.350318471338
798.721,0.651898734177,0.348101265823
799.053,0.651898734177,0.348101265823
804.493,0.649842271293,0.350157728707
804.444,0.650943396226,0.349056603774
804.019,0.648902821317,0.351097178683
812.212,0.646875,0.353125
812.712,0.647058823529,0.352941176471
812.885,0.647058823529,0.352941176471
809.656,0.647058823529,0.352941176471
812.959,0.645061728395,0.354938271605
814.482,0.646153846154,0.353846153846
813.32,0.644171779141,0.355828220859
813.853,0.646341463415,0.353658536585
813.285,0.646341463415,0.353658536585
813.867,0.647416413374,0.352583586626
814.981,0.648484848485,0.351515151515
813.116,0.644578313253,0.355421686747
817.873,0.644578313253,0.355421686747
814.925,0.642642642643,0.357357357357
813.321,0.640718562874,0.359281437126
813.722,0.638805970149,0.361194029851
819.072,0.637982195846,0.362017804154
818.929,0.637982195846,0.362017804154
834.435,0.636094674556,0.363905325444
837.394,0.637168141593,0.362831858407
833.53,0.633431085044,0.366568914956
835.05,0.633431085044,0.366568914956
838.492,0.634502923977,0.365497076023
839.438,0.632653061224,0.367346938776
844.557,0.630813953488,0.369186046512
848.373,0.628985507246,0.371014492754
852.756,0.627167630058,0.372832369942
848.61,0.628242074928,0.371757925072
852.448,0.629310344828,0.370689655172
854.101,0.630372492837,0.369627507163
867.574,0.631428571429,0.368571428571
868.358,0.62962962963,0.37037037037
869.392,0.631728045326,0.368271954674
869.2,0.632768361582,0.367231638418
868.422,0.632768361582,0.367231638418
872.734,0.630985915493,0.369014084507
869.319,0.629213483146,0.370786516854
869.273,0.63025210084,0.36974789916
874.452,0.631284916201,0.368715083799
874.018,0.632311977716,0.367688022284
879.776,0.634349030471,0.365650969529
879.179,0.634349030471,0.365650969529
887.696,0.635359116022,0.364640883978
892.71,0.636363636364,0.363636363636
897.774,0.632876712329,0.367123287671
897.928,0.632876712329,0.367123287671
893.609,0.629427792916,0.370572207084
893.511,0.629427792916,0.370572207084
894.404,0.627717391304,0.372282608696
894.449,0.628726287263,0.371273712737
909.018,0.62972972973,0.37027027027
908.03,0.628032345013,0.371967654987
909.381,0.629032258065,0.370967741935
908.044,0.627345844504,0.372654155496
904.51,0.628342245989,0.371657754011
906.522,0.629333333333,0.370666666667
903.535,0.630319148936,0.369680851064
902.803,0.628647214854,0.371352785146
903.681,0.626984126984,0.373015873016
899.467,0.627968337731,0.372031662269
917.947,0.626315789474,0.373684210526
905.688,0.62467191601,0.37532808399
914.768,0.624020887728,0.375979112272
912.934,0.624020887728,0.375979112272
908.547,0.625,0.375
900.014,0.625974025974,0.374025974026
915.388,0.625322997416,0.374677002584
904.128,0.625322997416,0.374677002584
899.873,0.623711340206,0.376288659794
904.541,0.622107969152,0.377892030848
905.968,0.623076923077,0.376923076923
926.766,0.621483375959,0.378516624041
928.984,0.622448979592,0.377551020408
943.656,0.619289340102,0.380710659898
934.588,0.617721518987,0.382278481013
943.494,0.617721518987,0.382278481013
948.782,0.618686868687,0.381313131313
958.036,0.617128463476,0.382871536524
967.94,0.615577889447,0.384422110553
968.882,0.616541353383,0.383458646617
969.218,0.6175,0.3825
969.145,0.615960099751,0.384039900249
968.533,0.614427860697,0.385572139303
969.696,0.615384615385,0.384615384615
973.342,0.616336633663,0.383663366337
973.715,0.617283950617,0.382716049383
977.392,0.618226600985,0.381773399015
982.406,0.616707616708,0.383292383292
983.717,0.615196078431,0.384803921569
994.917,0.616136919315,0.383863080685
1012.723,0.61800486618,0.38199513382
1012.435,0.61800486618,0.38199513382
1012.88,0.618932038835,0.381067961165
1012.638,0.61985472155,0.38014527845
1012.769,0.62077294686,0.37922705314
1013.485,0.622596153846,0.377403846154
1013.733,0.622596153846,0.377403846154
1013.108,0.624401913876,0.375598086124
1013.812,0.624401913876,0.375598086124
1013.333,0.625298329356,0.374701670644
1017.889,0.627078384798,0.372921615202
1013.339,0.627078384798,0.372921615202
1027.082,0.625592417062,0.374407582938
1028.895,0.626477541371,0.373522458629
1028.476,0.625882352941,0.374117647059
1029.89,0.625882352941,0.374117647059
1033.221,0.62676056338,0.37323943662
1034.724,0.628504672897,0.371495327103
1033.358,0.628504672897,0.371495327103
1042.765,0.63023255814,0.36976744186
1042.263,0.63023255814,0.36976744186
1064.69,0.631090487239,0.368909512761
1043.768,0.632794457275,0.367205542725
1063.178,0.632794457275,0.367205542725
1067.698,0.633640552995,0.366359447005
1067.918,0.634482758621,0.365517241379
1062.708,0.633027522936,0.366972477064
1068.572,0.630136986301,0.369863013699
1076.804,0.630136986301,0.369863013699
1082.91,0.631818181818,0.368181818182
1076.734,0.631818181818,0.368181818182
1087.282,0.630385487528,0.369614512472
1092.502,0.627539503386,0.372460496614
1089.705,0.627539503386,0.372460496614
1090.978,0.628378378378,0.371621621622
1093.758,0.626966292135,0.373033707865
1097.718,0.624161073826,0.375838926174
1093.365,0.624161073826,0.375838926174
1099.156,0.62583518931,0.37416481069
1098.685,0.62583518931,0.37416481069
1101.374,0.626666666667,0.373333333333
1101.077,0.627494456763,0.372505543237
1098.523,0.628318584071,0.371681415929
1103.692,0.629955947137,0.370044052863
1104.875,0.629955947137,0.370044052863
1107.716,0.628571428571,0.371428571429
1104.311,0.629385964912,0.370614035088
1103.842,0.631004366812,0.368995633188
1103.666,0.631004366812,0.368995633188
1103.481,0.62962962963,0.37037037037
1107.795,0.628260869565,0.371739130435
1107.504,0.629067245119,0.370932754881
1103.481,0.627705627706,0.372294372294
1107.915,0.626349892009,0.373650107991
1109.421,0.625806451613,0.374193548387
1109.706,0.625806451613,0.374193548387
1109.848,0.624463519313,0.375536480687
1109.554,0.625267665953,0.374732334047
1121.467,0.626865671642,0.373134328358
1122.9,0.626865671642,0.373134328358
1127.711,0.625531914894,0.374468085106
1124.56,0.624203821656,0.375796178344
1128.309,0.626582278481,0.373417721519
1128.921,0.626582278481,0.373417721519
1128.601,0.626582278481,0.373417721519
1129.442,0.625263157895,0.374736842105
1153.674,0.625523012552,0.374476987448
1152.99,0.624217118998,0.375782881002
1153.854,0.624217118998,0.375782881002
1153.375,0.624217118998,0.375782881002
1155.703,0.625,0.375
1174.826,0.62577962578,0.37422037422
1174.153,0.624481327801,0.375518672199
1177.988,0.623188405797,0.376811594203
1183.286,0.623966942149,0.376033057851
1192.527,0.622680412371,0.377319587629
1188.643,0.621399176955,0.378600823045
1199.375,0.622950819672,0.377049180328
1199.479,0.622950819672,0.377049180328
1198.798,0.624489795918,0.375510204082
1197.641,0.624489795918,0.375510204082
1199.427,0.625254582485,0.374745417515
1194.142,0.624746450304,0.375253549696
1194.921,0.624746450304,0.375253549696
1193.999,0.625506072874,0.374493927126
1194.607,0.627016129032,0.372983870968
1193.466,0.627016129032,0.372983870968
1193.641,0.627766599598,0.372233400402
1198.55,0.628514056225,0.371485943775
1199.403,0.629258517034,0.370741482966
1194.41,0.63,0.37
1203.957,0.629482071713,0.370517928287
1203.361,0.629482071713,0.370517928287
1209.687,0.630952380952,0.369047619048
1217.612,0.630952380952,0.369047619048
1216.378,0.631683168317,0.368316831683
1212.515,0.632411067194,0.367588932806
1208.955,0.633136094675,0.366863905325
1216.103,0.633858267717,0.366141732283
1219.821,0.635294117647,0.364705882353
1219.642,0.635294117647,0.364705882353
1221.585,0.636007827789,0.363992172211
1219.643,0.63671875,0.36328125
1218.366,0.637426900585,0.362573099415
1218.909,0.63813229572,0.36186770428
1224.362,0.638834951456,0.361165048544
1224.604,0.639534883721,0.360465116279
1224.74,0.640926640927,0.359073359073
1224.013,0.640926640927,0.359073359073
1224.122,0.64161849711,0.35838150289
1237.852,0.642307692308,0.357692307692
1240.103,0.64367816092,0.35632183908
1242.829,0.64367816092,0.35632183908
1247.62,0.645038167939,0.354961832061
1245.106,0.645038167939,0.354961832061
1257.078,0.647058823529,0.352941176471
1250.225,0.647058823529,0.352941176471
1254.695,0.647058823529,0.352941176471
1249.435,0.647727272727,0.352272727273
1251.477,0.648393194707,0.351606805293
1268.392,0.649056603774,0.350943396226
1273.16,0.65037593985,0.34962406015
1273.781,0.65037593985,0.34962406015
1277.056,0.651031894934,0.348968105066
1278.99,0.651685393258,0.348314606742
1293.01,0.652985074627,0.347014925373
1292.923,0.652985074627,0.347014925373
1293.56,0.653631284916,0.346368715084
1293.456,0.654916512059,0.345083487941
1302.59,0.654916512059,0.345083487941
1302.674,0.655555555556,0.344444444444
1295.938,0.656192236599,0.343807763401
1294.481,0.656826568266,0.343173431734
1296.074,0.657458563536,0.342541436464
1299.617,0.658088235294,0.341911764706
1294.57,0.65871559633,0.34128440367
1297.931,0.659340659341,0.340659340659
1294.856,0.659963436929,0.340036563071
1295.966,0.661202185792,0.338797814208
1297.833,0.661202185792,0.338797814208
1294.383,0.661818181818,0.338181818182
1294.274,0.662431941924,0.337568058076
1293.939,0.663652802893,0.336347197107
1294.355,0.663652802893,0.336347197107
1304.123,0.664259927798,0.335740072202
1303.397,0.664864864865,0.335135135135
1303.561,0.664272890485,0.335727109515
1303.878,0.664272890485,0.335727109515
1308.048,0.663082437276,0.336917562724
1307.647,0.661896243292,0.338103756708
1306.533,0.660714285714,0.339285714286
1307.535,0.659536541889,0.340463458111
1308.342,0.658362989324,0.341637010676
1309.937,0.657193605684,0.342806394316
1310.003,0.656028368794,0.343971631206
1310.805,0.654867256637,0.345132743363
1310.209,0.654320987654,0.345679012346
1308.379,0.654320987654,0.345679012346
1309.796,0.653169014085,0.346830985915
1308.343,0.652021089631,0.347978910369
1309.882,0.652631578947,0.347368421053
1308.838,0.651488616462,0.348511383538
1317.678,0.652097902098,0.347902097902
1313.84,0.652705061082,0.347294938918
1313.854,0.65331010453,0.34668989547
1321.009,0.653913043478,0.346086956522
1318.34,0.654513888889,0.345486111111
1319.691,0.655112651646,0.344887348354
1320.052,0.655709342561,0.344290657439
1322.861,0.656303972366,0.343696027634
1323.515,0.656896551724,0.343103448276
1327.821,0.657487091222,0.342512908778
1323.897,0.656357388316,0.343642611684
1332.824,0.655821917808,0.344178082192
1333.581,0.655821917808,0.344178082192
1331.979,0.65641025641,0.34358974359
1328.327,0.656996587031,0.343003412969
1339.801,0.658163265306,0.341836734694
1342.855,0.658163265306,0.341836734694
1343.309,0.658743633277,0.341256366723
1343.544,0.659898477157,0.340101522843
1346.082,0.659898477157,0.340101522843
1348.325,0.660472972973,0.339527027027
1349.978,0.661616161616,0.338383838384
1349.444,0.661616161616,0.338383838384
1358.041,0.660504201681,0.339495798319
1367.958,0.661073825503,0.338926174497
1363.846,0.661641541039,0.338358458961
1368.54,0.66220735786,0.33779264214
1368.505,0.662771285476,0.337228714524
1373.433,0.663333333333,0.336666666667
1374.668,0.662790697674,0.337209302326
1373.767,0.662790697674,0.337209302326
1374.98,0.661691542289,0.338308457711
1378.996,0.66059602649,0.33940397351
1378.581,0.659504132231,0.340495867769
1387.806,0.658415841584,0.341584158416
1388.339,0.657331136738,0.342668863262
1394.614,0.657894736842,0.342105263158
1394.51,0.655737704918,0.344262295082
1394.046,0.655737704918,0.344262295082
1397.926,0.654664484452,0.345335515548
1397.868,0.65522875817,0.34477124183
1398.713,0.654723127036,0.345276872964
1412.862,0.654723127036,0.345276872964
1398.615,0.655284552846,0.344715447154
1399.644,0.655844155844,0.344155844156
1407.845,0.655339805825,0.344660194175
1398.735,0.655339805825,0.344660194175
1398.359,0.655896607431,0.344103392569
1398.299,0.654838709677,0.345161290323
1401.053,0.655948553055,0.344051446945
1398.254,0.655948553055,0.344051446945
1402.955,0.656500802568,0.343499197432
1398.833,0.657051282051,0.342948717949
1398.804,0.658692185008,0.341307814992
1408.647,0.658692185008,0.341307814992
1407.859,0.658692185008,0.341307814992
1398.331,0.65923566879,0.34076433121
1399.203,0.659777424483,0.340222575517
1398.316,0.660317460317,0.339682539683
1407.667,0.660855784469,0.339144215531
1399.285,0.661392405063,0.338607594937
1412.97,0.661927330174,0.338072669826
1398.585,0.662460567823,0.337539432177
1413.317,0.662992125984,0.337007874016
1413.679,0.663522012579,0.336477987421
1414.312,0.664576802508,0.335423197492
1414.561,0.664576802508,0.335423197492
1413.173,0.663536776213,0.336463223787
1432.482,0.6625,0.3375
1429.305,0.661466458658,0.338533541342
1429.63,0.660436137072,0.339563862928
1429.182,0.660964230171,0.339035769829
1434.53,0.66149068323,0.33850931677
1433.743,0.660990712074,0.339009287926
1434.512,0.660990712074,0.339009287926
1443.98,0.66049382716,0.33950617284
1444.131,0.66049382716,0.33950617284
1439.53,0.661016949153,0.338983050847
1459.061,0.661538461538,0.338461538462
1457.851,0.661042944785,0.338957055215
1443.473,0.661042944785,0.338957055215
1438.309,0.66156202144,0.33843797856
1439.268,0.660550458716,0.339449541284
1464.624,0.658536585366,0.341463414634
1464.229,0.658536585366,0.341463414634
1468.303,0.657534246575,0.342465753425
1469.517,0.656534954407,0.343465045593
1468.308,0.657056145675,0.342943854325
1474.522,0.657575757576,0.342424242424
1481.62,0.658093797277,0.341906202723
1483.385,0.658610271903,0.341389728097
1483.726,0.659125188537,0.340874811463
1492.682,0.659638554217,0.340361445783
1497.703,0.66015037594,0.33984962406
1496.027,0.659670164918,0.340329835082
1497.46,0.659670164918,0.340329835082
1497.474,0.660179640719,0.339820359281
1497.732,0.660687593423,0.339312406577
1498.305,0.661194029851,0.338805970149
1499.402,0.662704309064,0.337295690936
1499.752,0.662704309064,0.337295690936
1498.977,0.662704309064,0.337295690936
1499.171,0.663204747774,0.336795252226
1499.359,0.663703703704,0.336296296296
1499.23,0.664697193501,0.335302806499
1498.858,0.664697193501,0.335302806499
1498.765,0.663716814159,0.336283185841
1499.639,0.664705882353,0.335294117647
1499.353,0.664705882353,0.335294117647
1499.27,0.665198237885,0.334801762115
1500.646,0.66568914956,0.33431085044
1499.005,0.666178623719,0.333821376281
1499.172,0.667153284672,0.332846715328
1498.508,0.667153284672,0.332846715328
1498.312,0.667638483965,0.332361516035
1498.756,0.668122270742,0.331877729258
1503.668,0.668604651163,0.331395348837
1513.311,0.669565217391,0.330434782609
1514.99,0.669565217391,0.330434782609
1518.871,0.669075144509,0.330924855491
1509.431,0.669075144509,0.330924855491
1516.508,0.669552669553,0.330447330447
1519.058,0.670028818444,0.329971181556
1519.532,0.670503597122,0.329496402878
1518.361,0.670977011494,0.329022988506
1513.39,0.671449067432,0.328550932568
1509.431,0.671919770774,0.328080229226
1513.408,0.672389127325,0.327610872675
1523.414,0.67332382311,0.32667617689
1524.63,0.673789173789,0.326210826211
1524.498,0.673789173789,0.326210826211
1532.339,0.674253200569,0.325746799431
1533.306,0.675177304965,0.324822695035
1537.221,0.675177304965,0.324822695035
1552.718,0.675637393768,0.324362606232
1553.491,0.67468175389,0.32531824611
1554.147,0.673728813559,0.326271186441
1554.498,0.672778561354,0.327221438646
1554.374,0.671830985915,0.328169014085
1558.177,0.67229254571,0.32770745429
1560.622,0.671809256662,0.328190743338
1560.176,0.671809256662,0.328190743338
1563.79,0.672268907563,0.327731092437
1573.034,0.671787709497,0.328212290503
1568.945,0.671787709497,0.328212290503
1574.481,0.672245467225,0.327754532775
1579.193,0.670375521558,0.329624478442
1579.821,0.670375521558,0.329624478442
1583.523,0.671289875173,0.328710124827
1583.859,0.671289875173,0.328710124827
1583.537,0.670360110803,0.329639889197
1588.069,0.67081604426,0.32918395574
1583.938,0.671270718232,0.328729281768
1583.888,0.671724137931,0.328275862069
1592.965,0.671251719395,0.328748280605
1588.535,0.671251719395,0.328748280605
1589.818,0.671703296703,0.328296703297
1592.689,0.672153635117,0.327846364883
1592.72,0.672602739726,0.327397260274
1592.863,0.673050615595,0.326949384405
1589.082,0.67349726776,0.32650273224
1592.73,0.673942701228,0.326057298772
1597.343,0.673469387755,0.326530612245
1593.446,0.673469387755,0.326530612245
1594.66,0.674355495251,0.325644504749
1594.543,0.674355495251,0.325644504749
1593.769,0.675236806495,0.324763193505
1593.806,0.675236806495,0.324763193505
1596.42,0.674324324324,0.325675675676
1594.683,0.674763832659,0.325236167341
1593.749,0.675202156334,0.324797843666
1593.084,0.675639300135,0.324360699865
1594.427,0.676075268817,0.323924731183
1600.722,0.676510067114,0.323489932886
1608.579,0.677376171352,0.322623828648
1612.858,0.677376171352,0.322623828648
1612.7,0.677807486631,0.322192513369
1613.99,0.6782376502,0.3217623498
1614.651,0.679094540613,0.320905459387
1617.99,0.679094540613,0.320905459387
1617.879,0.679521276596,0.320478723404
1614.558,0.67994687915,0.32005312085
1618.27,0.680794701987,0.319205298013
1618.579,0.681216931217,0.318783068783
1619.425,0.681216931217,0.318783068783
1618.325,0.681638044914,0.318361955086
1618.969,0.682058047493,0.317941952507
1619.431,0.682476943347,0.317523056653
1624.475,0.683311432326,0.316688567674
1623.354,0.683311432326,0.316688567674
1623.522,0.683727034121,0.316272965879
1642.414,0.684141546527,0.315858453473
1653.557,0.684554973822,0.315445026178
1656.396,0.684967320261,0.315032679739
1657.773,0.685378590078,0.314621409922
1663.585,0.685788787484,0.314211212516
1668.562,0.686197916667,0.313802083333
1679.542,0.686605981795,0.313394018205
1679.247,0.687418936446,0.312581063554
1682.879,0.687418936446,0.312581063554
1678.802,0.687823834197,0.312176165803
1682.478,0.688227684347,0.311772315653
1682.426,0.689032258065,0.310967741935
1678.967,0.689032258065,0.310967741935
1679.571,0.689432989691,0.310567010309
1687.732,0.690629011553,0.309370988447
1683.217,0.690629011553,0.309370988447
1684.756,0.690629011553,0.309370988447
1683.689,0.691025641026,0.308974358974
1687.752,0.691421254802,0.308578745198
1687.789,0.691815856777,0.308184143223
1684.675,0.69220945083,0.30779054917
1688.933,0.692993630573,0.307006369427
1688.3,0.692993630573,0.307006369427
1688.279,0.69250317662,0.30749682338
1688.165,0.69250317662,0.30749682338
1688.612,0.692893401015,0.307106598985
1691.074,0.693282636248,0.306717363752
1693.329,0.692405063291,0.307594936709
1707.71,0.691529709229,0.308470290771
1703.644,0.690656565657,0.309343434343
1704.323,0.688916876574,0.311083123426
1703.948,0.688916876574,0.311083123426
1708.294,0.688050314465,0.311949685535
1709.546,0.68671679198,0.31328320802
1712.689,0.68671679198,0.31328320802
1708.291,0.68671679198,0.31328320802
1708.665,0.685857321652,0.314142678348
1708.541,0.685,0.315
1711.08,0.684144818976,0.315855181024
1712.935,0.684538653367,0.315461346633
1714.789,0.682835820896,0.317164179104
1714.418,0.682835820896,0.317164179104
1715.624,0.683229813665,0.316770186335
1715.861,0.682382133995,0.317617866005
1715.216,0.682775712515,0.317224287485
1714.8,0.681930693069,0.318069306931
1714.546,0.682323856613,0.317676143387
1713.858,0.682716049383,0.317283950617
1713.506,0.683107274969,0.316892725031
1714.79,0.683497536946,0.316502463054
1714.831,0.683886838868,0.316113161132
1713.896,0.683435582822,0.316564417178
1713.46,0.683435582822,0.316564417178
1716.078,0.682598039216,0.317401960784
1718.556,0.6817625459,0.3182374541
1719.226,0.682151589242,0.317848410758
1719.058,0.681318681319,0.318681318681
1718.272,0.680487804878,0.319512195122
1729.565,0.679658952497,0.320341047503
1733.46,0.678832116788,0.321167883212
1738.419,0.67922235723,0.32077764277
1754.474,0.678398058252,0.321601941748
1753.386,0.677575757576,0.322424242424
1753.676,0.677966101695,0.322033898305
1759.669,0.678355501814,0.321644498186
1763.534,0.677925211098,0.322074788902
1764.783,0.677925211098,0.322074788902
1772.687,0.677108433735,0.322891566265
1777.838,0.677884615385,0.322115384615
1773.278,0.677884615385,0.322115384615
1773.783,0.678271308523,0.321728691477
1775.094,0.678657074341,0.321342925659
1773.982,0.679041916168,0.320958083832
1773.524,0.678229665072,0.321770334928
1773.472,0.678614097969,0.321385902031
1773.307,0.678997613365,0.321002386635
1778.315,0.680142687277,0.319857312723
1778.356,0.680142687277,0.319857312723
1780.264,0.680142687277,0.319857312723
1780.571,0.680522565321,0.319477434679
1779.372,0.68009478673,0.31990521327
1780.614,0.68009478673,0.31990521327
1779.362,0.68085106383,0.31914893617
1778.721,0.68085106383,0.31914893617
1780.69,0.681603773585,0.318396226415
1778.677,0.681603773585,0.318396226415
1778.701,0.681978798587,0.318021201413
1784.373,0.683098591549,0.316901408451
1783.301,0.683098591549,0.316901408451
1783.64,0.68347010551,0.31652989449
1784.891,0.68347010551,0.31652989449
1793.934,0.683840749415,0.316159250585
1793.756,0.684579439252,0.315420560748
1797.768,0.684579439252,0.315420560748
1799.794,0.684947491249,0.315052508751
1798.69,0.685314685315,0.314685314685
1805.057,0.686411149826,0.313588850174
1806.334,0.686411149826,0.313588850174
1807.863,0.686411149826,0.313588850174
1803.521,0.686774941995,0.313225058005
1804.746,0.687137891078,0.312862108922
1807.719,0.6875,0.3125
1804.178,0.687861271676,0.312138728324
1809.671,0.688581314879,0.311418685121
1809.726,0.688581314879,0.311418685121
1808.353,0.688940092166,0.311059907834
1809.727,0.689298043728,0.310701956272
1808.708,0.688505747126,0.311494252874
1808.356,0.687715269805,0.312284730195
1818.355,0.686926605505,0.313073394495
1820.64,0.686139747995,0.313860252005
1834.973,0.684571428571,0.315428571429
1834.515,0.684571428571,0.315428571429
1834.914,0.683789954338,0.316210045662
1838.432,0.682232346241,0.317767653759
1840.107,0.682232346241,0.317767653759
1844.936,0.680681818182,0.319318181818
1844.431,0.680681818182,0.319318181818
1850.849,0.680272108844,0.319727891156
1848.602,0.680272108844,0.319727891156
1853.468,0.679501698754,0.320498301246
1862.423,0.678733031674,0.321266968326
1862.838,0.677966101695,0.322033898305
1862.887,0.677200902935,0.322799097065
1862.173,0.676437429538,0.323562570462
1864.572,0.675675675676,0.324324324324
1863.457,0.674915635546,0.325084364454
1864.269,0.674157303371,0.325842696629
1868.005,0.673400673401,0.326599326599
1864.601,0.673766816143,0.326233183857
1872.403,0.673378076063,0.326621923937
1868.162,0.673378076063,0.326621923937
1872.395,0.672625698324,0.327374301676
1871.43,0.672991071429,0.327008928571
1868.505,0.672240802676,0.327759197324
1869.604,0.672605790646,0.327394209354
1869.897,0.67296996663,0.32703003337
1869.476,0.673333333333,0.326666666667
1870.629,0.673695893452,0.326304106548
1877.296,0.674057649667,0.325942350333
1874.45,0.674418604651,0.325581395349
1874.625,0.675138121547,0.324861878453
1876.464,0.675138121547,0.324861878453
1874.384,0.675496688742,0.324503311258
1876.072,0.676957001103,0.32414553473
1876.071,0.676211453744,0.323788546256
1874.078,0.676567656766,0.323432343234
1884.517,0.675082327113,0.324917672887
1883.857,0.675082327113,0.324917672887
1883.924,0.675438596491,0.324561403509
1892.878,0.676148796499,0.323851203501
1892.373,0.676148796499,0.323851203501
1897.478,0.676855895197,0.323144104803
1897.909,0.676855895197,0.323144104803
1898.278,0.677559912854,0.322440087146
1898.375,0.677559912854,0.322440087146
1901.24,0.677910772579,0.322089227421
1902.929,0.678260869565,0.321739130435
1899.617,0.678610206298,0.321389793702
1898.346,0.678958785249,0.321041214751
1898.714,0.679306608884,0.320693391116
1903.478,0.679653679654,0.320346320346
1903.376,0.678918918919,0.321081081081
1904.715,0.679611650485,0.320388349515
1903.208,0.679611650485,0.320388349515
1923.493,0.679956896552,0.320043103448
1966.403,0.680988184748,0.319011815252
1963.284,0.680988184748,0.319011815252
1943.648,0.680988184748,0.319011815252
1963.26,0.68025751073,0.31974248927
1962.801,0.678800856531,0.321199143469
1963.34,0.678800856531,0.321199143469
1959.29,0.67807486631,0.32192513369
1958.293,0.67735042735,0.32264957265
1963.557,0.677694770544,0.322305229456
1965.389,0.67697228145,0.32302771855
1959.782,0.676251331203,0.323748668797
1960.727,0.676595744681,0.323404255319
1958.408,0.675876726886,0.324123273114
1968.311,0.676220806794,0.323779193206
1968.531,0.676564156946,0.323435843054
1968.361,0.677248677249,0.322751322751
1968.294,0.677248677249,0.322751322751
1968.465,0.677589852008,0.322410147992
1968.299,0.67793030623,0.32206969377
1968.298,0.678270042194,0.321729957806
1969.671,0.677555321391,0.322444678609
1973.589,0.676842105263,0.323157894737
1979.607,0.677181913775,0.322818086225
1983.664,0.676470588235,0.323529411765
1984.861,0.676810073452,0.323189926548
1983.553,0.676439790576,0.323560209424
1984.443,0.676439790576,0.323560209424
1988.524,0.676778242678,0.323221757322
1992.922,0.676409185804,0.323590814196
1989.012,0.676409185804,0.323590814196
1989.487,0.675703858186,0.324296141814
1992.697,0.675,0.325
1994.499,0.67429760666,0.32570239334
1998.054,0.673596673597,0.326403326403
1994.525,0.673236514523,0.326763485477
1994.181,0.673236514523,0.326763485477
1993.715,0.672538860104,0.327461139896
1993.353,0.672877846791,0.327122153209
2001.623,0.672182006205,0.327817993795
1998.248,0.672520661157,0.327479338843
1998.365,0.673195876289,0.326804123711
1998.748,0.673195876289,0.326804123711
2000.562,0.673532440783,0.326467559217
2028.801,0.673868312757,0.326131687243
2059.403,0.673511293634,0.326488706366
2058.988,0.673511293634,0.326488706366
2059.088,0.672820512821,0.327179487179
2059.778,0.673155737705,0.326844262295
2059.825,0.673824130879,0.326175869121
2059.655,0.673824130879,0.326175869121
2058.444,0.674157303371,0.325842696629
2059.173,0.673469387755,0.326530612245
2058.203,0.67380224261,0.32619775739
2064.003,0.674134419552,0.325865580448
2064.002,0.673448626653,0.326551373347
2064.686,0.673780487805,0.326219512195
2072.884,0.674111675127,0.325888324873
2068.307,0.674442190669,0.325557809331
2073.958,0.674772036474,0.325227963526
2078.678,0.673407482305,0.326592517695
2079.321,0.673407482305,0.326592517695
2083.409,0.672727272727,0.327272727273
2084.647,0.672048435923,0.327951564077
2087.803,0.671370967742,0.328629032258
2088.588,0.670020120724,0.329979879276
2089.162,0.669346733668,0.330653266332
2091.421,0.669346733668,0.330653266332
2109.954,0.669007021063,0.330992978937
2114.741,0.669007021063,0.330992978937
2113.305,0.668336673347,0.331663326653
2100.796,0.667667667668,0.332332332332
2108.785,0.668,0.332
2094.726,0.668331668332,0.331668331668
2114.851,0.668662674651,0.331337325349
2115.758,0.668993020937,0.331006979063
2114.975,0.668326693227,0.331673306773
2110.27,0.668656716418,0.331343283582
2117.329,0.668986083499,0.331013916501
2120.013,0.669642857143,0.330357142857
2120.073,0.669642857143,0.330357142857
2122.78,0.668979187314,0.331020812686
2120.084,0.668316831683,0.331683168317
2118.284,0.666996047431,0.333003952569
2121.313,0.666996047431,0.333003952569
2119.055,0.667324777887,0.332675222113
2119.384,0.667652859961,0.332347140039
2125.003,0.667980295567,0.332019704433
2125.638,0.668633235005,0.331366764995
2126.556,0.668633235005,0.331366764995
2134.187,0.668958742633,0.331041257367
2139.41,0.669283611384,0.330716388616
2148.463,0.669931439765,0.330068560235
2149.829,0.669931439765,0.330068560235
2148.51,0.670576735093,0.329423264907
2148.34,0.670576735093,0.329423264907
2149.323,0.6708984375,0.3291015625
2154.844,0.670243902439,0.330731707317
2155.557,0.669590643275,0.330409356725
2153.371,0.66893865628,0.33106134372
2162.253,0.668287937743,0.331712062257
2158.742,0.668610301263,0.331389698737
2159.418,0.667961165049,0.332038834951
2159.601,0.66731328807,0.33268671193
2164.541,0.667635658915,0.332364341085
2169.844,0.666989351404,0.333010648596
2179.474,0.666666666667,0.333333333333
2178.282,0.666666666667,0.333333333333
2188.898,0.666023166023,0.333976833977
2202.962,0.66570327553,0.33429672447
2202.602,0.66570327553,0.33429672447
2203.426,0.665384615385,0.334615384615
2207.971,0.665384615385,0.334615384615
2203.388,0.666026871401,0.333973128599
2206.031,0.666026871401,0.333973128599
2206.468,0.665388302972,0.334611697028
2203.491,0.665708812261,0.334291187739
2209.431,0.666028708134,0.333971291866
2208.517,0.666666666667,0.333333333333
2209.638,0.666666666667,0.333333333333
2213.158,0.666348903718,0.333651096282
2213.383,0.666348903718,0.333651096282
2213.181,0.666032350143,0.333967649857
2215.03,0.666032350143,0.333967649857
2213.274,0.666349809886,0.333650190114
2224.665,0.666666666667,0.333333333333
2223.702,0.666982922201,0.333017077799
2228.924,0.667613636364,0.332386363636
2228.998,0.667613636364,0.332386363636
2237.989,0.667928098392,0.332071901608
2239.595,0.668555240793,0.331444759207
2239.728,0.668555240793,0.331444759207
2239.716,0.668237511781,0.331762488219
2238.347,0.668237511781,0.331762488219
2244.1,0.668549905838,0.331450094162
2238.112,0.668861712135,0.331138287865
2238.159,0.669172932331,0.330827067669
2239.515,0.669483568075,0.330516431925
2246.429,0.669793621013,0.330206378987
2249.558,0.669475655431,0.330524344569
2249.497,0.669475655431,0.330524344569
2249.644,0.66978484565,0.33021515435
2256.084,0.670093457944,0.329906542056
2258.277,0.670401493931,0.329598506069
2258.27,0.670708955224,0.329291044776
2267.209,0.671322160149,0.328677839851
2267.823,0.671322160149,0.328677839851
2267.573,0.671627906977,0.328372093023
2269.856,0.671309192201,0.328690807799
2277.795,0.671309192201,0.328690807799
2273.655,0.670064874884,0.329935125116
2273.498,0.670064874884,0.329935125116
2268.905,0.670055452865,0.329944547135
2274.952,0.670055452865,0.329944547135
2268.433,0.670055452865,0.329944547135
2269.937,0.669436749769,0.330563250231
2274.378,0.669741697417,0.330258302583
2289.73,0.670046082949,0.329953917051
2288.479,0.66881324747,0.33118675253
2293.064,0.66881324747,0.33118675253
2297.964,0.668198529412,0.331801470588
2299.712,0.66819431714,0.33180568286
2298.339,0.66819431714,0.33180568286
2298.757,0.66819431714,0.33180568286
2304.738,0.668498168498,0.331501831502
2309.08,0.667886550778,0.332113449222
2308.178,0.668190127971,0.331809872029
2308.525,0.667579908676,0.332420091324
2303.512,0.66697080292,0.33302919708
2308.686,0.667274384686,0.332725615314
2303.374,0.667577413479,0.332422586521
2322.718,0.66787989081,0.33212010919
2320.967,0.667272727273,0.332727272727
2319.385,0.66757493188,0.33242506812
2323.56,0.668177697189,0.331822302811
2323.488,0.668177697189,0.331822302811
2337.735,0.66847826087,0.33152173913
2338.011,0.668778280543,0.331221719457
2340.53,0.669077757685,0.330922242315
2338.77,0.669376693767,0.330623306233
2339.578,0.669972948602,0.330027051398
2339.513,0.669972948602,0.330027051398
2338.611,0.67027027027,0.32972972973
2338.577,0.670567056706,0.329432943294
2338.31,0.670863309353,0.329136690647
2338.269,0.67115902965,0.32884097035
2344.118,0.671454219031,0.328545780969
2349.571,0.672043010753,0.327956989247
2348.61,0.672043010753,0.327956989247
2354.036,0.672336615936,0.327663384064
2353.675,0.672922252011,0.327077747989
2354.084,0.672922252011,0.327077747989
2362.94,0.673214285714,0.326785714286
2363.786,0.673505798394,0.326494201606
2363.21,0.674087266251,0.325912733749
2364.965,0.674087266251,0.325912733749
2364.584,0.674377224199,0.325622775801
2369.471,0.674666666667,0.325333333333
2369.292,0.674955595027,0.325044404973
2368.518,0.675531914894,0.324468085106
2369.787,0.675531914894,0.324468085106
2368.396,0.675819309123,0.324180690877
2371.836,0.67610619469,0.32389380531
2368.459,0.676392572944,0.323607427056
2379.578,0.67667844523,0.32332155477
2377.911,0.676963812886,0.323036187114
2374.788,0.677248677249,0.322751322751
2388.397,0.677533039648,0.322466960352
2389.503,0.678100263852,0.321899736148
2389.974,0.678100263852,0.321899736148
2389.5,0.678383128295,0.321616871705
2393.656,0.678665496049,0.321334503951
2395.155,0.678947368421,0.321052631579
2399.783,0.679228746713,0.320771253287
2400.453,0.679509632224,0.320490367776
2398.338,0.68006993007,0.31993006993
2400.025,0.68006993007,0.31993006993
2398.729,0.680349344978,0.319650655022
2398.292,0.680628272251,0.319371727749
2403.547,0.68118466899,0.31881533101
2404.357,0.68118466899,0.31881533101
2404.537,0.681462140992,0.318537859008
2407.655,0.680869565217,0.319130434783
2408.874,0.681423611111,0.318576388889
2408.518,0.681423611111,0.318576388889
2414.717,0.68169991327,0.31830008673
2414.367,0.681975736568,0.318024263432
2423.764,0.680795847751,0.319204152249
2423.891,0.680795847751,0.319204152249
2431.389,0.680207433016,0.319792566984
2434.959,0.679620034542,0.320379965458
2428.397,0.680172413793,0.319827586207
2429.525,0.680172413793,0.319827586207
2429.392,0.67900172117,0.32099827883
2428.349,0.67900172117,0.32099827883
2429.358,0.678417884781,0.321582115219
2429.604,0.678694158076,0.321305841924
2429.563,0.678111587983,0.321888412017
2438.342,0.678663239075,0.321336760925
2439.391,0.678663239075,0.321336760925
2443.965,0.678938356164,0.321061643836
2444.013,0.678632478632,0.321367521368
2444.058,0.678632478632,0.321367521368
2448.696,0.678906917165,0.321093082835
2454.357,0.679180887372,0.320819112628
2453.55,0.679727427598,0.320272572402
2453.564,0.679727427598,0.320272572402
2454.992,0.67914893617,0.32085106383
2458.284,0.678844519966,0.321155480034
2458.472,0.678844519966,0.321155480034
2459.565,0.678268251273,0.321731748727
2459.484,0.677692960136,0.322307039864
2458.167,0.677966101695,0.322033898305
2458.465,0.678510998308,0.321489001692
2459.753,0.678510998308,0.321489001692
2465.445,0.679324894515,0.320675105485
2464.616,0.679324894515,0.320675105485
2465.668,0.679324894515,0.320675105485
2470.582,0.679865206403,0.320134793597
2468.604,0.679865206403,0.320134793597
2468.349,0.680134680135,0.319865319865
2470.537,0.680403700589,0.319596299411
2480.879,0.68094038623,0.31905961377
2487.986,0.68094038623,0.31905961377
2480.849,0.681208053691,0.318791946309
2478.771,0.680637049455,0.319362950545
2487.987,0.680904522613,0.319095477387
2484.988,0.681171548117,0.318828451883
2484.989,0.68143812709,0.31856187291
2478.046,0.681704260652,0.318295739348
2482.411,0.681969949917,0.318030050083
2482.873,0.682235195997,0.317764804003
2488.211,0.6825,0.3175
2490.9,0.68302828619,0.31697171381
2488.111,0.68302828619,0.31697171381
2489.461,0.683291770574,0.316708229426
2489.472,0.683554817276,0.316445182724
2489.931,0.683817427386,0.316182572614
2494.83,0.68407960199,0.31592039801
2494.704,0.684602649007,0.315397350993
2494.898,0.684602649007,0.315397350993
2493.398,0.684863523573,0.315136476427
2496.624,0.685383980182,0.314616019818
2496.056,0.685383980182,0.314616019818
2493.421,0.685643564356,0.314356435644
2499.457,0.686161449753,0.313838550247
2499.812,0.686161449753,0.313838550247
2505.897,0.686419753086,0.313580246914
2504.559,0.686677631579,0.313322368421
2509.08,0.686935086278,0.313064913722
2522.973,0.687448728466,0.312551271534
2519.627,0.687448728466,0.312551271534
2522.754,0.687704918033,0.312295081967
2517.733,0.687960687961,0.312039312039
2523.261,0.687397708674,0.312602291326
2527.791,0.686274509804,0.313725490196
2524.886,0.686274509804,0.313725490196
2527.991,0.685714285714,0.314285714286
2523.411,0.68515497553,0.31484502447
2524.606,0.684039087948,0.315960912052
2527.243,0.684039087948,0.315960912052
2532.848,0.683482506103,0.316517493897
2531.09,0.682926829268,0.317073170732
2533.987,0.683184402924,0.316815597076
2539.439,0.683441558442,0.316558441558
2546.056,0.682333873582,0.317666126418
2544.721,0.682333873582,0.317666126418
2544.707,0.682591093117,0.317408906883
2549.578,0.682295877122,0.317704122878
2553.041,0.682295877122,0.317704122878
2557.998,0.682552504039,0.317447495961
2553.547,0.682808716707,0.317191283293
2553.353,0.683064516129,0.316935483871
2559.586,0.683024939662,0.316975060338
2559.025,0.683024939662,0.316975060338
2558.275,0.683024939662,0.316975060338
2558.369,0.68378812199,0.31621187801
2558.173,0.68378812199,0.31621187801
2559.961,0.68378812199,0.31621187801
2558.274,0.68404170008,0.31595829992
2561.396,0.684294871795,0.315705128205
2583.591,0.68345323741,0.31654676259
2578.545,0.68345323741,0.31654676259
2563.841,0.68345323741,0.31654676259
2578.456,0.682907348243,0.317092651757
2565.69,0.682362330407,0.317637669593
2587.997,0.681274900398,0.318725099602
2587.734,0.681274900398,0.318725099602
2578.772,0.68152866242,0.31847133758
2583.821,0.680986475736,0.319013524264
2564.885,0.680698967434,0.319301032566
2583.305,0.680698967434,0.319301032566
2577.893,0.680952380952,0.319047619048
2583.015,0.681205392546,0.318794607454
2567.488,0.680379746835,0.319620253165
2581.049,0.680379746835,0.319620253165
2586.119,0.680379746835,0.319620253165
2583.542,0.680347277032,0.319652722968
2578.473,0.680347277032,0.319652722968
2578.443,0.680347277032,0.319652722968
2578.776,0.680599369085,0.319400630915
2577.623,0.681102362205,0.318897637795
2578.773,0.681102362205,0.318897637795
2585.142,0.680566483084,0.319433516916
2590.959,0.680817610063,0.319182389937
2590.848,0.680282796544,0.319717203456
2588.283,0.680533751962,0.319466248038
2589.494,0.680784313725,0.319215686275
2589.283,0.681034482759,0.318965517241
2594.101,0.681533646322,0.318466353678
2593.378,0.681533646322,0.318466353678
2597.998,0.68178264269,0.31821735731
2593.538,0.68203125,0.31796875
2598.544,0.682279469165,0.317720530835
2598.302,0.682527301092,0.317472698908
2611.671,0.682774746687,0.317225253313
2608.772,0.682490272374,0.317509727626
2608.228,0.682490272374,0.317509727626
2613.363,0.682983682984,0.317016317016
2613.759,0.682983682984,0.317016317016
2613.282,0.683475562452,0.316524437548
2613.434,0.683475562452,0.316524437548
2618.185,0.683720930233,0.316279069767
2620.648,0.683965917893,0.316034082107
2627.707,0.684210526316,0.315789473684
2636.086,0.684454756381,0.315545243619
2645.209,0.684698608964,0.315301391036
2647.929,0.685185185185,0.314814814815
2646.066,0.685185185185,0.314814814815
2648.357,0.685670261941,0.314329738059
2650.589,0.685912240185,0.314087759815
2649.631,0.685912240185,0.314087759815
2648.442,0.686153846154,0.313846153846
2648.891,0.686395080707,0.313604919293
2648.724,0.6866359447,0.3133640553
2650.524,0.686876438987,0.313123561013
2650.588,0.686349693252,0.313650306748
2648.549,0.685823754789,0.314176245211
2648.415,0.685298621746,0.314701378254
2655.153,0.684774292272,0.315225707728
2674.578,0.68449197861,0.31550802139
2674.559,0.68449197861,0.31550802139
2679.808,0.683969465649,0.316030534351
2679.965,0.684210526316,0.315789473684
2702.777,0.684451219512,0.315548780488
2684.508,0.683650190114,0.316349809886
2694.074,0.683650190114,0.316349809886
2689.759,0.683650190114,0.316349809886
2698.874,0.683890577508,0.316109422492
2683.745,0.684130599848,0.315869400152
2687.954,0.683851402578,0.316148597422
2684.447,0.683851402578,0.316148597422
2688.731,0.683812405446,0.316187594554
2683.704,0.684051398337,0.315948601663
2684.16,0.684051398337,0.315948601663
2694.006,0.684051398337,0.315948601663
2683.89,0.684290030211,0.315709969789
2689.832,0.683773584906,0.316226415094
2684.067,0.684012066365,0.315987933635
2703.457,0.683496608892,0.316503391108
2704.115,0.683734939759,0.316265060241
2704.269,0.683220466516,0.316779533484
2689.138,0.682706766917,0.317293233083
2684.596,0.682193839219,0.317806160781
2684.116,0.681681681682,0.318318318318
2684.463,0.681170292573,0.318829707427
2688.333,0.680659670165,0.319340329835
2689.146,0.680898876404,0.319101123596
2694.35,0.681137724551,0.318862275449
2689.661,0.680628272251,0.319371727749
2688.287,0.680119581465,0.319880418535
2688.398,0.679611650485,0.320388349515
2709.584,0.679104477612,0.320895522388
2709.43,0.678598061148,0.321401938852
2709.959,0.678837555887,0.321162444113
2708.986,0.678571428571,0.321428571429
2709.138,0.678571428571,0.321428571429
2713.565,0.679049034175,0.320950965825
2714.972,0.679049034175,0.320950965825
2716.422,0.678783382789,0.321216617211
2715.352,0.678783382789,0.321216617211
2718.676,0.679021497405,0.320978502595
2726.202,0.679259259259,0.320740740741
2728.313,0.679496669134,0.320503330866
2738.293,0.679733727811,0.320266272189
2743.018,0.679970436068,0.320029563932
2739.527,0.680206794682,0.319793205318
2738.715,0.680442804428,0.319557195572
2742.933,0.67994100295,0.32005899705
2745.933,0.680176860722,0.319823139278
2746.363,0.680412371134,0.319587628866
2751.475,0.680647534952,0.319352465048
2750.099,0.680147058824,0.319852941176
2749.641,0.680382072006,0.319617927994
2768.099,0.68085106383,0.31914893617
2770.84,0.68085106383,0.31914893617
2798.846,0.680586080586,0.319413919414
2798.421,0.680586080586,0.319413919414
2798.987,0.680819912152,0.319180087848
2797.795,0.680321872714,0.319678127286
2797.407,0.679824561404,0.320175438596
2804.816,0.679562043796,0.320437956204
2804.369,0.679562043796,0.320437956204
2804.492,0.679066374909,0.320933625091
2804.664,0.679300291545,0.320699708455
2804.909,0.67903930131,0.32096069869
2804.423,0.67903930131,0.32096069869
2805.164,0.678545454545,0.321454545455
2804.369,0.678052325581,0.321947674419
2819.124,0.677793904209,0.322206095791
2824.017,0.677793904209,0.322206095791
2814.449,0.677302393038,0.322697606962
2808.276,0.676811594203,0.323188405797
2809.843,0.677045619117,0.322954380883
2813.927,0.677512653651,0.322487346349
2808.538,0.677512653651,0.322487346349
2808.481,0.67774566474,0.32225433526
2809.649,0.67725631769,0.32274368231
2830.695,0.677721701514,0.322278298486
2830.213,0.677721701514,0.322278298486
2836.592,0.67818574514,0.32181425486
2833.569,0.67818574514,0.32181425486
2835.829,0.677697841727,0.322302158273
2833.151,0.67816091954,0.32183908046
2837.171,0.67816091954,0.32183908046
2837.137,0.678391959799,0.321608040201
2834.847,0.677905308465,0.322094691535
2834.386,0.677419354839,0.322580645161
2833.997,0.677650429799,0.322349570201
2838.494,0.677881173944,0.322118826056
2838.404,0.678341672623,0.321658327377
2838.338,0.678341672623,0.321658327377
2840.907,0.678571428571,0.321428571429
2840.076,0.678800856531,0.321199143469
2848.635,0.679029957204,0.320970042796
2860.259,0.67925873129,0.32074126871
2863.615,0.679715302491,0.320284697509
2863.274,0.679715302491,0.320284697509
2863.565,0.679943100996,0.320056899004
2864.778,0.679459843639,0.320540156361
2864.4,0.6796875,0.3203125
2883.393,0.679914833215,0.320085166785
2892.829,0.68059490085,0.31940509915
2893.427,0.68059490085,0.31940509915
2894.395,0.68059490085,0.31940509915
2892.981,0.680820948337,0.319179051663
2893.205,0.681046676096,0.318953323904
2919.695,0.681272084806,0.318727915194
2918.165,0.681721947777,0.318278052223
2918.522,0.681721947777,0.318278052223
2918.208,0.681946403385,0.318053596615
2918.388,0.682170542636,0.317829457364
2917.918,0.682617874736,0.317382125264
2917.861,0.682617874736,0.317382125264
2924.139,0.682841068917,0.317158931083
2929.653,0.683286516854,0.316713483146
2929.708,0.683286516854,0.316713483146
2930.379,0.683730715288,0.316269284712
2929.115,0.683730715288,0.316269284712
2928.679,0.682773109244,0.317226890756
2928.38,0.682773109244,0.317226890756
2928.213,0.682295311407,0.317704688593
2928.346,0.681818181818,0.318181818182
2928.428,0.68156424581,0.31843575419
2929.283,0.68156424581,0.31843575419
2929.373,0.681088625262,0.318911374738
2929.819,0.681311018131,0.318688981869
2929.675,0.680836236934,0.319163763066
2934.496,0.681058495822,0.318941504178
2935.551,0.681058495822,0.318941504178
2936.325,0.680111265647,0.319888734353
2933.823,0.680111265647,0.319888734353
2933.484,0.679638637943,0.320361362057
2938.443,0.679166666667,0.320833333333
2938.663,0.678695350451,0.321304649549
2951.291,0.678224687933,0.321775312067
2952.5,0.677754677755,0.322245322245
2953.715,0.67728531856,0.32271468144
2958.534,0.676572218383,0.323427781617
2958.843,0.676572218383,0.323427781617
2958.541,0.676572218383,0.323427781617
2959.269,0.67679558011,0.32320441989
2964.693,0.676328502415,0.323671497585
2964.352,0.676551724138,0.323448275862
2969.044,0.676085458305,0.323914541695
2969.687,0.676531314522,0.323468685478
2970.606,0.676531314522,0.323468685478
2973.835,0.676753782669,0.323246217331
2984.855,0.676288659794,0.323711340206
2984.373,0.67695473251,0.32304526749
2986.284,0.67695473251,0.32304526749
2984.406,0.67695473251,0.32304526749
2988.964,0.676712328767,0.323287671233
2988.732,0.677397260274,0.323287671233
2990.752,0.676933607118,0.323066392882
2991.042,0.677154582763,0.322845417237
2989.764,0.676691729323,0.323308270677
2990.668,0.676912568306,0.323087431694
2991.354,0.677133105802,0.322866894198
2993.805,0.676671214188,0.323328785812
2996.083,0.676891615542,0.323108384458
2993.49,0.677111716621,0.322888283379
2993.329,0.677331518039,0.322668481961
3013.177,0.677770224337,0.322229775663
3013.721,0.677770224337,0.322229775663
3014.743,0.678207739308,0.321792260692
3015.519,0.678207739308,0.321792260692
3013.77,0.678644067797,0.321355932203
3013.61,0.678644067797,0.321355932203
3013.719,0.678861788618,0.321138211382
3013.662,0.678402166554,0.321597833446
3019.32,0.678619756428,0.321380243572
3024.708,0.679270762998,0.320729237002
3023.357,0.679270762998,0.320729237002
3025.955,0.679270762998,0.320729237002
3024.697,0.679487179487,0.320512820513
3030.024,0.67902899528,0.32097100472
3029.832,0.678571428571,0.321428571429
3029.504,0.678787878788,0.321212121212
3031.843,0.679004037685,0.320995962315
3054.859,0.679219905851,0.320780094149
3054.625,0.679435483871,0.320564516129
3054.447,0.67965077233,0.32034922767
3054.717,0.679865771812,0.320134228188
3061.475,0.680080482897,0.319919517103
3058.872,0.680294906166,0.319705093834
3060.151,0.680509042197,0.319490957803
3063.771,0.679598662207,0.320401337793
3063.545,0.679598662207,0.320401337793
3069.518,0.679812834225,0.320187165775
3079.052,0.678905206943,0.321094793057
3079.821,0.678905206943,0.321094793057
3080.154,0.678452301534,0.321547698466
3078.942,0.678,0.322
3087.587,0.67776298269,0.32223701731
3083.509,0.67776298269,0.32223701731
3083.35,0.677977378576,0.322022621424
3084.993,0.678191489362,0.321808510638
3084.122,0.677954847278,0.322045152722
3086.442,0.677954847278,0.322045152722
3090.696,0.677504976775,0.322495023225
3089.425,0.677269715043,0.322730284957
3092.226,0.677269715043,0.322730284957
3094.263,0.676821192053,0.323178807947
3094.328,0.677248677249,0.322751322751
3089.005,0.677248677249,0.322751322751
3095.662,0.677675033025,0.322324966975
3097.44,0.677675033025,0.322324966975
3094.734,0.677227722772,0.322772277228
3092.287,0.677865612648,0.322134387352
3100.396,0.677865612648,0.322134387352
3094.748,0.677865612648,0.322134387352
3089.574,0.678077682686,0.321922317314
3095.718,0.678289473684,0.321710526316
3089.88,0.678500986193,0.321499013807
3089.676,0.678712220762,0.321287779238
3110.531,0.67782152231,0.32217847769
3109.767,0.67782152231,0.32217847769
3109.392,0.67737704918,0.32262295082
3113.006,0.676933158585,0.323066841415
3108.343,0.676701570681,0.323298429319
3111.811,0.676701570681,0.323298429319
3110.062,0.676258992806,0.323741007194
3108.734,0.675816993464,0.324183006536
3110.849,0.675375571522,0.324624428478
3109.39,0.674934725849,0.325065274151
3113.294,0.675358539765,0.324641460235
3113.104,0.675358539765,0.324641460235
3114.868,0.674918566775,0.325081433225
3115.718,0.675130208333,0.324869791667
3117.209,0.675341574496,0.324658425504
3113.226,0.6755526658,0.3244473342
3115.877,0.675763482781,0.324236517219
3121.625,0.675974025974,0.324025974026
3128.25,0.675745784695,0.324254215305
3128.368,0.675745784695,0.324254215305
3150.92,0.674870466321,0.325129533679
3149.587,0.674870466321,0.325129533679
3150.927,0.675080906149,0.324919093851
3148.199,0.674644243208,0.325355756792
3148.426,0.674208144796,0.325791855204
3153.315,0.673772609819,0.326227390181
3153.436,0.674193548387,0.325806451613
3155.366,0.674193548387,0.325806451613
3153.426,0.674403610574,0.325596389426
3168.311,0.673969072165,0.326030927835
3173.461,0.674388674389,0.325611325611
3174.127,0.674388674389,0.325611325611
3173.356,0.67459807074,0.32540192926
3173.804,0.674807197943,0.325192802057
3197.887,0.675016056519,0.324983943481
3200.163,0.675641025641,0.324358974359
3198.508,0.675641025641,0.324358974359
3199.799,0.675641025641,0.324358974359
3202.807,0.675848814862,0.324151185138
3198.377,0.676056338028,0.323943661972
3198.428,0.676263595649,0.323736404351
3198.329,0.676470588235,0.323529411765
3198.939,0.676677316294,0.323322683706
3200.908,0.676883780332,0.323116219668
3198.283,0.677295918367,0.322704081633
3202.117,0.677295918367,0.322704081633
3198.276,0.677501593372,0.322498406628
3203.223,0.677707006369,0.322292993631
3204.6,0.678117048346,0.321882951654
3203.426,0.678117048346,0.321882951654
3208.814,0.678321678322,0.321678321678
3209.933,0.678526048285,0.321473951715
3208.325,0.678934010152,0.321065989848
3208.998,0.678934010152,0.321065989848
3208.418,0.679137603044,0.320862396956
3209.408,0.679340937896,0.320659062104
3208.282,0.679544015199,0.320455984801
3209.636,0.679746835443,0.320253164557
3210.281,0.679316888046,0.320683111954
3210.58,0.678887484197,0.321112515803
3212.148,0.678458622868,0.321541377132
3217.428,0.67803030303,0.32196969697
3214.284,0.677175283733,0.322824716267
3213.951,0.677175283733,0.322824716267
3219.662,0.677378701953,0.322621298047
3224.169,0.677784770296,0.322215229704
3225.704,0.677784770296,0.322215229704
3241.064,0.677987421384,0.322012578616
3242.165,0.678189817725,0.321810182275
3239.649,0.677763819095,0.322236180905
3244.315,0.677338355304,0.322661644696
3243.332,0.677742946708,0.322257053292
3243.556,0.677742946708,0.322257053292
3248.648,0.677944862155,0.322055137845
3264.34,0.678347934919,0.321652065081
3264.627,0.678347934919,0.321652065081
3263.651,0.677923702314,0.322076297686
3263.738,0.6775,0.3225
3271.225,0.677701436602,0.322298563398
3283.643,0.677902621723,0.322097378277
3288.317,0.678103555833,0.321896444167
3288.376,0.677881619938,0.322118380062
3289.02,0.677881619938,0.322118380062
3289.802,0.678082191781,0.321917808219
3293.371,0.678282514001,0.321717485999
3294.033,0.678482587065,0.321517412935
3293.599,0.678060907396,0.321939092604
3294.132,0.678260869565,0.321739130435
3293.563,0.678460583489,0.321539416511
3294.305,0.678660049628,0.321339950372
3294.497,0.678859268444,0.321140731556
3295.231,0.679058240397,0.320941759603
3295.524,0.679256965944,0.320743034056
3293.491,0.678836633663,0.321163366337
3293.313,0.679035250464,0.320964749536
3300.801,0.679431747993,0.320568252007
3300.006,0.679431747993,0.320568252007
3299.839,0.679827267119,0.320172732881
3300.639,0.679827267119,0.320172732881
3303.951,0.680024660912,0.319975339088
3304.122,0.68022181146,0.31977818854
3304.606,0.680615384615,0.319384615385
3303.986,0.680615384615,0.319384615385
3309.51,0.680811808118,0.319188191882
3314.361,0.681203931204,0.318796068796
3313.247,0.681203931204,0.318796068796
3328.466,0.681595092025,0.318404907975
3329.098,0.681595092025,0.318404907975
3334.989,0.681985294118,0.318014705882
3334.109,0.681985294118,0.318014705882
3334.31,0.682374541004,0.317625458996
3334.276,0.682374541004,0.317625458996
3333.706,0.682762836186,0.317237163814
3334.076,0.682762836186,0.317237163814
3334.358,0.682956627978,0.317043372022
3335.645,0.68315018315,0.31684981685
3334.792,0.683343502135,0.316656497865
3338.754,0.683922046285,0.316077953715
3338.94,0.683922046285,0.316077953715
3339.794,0.683922046285,0.316077953715
3342.255,0.684114424833,0.315885575167
3344.765,0.684306569343,0.315693430657
3344.985,0.684498480243,0.315501519757
3357.221,0.684690157959,0.315309842041
3357.735,0.684881602914,0.315118397086
3359.388,0.685454545455,0.314545454545
3359.48,0.685454545455,0.314545454545
3358.267,0.685454545455,0.314545454545
3358.438,0.685039370079,0.314960629921
3364.331,0.684210526316,0.315789473684
3364.844,0.684210526316,0.315789473684
3369.315,0.683796856106,0.316203143894
3375.076,0.683383685801,0.316616314199
3379.404,0.682971014493,0.317028985507
3385.617,0.682558841279,0.317441158721
3385.558,0.682338758288,0.317661241712
3383.368,0.682338758288,0.317661241712
3387.947,0.682530120482,0.317469879518
3389.626,0.682721252258,0.317278747742
3389.725,0.682912154031,0.317087845969
3389.647,0.683102826218,0.316897173782
3389.445,0.683483483483,0.316516516517
3388.649,0.683483483483,0.316516516517
3388.506,0.683263347331,0.316736652669
3392.634,0.683263347331,0.316736652669
3393.555,0.682853717026,0.317146282974
3395.054,0.682226211849,0.317773788151
3393.238,0.682226211849,0.317773788151
3396.575,0.682226211849,0.317773788151
3396.413,0.681818181818,0.318181818182
3395.359,0.682008368201,0.317991631799
3396.475,0.68219832736,0.31780167264
3394.168,0.681791044776,0.318208955224
3399.98,0.682170542636,0.317829457364
3400.736,0.682170542636,0.317829457364
3398.413,0.681764004768,0.318235995232
3399.664,0.681953543776,0.318046456224
3399.715,0.681547619048,0.318452380952
3403.662,0.681142177275,0.318857822725
3408.145,0.680926916221,0.319073083779
3410.601,0.680926916221,0.319073083779
3419.972,0.680522565321,0.319477434679
3428.051,0.680118694362,0.319881305638
3424.691,0.679715302491,0.320284697509
3424.17,0.679905157084,0.320094842916
3429.702,0.679692125518,0.320307874482
3431.05,0.679692125518,0.320307874482
3429.758,0.680070963927,0.319929036073
3429.724,0.680070963927,0.319929036073
3429.377,0.680260047281,0.319739952719
3428.087,0.680448907265,0.319551092735
3429.806,0.680235988201,0.319764011799
3430.541,0.680235988201,0.319764011799
3438.26,0.680424528302,0.319575471698
3433.113,0.680988816951,0.319011183049
3434.571,0.680988816951,0.319011183049
3434.748,0.680988816951,0.319011183049
3435.855,0.681176470588,0.318823529412
3434.809,0.681551116334,0.318448883666
3438.48,0.681551116334,0.318448883666
3435.768,0.681150910159,0.318849089841
3449.039,0.681524926686,0.318475073314
3449.775,0.681524926686,0.318475073314
3453.264,0.681898066784,0.318101933216
3455.621,0.681898066784,0.318101933216
3453.254,0.682084309133,0.317915690867
3470.702,0.682456140351,0.317543859649
3469.855,0.682456140351,0.317543859649
3477.944,0.682641729982,0.317358270018
3478.733,0.682827102804,0.317172897196
3482.902,0.683012259194,0.316987740806
3484.938,0.683197199533,0.316802800467
3483.207,0.683750728014,0.316249271986
3483.266,0.683750728014,0.316249271986
3485.632,0.683750728014,0.316249271986
3483.229,0.684118673647,0.315881326353
3485.949,0.684118673647,0.315881326353
3483.312,0.683720930233,0.316279069767
3486.476,0.683904706566,0.316095293434
3483.564,0.683507549361,0.316492450639
3488.275,0.683691236216,0.316308763784
3495.813,0.683874709977,0.316125290023
3497.461,0.684057971014,0.315942028986
3492.822,0.684241019699,0.315758980301
3500.843,0.684423856398,0.315576143602
3493.493,0.684606481481,0.315393518519
3493.529,0.684788895315,0.315211104685
3493.304,0.684971098266,0.315028901734
3489.689,0.685334872979,0.314665127021
3500.018,0.685334872979,0.314665127021
3503.855,0.68551644547,0.31448355453
3490.702,0.685697808535,0.314302191465
3488.305,0.685878962536,0.314121037464
3517.546,0.68624064479,0.31375935521
3517.171,0.686421173763,0.313578826237
3513.145,0.686421173763,0.313578826237
3515.329,0.686601495112,0.313398504888
3513.732,0.68696151637,0.31303848363
3515.966,0.68696151637,0.31303848363
3517.169,0.687141216992,0.312858783008
3518.276,0.686926605505,0.313073394495
3518.815,0.686926605505,0.313073394495
3518.499,0.687285223368,0.312714776632
3518.389,0.687285223368,0.312714776632
3519.67,0.687464224385,0.312535775615
3518.242,0.687643020595,0.312356979405
3521.076,0.686857142857,0.313142857143
3518.626,0.686857142857,0.313142857143
3518.324,0.686464877213,0.313535122787
3519.659,0.686073059361,0.313926940639
3533.17,0.685681688534,0.314318311466
3538.544,0.68547008547,0.31452991453
3539.632,0.68547008547,0.31452991453
3538.939,0.685258964143,0.314741035857
3539.336,0.685258964143,0.314741035857
3538.389,0.685437997725,0.314562002275
3539.534,0.685795454545,0.314204545455
3538.207,0.685795454545,0.314204545455
3543.174,0.685406019307,0.314593980693
3548.826,0.685017026107,0.314982973893
3551.395,0.68537414966,0.31462585034
3544.632,0.68537414966,0.31462585034
3548.622,0.685552407932,0.314447592068
3556.155,0.685164212911,0.314835787089
3554.503,0.685342388229,0.314657611771
3554.736,0.684954751131,0.315045248869
3555.666,0.684567552289,0.315432447711
3559.762,0.68418079096,0.31581920904
3563.459,0.683408577878,0.316591422122
3568.73,0.683408577878,0.316591422122
3565.916,0.683023124647,0.316976875353
3575.806,0.682253521127,0.317746478873
3574.758,0.682253521127,0.317746478873
3575.58,0.682432432432,0.317567567568
3575.521,0.682048396173,0.317951603827
3573.288,0.682227221597,0.317772778403
3573.751,0.681843732434,0.318156267566
3573.688,0.68202247191,0.31797752809
3573.175,0.682201010668,0.317798989332
3573.505,0.682379349046,0.317620650954
3574.404,0.682557487381,0.317442512619
3594.533,0.682735426009,0.317264573991
3595.639,0.681970884658,0.318029115342
3594.134,0.681970884658,0.318029115342
3597.886,0.681589255736,0.318410744264
3594.036,0.681767337808,0.318232662192
3603.342,0.68156424581,0.31843575419
3600.147,0.68156424581,0.31843575419
3603.472,0.681742043551,0.318257956449
3608.564,0.681919642857,0.318080357143
3598.319,0.681716833891,0.318283166109
3598.654,0.681716833891,0.318283166109
3598.508,0.681894150418,0.318105849582
3600.582,0.682071269488,0.317928730512
3598.28,0.68224819143,0.31775180857
3610.59,0.682424916574,0.317575083426
3609.166,0.682601445247,0.317398554753
3603.696,0.682777777778,0.317222222222
3609.656,0.683129855716,0.316870144284
3610.556,0.683129855716,0.316870144284
3603.519,0.683305601775,0.316694398225
3608.574,0.683481152993,0.316518847007
3610.603,0.683656509695,0.316343490305
3598.381,0.683831672204,0.316168327796
3608.378,0.684006640841,0.315993359159
3599.202,0.684181415929,0.315818584071
3617.748,0.683803206191,0.316196793809
3617.383,0.683977900552,0.316022099448
3618.864,0.684152401988,0.315847598012
3622.663,0.684152401988,0.315847598012
3620.556,0.684326710817,0.315673289183
3620.882,0.684500827358,0.315499172642
3628.403,0.684674751929,0.315325248071
3629.166,0.684848484848,0.315151515152
3630.131,0.684645019263,0.315354980737
3628.418,0.684645019263,0.315354980737
3630.521,0.684818481848,0.315181518152
3638.414,0.684991753711,0.315008246289
3638.272,0.685164835165,0.314835164835
3638.832,0.685337726524,0.314662273476
3643.778,0.685510428101,0.314489571899
3645.142,0.685682940208,0.314317059792
3650.587,0.685855263158,0.314144736842
3665.7,0.686199342826,0.313800657174
3664.065,0.686199342826,0.313800657174
3666.439,0.686371100164,0.313628899836
3664.431,0.685995623632,0.314004376368
3669.324,0.685620557682,0.314379442318
3669.726,0.685245901639,0.314754098361
3671.051,0.684497816594,0.315502183406
3668.736,0.684497816594,0.315502183406
3683.417,0.683751363141,0.316248636859
3684.877,0.683751363141,0.316248636859
3694.688,0.683378746594,0.316621253406
3699.176,0.683179096353,0.316820903647
3698.337,0.683179096353,0.316820903647
3700.711,0.68352365416,0.31647634584
3698.788,0.68352365416,0.31647634584
3699.272,0.683867463335,0.316132536665
3699.721,0.683867463335,0.316132536665
3699.441,0.683496199783,0.316503800217
3712.962,0.683667932718,0.316332067282
3711.015,0.683640303359,0.316359696641
3709.592,0.683640303359,0.316359696641
3711.428,0.683640303359,0.316359696641
3711.541,0.683982683983,0.316017316017
3710.023,0.683982683983,0.316017316017
3709.371,0.684153596539,0.315846403461
3711.507,0.683783783784,0.316216216216
3708.723,0.683954619125,0.316045380875
3708.958,0.684125269978,0.315874730022
3710.561,0.684295736643,0.315704263357
3711.554,0.684466019417,0.315533980583
3709.024,0.684636118598,0.315363881402
3709.344,0.684267241379,0.315732758621
3709.093,0.684437264405,0.315562735595
3713.428,0.6847767617,0.3152232383
3714.036,0.6847767617,0.3152232383
3713.319,0.684946236559,0.315053763441
3722.979,0.685115529285,0.314884470715
3724.655,0.685453569512,0.314546430488
3723.406,0.685453569512,0.314546430488
3726.813,0.685622317597,0.314377682403
3734.22,0.685959271168,0.314040728832
3733.681,0.685959271168,0.314040728832
3735.513,0.686127477236,0.313872522764
3739.46,0.686295503212,0.313704496788
3742.993,0.686463349385,0.313536650615
3740.07,0.686631016043,0.313368983957
3761.474,0.686798503474,0.313201496526
3759.658,0.686965811966,0.313034188034
3758.269,0.687132941805,0.312867058195
3763.24,0.687299893276,0.312700106724
3770.911,0.687466666667,0.312533333333
3772.623,0.68763326226,0.31236673774
3774.91,0.687799680341,0.312200319659
3781.348,0.687965921193,0.312034078807
3787.183,0.688131985098,0.311868014902
3799.003,0.68829787234,0.31170212766
3801.778,0.6884635832,0.3115364168
3800.705,0.68862911796,0.31137088204
3801.616,0.688794476899,0.311205523101
3800.033,0.688959660297,0.311040339703
3801.354,0.689124668435,0.310875331565
3793.842,0.688759278897,0.311240721103
3793.901,0.688924218336,0.311075781664
3798.547,0.689088983051,0.310911016949
3800.838,0.689253573319,0.310746426681
3793.954,0.689582231623,0.310417768377
3798.063,0.689582231623,0.310417768377
3800.748,0.689746300211,0.310253699789
3803.93,0.690237467018,0.309762532982
3804.832,0.690237467018,0.309762532982
3803.258,0.690237467018,0.309762532982
3803.399,0.690400843882,0.309599156118
3803.422,0.690564048498,0.309435951502
3806.018,0.690727081138,0.309272918862
3803.371,0.690889942075,0.309110057925
3803.215,0.691052631579,0.308947368421
3803.082,0.69032597266,0.30967402734
3803.544,0.69032597266,0.30967402734
3806.335,0.689963215975,0.310036784025
3803.384,0.69012605042,0.30987394958
3804.702,0.689763779528,0.310236220472
3804.686,0.689401888772,0.310598111228
3809.234,0.689203354298,0.310796645702
3808.464,0.689203354298,0.310796645702
3809.629,0.689366160293,0.310633839707
3808.541,0.689005235602,0.310994764398
3813.765,0.689167974882,0.310832025118
3829.808,0.688807531381,0.311192468619
3818.628,0.688610240334,0.311389759666
3834.819,0.688772845953,0.311227154047
3818.295,0.688772845953,0.311227154047
3818.885,0.688935281837,0.311064718163
3818.428,0.689097548252,0.310902451748
3833.726,0.689259645464,0.310740354536
3827.751,0.689421573736,0.310578426264
3839.383,0.689224362311,0.310775637689
3839.626,0.689224362311,0.310775637689
3841.412,0.688865764828,0.311134235172
3841.516,0.689027561102,0.310972438898
3838.976,0.689189189189,0.310810810811
3838.403,0.689350649351,0.310649350649
3838.825,0.689511941848,0.310488058152
3844.052,0.689673066943,0.310326933057
3848.493,0.689834024896,0.310165975104
3848.176,0.689994815967,0.310005184033
3849.148,0.690155440415,0.309844559585
3853.58,0.690315898498,0.309684101502
3862.956,0.690476190476,0.309523809524
3863.301,0.690279214064,0.309720785936
3864.633,0.690279214064,0.309720785936
3868.08,0.68992248062,0.31007751938
3873.484,0.690082644628,0.309917355372
3888.937,0.690758905524,0.309757356737
3889.155,0.690758905524,0.309757356737
3891.415,0.691077875193,0.309437854564
3889.163,0.691077875193,0.309437854564
3889.242,0.691555097837,0.308959835221
3889.159,0.691555097837,0.308959835221
3893.048,0.691555097837,0.308959835221
3893.432,0.691872427984,0.308641975309
3895.122,0.691872427984,0.308641975309
3893.395,0.692030848329,0.308483290488
3895.7,0.692189105858,0.308324768756
3894.137,0.69250513347,0.308008213552
3893.381,0.693018480493,0.308008213552
3893.802,0.692820512821,0.307692307692
3893.563,0.692820512821,0.307692307692
3893.904,0.692977960021,0.307534597642
3893.579,0.693135245902,0.30737704918
3893.355,0.693292370712,0.307219662058
3899.426,0.693449334698,0.307062436029
3900.663,0.693606138107,0.306905370844
3898.326,0.693762781186,0.306748466258
3899.177,0.69391926418,0.306591722024
3898.595,0.694075587334,0.306435137896
3899.19,0.694231750893,0.306278713629
3898.233,0.694387755102,0.30612244898
3904.508,0.694033656298,0.306476287608
3924.018,0.694189602446,0.306320081549
3923.832,0.69465648855,0.305852417303
3925.573,0.69465648855,0.305852417303
3926.311,0.69465648855,0.305852417303
3923.453,0.694966954753,0.305541433655
3924.403,0.69512195122,0.305386178862
3925.791,0.69512195122,0.305386178862
3925.09,0.695276790249,0.305231081767
3923.294,0.695431472081,0.305076142132
3924.776,0.695740365112,0.30476673428
3924.173,0.695740365112,0.30476673428
3928.698,0.695189873418,0.305316455696
3928.289,0.695189873418,0.305316455696
3930.168,0.695189873418,0.305316455696
3928.219,0.695344129555,0.30516194332
3928.567,0.694992412747,0.305513404148
3933.516,0.694641051567,0.305864509606
3939.372,0.694290045478,0.306215260232
3940.701,0.693939393939,0.306565656566
3939.34,0.693743693239,0.306760847629
3938.663,0.693743693239,0.306760847629
3943.798,0.693393847705,0.307110438729
3944.361,0.693044354839,0.307459677419
3944.321,0.693198992443,0.307304785894
3968.907,0.692849949648,0.307653575025
3962.515,0.692655935614,0.307847082495
3963.95,0.692655935614,0.307847082495
3949.34,0.692810457516,0.307692307692
3953.333,0.692462311558,0.308040201005
3971.151,0.69261677549,0.307885484681
3950.641,0.692771084337,0.307730923695
3955.757,0.692925238334,0.307576517812
3962.085,0.693233082707,0.307268170426
3965.046,0.693233082707,0.307268170426
3964.261,0.692885771543,0.307615230461
3975.04,0.693039559339,0.307461191788
3978.196,0.693193193193,0.307307307307
3979.347,0.6935,0.307
3978.434,0.6935,0.307
3979.355,0.693653173413,0.306846576712
3980.042,0.693806193806,0.306693306693
3978.619,0.693459810285,0.307039440839
3980.682,0.693612774451,0.306886227545
3979.742,0.693266832918,0.3072319202
3979.401,0.693419740778,0.307078763709
3983.485,0.693227091633,0.307768924303
3984.09,0.692882030861,0.307615729219
3985.746,0.693034825871,0.307462686567
3984.274,0.693034825871,0.307462686567
3986.41,0.692345924453,0.308151093439
3984.26,0.692345924453,0.308151093439
3983.84,0.692154915591,0.308341608739
3984.329,0.692154915591,0.308341608739
3983.805,0.69246031746,0.308035714286
3984.34,0.69246031746,0.308035714286
3983.163,0.692612791274,0.307882994546
3983.827,0.692269573835,0.308225966303
3985.669,0.692421991085,0.308073303616
3988.262,0.692079207921,0.308415841584
3991.373,0.691736763978,0.308758040574
3989.103,0.691889218595,0.308605341246
3989.369,0.691547207118,0.308947108255
3989.376,0.691205533597,0.309288537549
3989.382,0.691358024691,0.309135802469
3990.547,0.691510365252,0.308983218164
4000.714,0.69116921559,0.309324124322
4004.327,0.690980778709,0.309512074914
4003.923,0.690980778709,0.309512074914
4003.379,0.691133004926,0.309359605911
4009.272,0.691285081241,0.309207287051
4014.311,0.691248770895,0.30924287119
4013.091,0.691248770895,0.30924287119
4016.432,0.691248770895,0.30924287119
4014.057,0.6914004914,0.309090909091
4014.332,0.691703485518,0.308787432499
4013.811,0.691703485518,0.308787432499
4016.361,0.691854759568,0.308635917566
4013.453,0.692005885238,0.308484551251
4015.644,0.692156862745,0.308333333333
4014.365,0.692458374143,0.308031341822
4014.071,0.692458374143,0.308031341822
4018.804,0.692759295499,0.307729941292
4018.741,0.692759295499,0.307729941292
4026.032,0.692909535452,0.307579462103
4029.406,0.693059628543,0.30742913001
4033.22,0.693359375,0.30712890625
4033.729,0.693359375,0.30712890625
4063.663,0.693658536585,0.306829268293
4063.404,0.693658536585,0.306829268293
4064.073,0.693807898586,0.306679668454
4066.469,0.69395711501,0.306530214425
4063.586,0.694106186069,0.306380905991
4062.914,0.694255111977,0.306231742941
4064.804,0.694403892944,0.306082725061
4072.21,0.694552529183,0.30593385214
4072.852,0.694701020904,0.305785123967
4070.827,0.694849368319,0.30563654033
4073.564,0.694660194175,0.305825242718
4073.131,0.694660194175,0.305825242718
4074.24,0.694956353055,0.305528612997
4073.139,0.694956353055,0.305528612997
4076.286,0.695251937984,0.30523255814
4074.217,0.695251937984,0.30523255814
4074.322,0.695399515738,0.305084745763
4073.439,0.695546950629,0.304937076476
4075.01,0.695694242864,0.304789550073
4073.482,0.695357833656,0.305125725338
4078.707,0.695021749638,0.30546157564
4079.414,0.694685990338,0.305797101449
4078.369,0.694498069498,0.305984555985
4078.689,0.694498069498,0.305984555985
4079.788,0.694645441389,0.305836951278
4078.531,0.69431051109,0.306171648987
4084.696,0.694605009634,0.305876685934
4083.166,0.694605009634,0.305876685934
4086.839,0.694270582571,0.306210881078
4086.342,0.693936477382,0.306544754572
4088.219,0.69375,0.306730769231
4089.994,0.69375,0.306730769231
4098.487,0.693897164825,0.306583373378
4099.31,0.69404418828,0.306436119116
4099.463,0.693710993759,0.306769083053
4104.72,0.693857965451,0.306621880998
4103.785,0.694151486098,0.306327900288
4105.109,0.694151486098,0.306327900288
4109.451,0.694298035458,0.306181121227
4108.262,0.694736842105,0.305741626794
4109.65,0.694736842105,0.305741626794
4109.472,0.694736842105,0.305741626794
4109.752,0.694882831181,0.305595408895
4108.402,0.695028680688,0.305449330784
4108.675,0.69469660774,0.305781175346
4109.664,0.694842406877,0.305635148042
4111.418,0.694988066826,0.305489260143
4108.149,0.695133587786,0.30534351145
4116.25,0.695278969957,0.305197901764
4114.26,0.695424213537,0.305052430887
4116.71,0.695714285714,0.304761904762
4115.033,0.695714285714,0.304761904762
4113.163,0.695859114707,0.304616849119
4118.308,0.696003805899,0.304471931494
4128.6,0.695817490494,0.304657794677
4126.053,0.695817490494,0.304657794677
4129.67,0.695961995249,0.304513064133
4158.608,0.695775984813,0.304698623636
4159.108,0.695775984813,0.304698623636
4158.606,0.696064485538,0.304409672831
4159.666,0.696064485538,0.304409672831
4158.299,0.696352439602,0.304121269541
4158.808,0.696352439602,0.304121269541
4158.511,0.696639848557,0.30383341221
4158.715,0.696639848557,0.30383341221
4158.203,0.696783349101,0.303689687796
4158.348,0.696926713948,0.303546099291
4163.864,0.697069943289,0.303402646503
4164.432,0.697213037317,0.303259329239
4163.872,0.697355996223,0.303116147309
4168.862,0.697926484449,0.302544769086
4169.054,0.697926484449,0.302544769086
4168.671,0.697926484449,0.302544769086
4169.702,0.697926484449,0.302544769086
4168.661,0.697740112994,0.302730696798
4168.094,0.697740112994,0.302730696798
4173.187,0.697554092192,0.302916274694
4173.214,0.697554092192,0.302916274694
4173.899,0.697696285849,0.302773859897
4180.557,0.697368421053,0.303101503759
4189.366,0.697040864256,0.303428839831
4192.827,0.696386672924,0.304082590333
4188.825,0.696386672924,0.304082590333
4193.238,0.695733708392,0.304735114862
4197.967,0.695733708392,0.304735114862
4193.719,0.69587628866,0.304592314902
4197.988,0.696018735363,0.304449648712
4202.943,0.696303228825,0.304164716893
4199.045,0.696445275959,0.304022450889
4198.168,0.696445275959,0.304022450889
4199.141,0.696119682094,0.304347826087
4203.996,0.696261682243,0.304205607477
4203.396,0.696403549743,0.304063521719
4204.087,0.696686887541,0.303779748017
4203.859,0.696686887541,0.303779748017
4204.208,0.696828358209,0.303638059701
4203.304,0.69696969697,0.303496503497
4203.855,0.697110904007,0.303355079217
4203.459,0.697251979506,0.303213786679
4208.563,0.696603071196,0.303862261517
4210.124,0.696603071196,0.303862261517
4211.538,0.696744186047,0.303720930233
4209.819,0.696420269642,0.304044630404
4208.531,0.69656133829,0.303903345725
4209.187,0.696702275894,0.30376219229
4209.803,0.696843082637,0.303621169916
4213.957,0.697124304267,0.303339517625
4214.214,0.697264719518,0.303198887344
4217.946,0.697264719518,0.303198887344
4219.381,0.696941612604,0.303521779425
4255.056,0.696759259259,0.303703703704
4253.268,0.696759259259,0.303703703704
4255.064,0.696899583526,0.303563165201
4254.052,0.697179842811,0.30328247804
4249.949,0.697179842811,0.30328247804
4248.769,0.697319778189,0.30314232902
4237.275,0.697459584296,0.303002309469
4257.978,0.697599261311,0.302862419206
4248.184,0.697878228782,0.30258302583
4244.501,0.697878228782,0.30258302583
4249.178,0.698017519594,0.302443522361
4249.288,0.698156682028,0.302304147465
4246.615,0.69829571626,0.302164900967
4248.742,0.698434622468,0.302025782689
4249.458,0.698573400828,0.301886792453
4255.557,0.698712051518,0.301747930083
4242.286,0.698850574713,0.301609195402
4258.881,0.698988970588,0.301470588235
4258.645,0.698667891594,0.301791456132
4259.895,0.698806244261,0.301652892562
4258.611,0.69894446994,0.301514456173
4270.541,0.699082568807,0.301376146789
4270.191,0.699220541036,0.301237964237
4269.231,0.699358386801,0.301099908341
4273.755,0.699496106276,0.300961978928
4283.15,0.699313501144,0.30114416476
4283.741,0.699313501144,0.30114416476
4289.338,0.698673982625,0.301783264746
4290.693,0.698673982625,0.301783264746
4289.327,0.698354661792,0.3021023766
4293.691,0.698492462312,0.301964367291
4294.837,0.69799270073,0.30246350365
4295.051,0.69799270073,0.30246350365
4294.62,0.69799270073,0.30246350365
4295.047,0.697812215132,0.302643573382
4294.4,0.697949886105,0.302505694761
4295.618,0.697949886105,0.302505694761
4294.338,0.698087431694,0.302367941712
4299.155,0.698362147407,0.302092811647
4299.379,0.698362147407,0.302092811647
4300.671,0.698044565712,0.302410186448
4299.085,0.698181818182,0.302272727273
4304.528,0.69800181653,0.302452316076
4303.132,0.69800181653,0.302452316076
4304.33,0.698138901498,0.302315024966
4312.287,0.698275862069,0.302177858439
4335.435,0.698412698413,0.302040816327
4334.321,0.698549410698,0.301903898459
4334.497,0.698685999094,0.301767104667
4339.548,0.698369565217,0.302083333333
4344.256,0.698190045249,0.302262443439
4345.644,0.698190045249,0.302262443439
4348.83,0.69801084991,0.302441229656
4348.339,0.698147311342,0.30230456394
4349.645,0.698147311342,0.30230456394
4348.304,0.698283649503,0.30216802168
4348.176,0.69841986456,0.302031602709
4348.614,0.698555956679,0.301895306859
4351.355,0.698691926026,0.301759133965
4352.14,0.698376916141,0.302073940487
4348.985,0.698062190176,0.302388463272
4354.642,0.697433588474,0.303016659163
4353.294,0.697433588474,0.303016659163
4353.73,0.696806117859,0.303643724696
4354.407,0.696806117859,0.303643724696
4355.601,0.696629213483,0.303820224719
4354.177,0.696629213483,0.303820224719
4354.341,0.696765498652,0.303683737646
4353.105,0.696452626852,0.303996407723
4354.347,0.696140035907,0.304308797127
4354.759,0.6965486329,0.303899596593
4356.508,0.6965486329,0.303899596593
4356.128,0.6965486329,0.303899596593
4356.366,0.696684587814,0.30376344086
4359.78,0.696372592924,0.30407523511
4363.466,0.696779964222,0.30366726297
4366.833,0.696779964222,0.30366726297
4364.679,0.696779964222,0.30366726297
4370.047,0.696468484578,0.303978542691
4370.841,0.696604110813,0.303842716711
4369.153,0.6967396159,0.303707012059
4374.58,0.696875,0.303571428571
4378.666,0.697010263275,0.303435966087
4403.302,0.697415329768,0.303475935829
4389.478,0.69710467706,0.303340757238
4384.859,0.69710467706,0.303340757238
4388.236,0.69710467706,0.303340757238
4391.613,0.697239536955,0.30320569902
4390.532,0.697819314642,0.303070761015
4389.245,0.697508896797,0.30293594306
4388.725,0.697643397065,0.302801244998
4393.163,0.698046181172,0.302397868561
4397.155,0.698046181172,0.302397868561
4394.285,0.698046181172,0.302397868561
4394.37,0.697736351531,0.30270750111
4393.552,0.697870452529,0.302573203194
4391.392,0.697695035461,0.30274822695
4388.322,0.697695035461,0.30274822695
4389.293,0.697828976518,0.302614089499
4405.831,0.698096502877,0.302346170872
4398.623,0.698096502877,0.302346170872
4394.03,0.698230088496,0.302212389381
4389.315,0.698363555949,0.302078726227
4393.937,0.698496905393,0.301945181256
4384.929,0.698630136986,0.301811754308
4396.576,0.698763250883,0.30167844523
4400.83,0.698454746137,0.301986754967
4409.325,0.698587819947,0.30185348632
4418.572,0.698720776356,0.301720335245
4428.891,0.69885361552,0.301587301587
4429.461,0.698986337594,0.301454385192
4429.945,0.699118942731,0.301321585903
4443.561,0.699251431088,0.301188903567
4443.285,0.699383802817,0.301056338028
4443.799,0.69964819701,0.300791556728
4445.545,0.69964819701,0.300791556728
4443.875,0.69978021978,0.300659340659
4438.05,0.700043917435,0.300395256917
4443.396,0.700043917435,0.300395256917
4453.356,0.70030715226,0.300131636683
4456.552,0.70030715226,0.300131636683
4453.534,0.700438596491,0.3
4453.214,0.700131521263,0.300306882946
4453.38,0.699518177836,0.300919842313
4453.356,0.699518177836,0.300919842313
4463.323,0.699343544858,0.301094091904
4463.521,0.699343544858,0.301094091904
4463.376,0.699037620297,0.301399825022
4468.876,0.698558322412,0.301878549585
4468.101,0.698558322412,0.301878549585
4479.341,0.698253275109,0.302183406114
4469.462,0.698253275109,0.302183406114
4479.929,0.698384984723,0.302051505893
4468.317,0.698080279232,0.302356020942
4484.33,0.697775839512,0.302660270388
4484.401,0.697471665214,0.302964254577
4484.38,0.697167755991,0.303267973856
4484.308,0.696864111498,0.303571428571
4492.042,0.696257615318,0.304177545692
4491.545,0.696257615318,0.304177545692
4493.712,0.69595476294,0.304480208786
4502.992,0.695652173913,0.304782608696
4503.071,0.695349847892,0.305084745763
4504.223,0.695614415979,0.304819800261
4504.157,0.695614415979,0.304819800261
4503.811,0.695878524946,0.304555314534
4505.657,0.695878524946,0.304555314534
4503.646,0.696010407632,0.304423243712
4504.393,0.696142175986,0.304291287386
4504.793,0.696273830156,0.304159445407
4503.818,0.695972282373,0.304460805544
4503.156,0.696103896104,0.304329004329
4507.242,0.696235395932,0.304197317179
4503.83,0.696366782007,0.304065743945
4503.296,0.696498054475,0.303934284479
4503.778,0.696629213483,0.303802938634
4505.817,0.696760259179,0.303671706263
4504.71,0.69689119171,0.303540587219
4503.343,0.697022011221,0.303409581355
4505.446,0.696721311475,0.303710094909
4510.873,0.696551724138,0.303879310345
4509.083,0.696551724138,0.303879310345
4509.356,0.696251615683,0.304179233089
4514.348,0.696382428941,0.304048234281
4514.123,0.696213425129,0.30421686747
4517.977,0.696213425129,0.30421686747
4518.825,0.696344086022,0.304086021505
4518.463,0.696474634566,0.303955288048
4531.288,0.696605070907,0.303824666953
4537.964,0.696735395189,0.303694158076
4540.526,0.697125697126,0.303303303303
4542.796,0.697125697126,0.303303303303
4539.008,0.697125697126,0.303303303303
4541.837,0.697255574614,0.303173241852
4543.839,0.697514995716,0.302913453299
4544.144,0.697514995716,0.302913453299
4554.202,0.697773972603,0.302654109589
4548.983,0.697773972603,0.302654109589
4549.162,0.697903294822,0.302524604193
4548.382,0.698032506416,0.302395209581
4564.918,0.698161607525,0.302265925609
4573.697,0.698290598291,0.302136752137
4574.334,0.69854824936,0.301878736123
4573.495,0.69854824936,0.301878736123
4580.681,0.698676909945,0.301749893299
4588.841,0.698805460751,0.30162116041
4595.638,0.698933901919,0.301492537313
4595.147,0.699062233589,0.30136402387
4597.95,0.699190455901,0.30123561994
4599.363,0.699318568995,0.301107325383
4599.646,0.69944657301,0.30097914006
4601.431,0.69970225436,0.300723096555
4599.204,0.69970225436,0.300723096555
4598.789,0.699829931973,0.300595238095
4600.705,0.700212314225,0.300212314225
4599.533,0.700212314225,0.300212314225
4602.923,0.700212314225,0.300212314225
4598.422,0.700339558574,0.300084889643
4603.642,0.700466694951,0.299957573186
4605.038,0.700847457627,0.299576271186
4603.562,0.700847457627,0.299576271186
4603.598,0.700847457627,0.299576271186
4605.413,0.70097416349,0.299449385853
4603.336,0.701100762066,0.299322607959
4604.151,0.701353637902,0.299069373942
4604.986,0.701353637902,0.299069373942
4606.46,0.701479915433,0.298942917548
4604.091,0.701606086221,0.298816568047
4608.624,0.701858108108,0.298564189189
4614.34,0.701858108108,0.298564189189
4614.999,0.701983959477,0.298438159561
4615.704,0.702109704641,0.298312236287
4608.214,0.702235343737,0.298186419232
4617.286,0.702486304256,0.297935103245
4613.184,0.702486304256,0.297935103245
4624.056,0.702736842105,0.297684210526
4627.16,0.702736842105,0.297684210526
4628.405,0.702986958351,0.297433740008
4632.411,0.702986958351,0.297433740008
4634.336,0.703236654056,0.297183690626
4635.031,0.703236654056,0.297183690626
4633.104,0.703361344538,0.297058823529
4636.818,0.703485930281,0.296934061319
4633.452,0.703610411419,0.296809403862
4660.323,0.703734788082,0.296684851028
4664.955,0.703859060403,0.296560402685