Time,RejRate,AcceptRate
137.9,0.0,1.0
105.946,0.0,1.0
45.475,0.0,1.0
44.217,0.0,1.0
9.132,0.0,1.0
123.799,0.142857142857,0.857142857143
275.48,0.25,0.75
265.866,0.25,0.75
0.0,0.222222222222,0.777777777778
128.788,0.2,0.8
137.819,0.181818181818,0.818181818182
244.22,0.166666666667,0.833333333333
107.827,0.230769230769,0.769230769231
204.704,0.214285714286,0.785714285714
240.268,0.2,0.8
50.535,0.1875,0.8125
103.901,0.235294117647,0.764705882353
220.371,0.222222222222,0.777777777778
9.085,0.210526315789,0.789473684211
10.515,0.25,0.75
50.7,0.285714285714,0.714285714286
40.462,0.318181818182,0.681818181818
128.787,0.347826086957,0.652173913043
72.901,0.375,0.625
295.554,0.428571428571,0.571428571429
295.483,0.428571428571,0.571428571429
294.091,0.428571428571,0.571428571429
295.713,0.428571428571,0.571428571429
285.54,0.448275862069,0.551724137931
285.951,0.466666666667,0.533333333333
295.49,0.483870967742,0.516129032258
285.9,0.5,0.5
295.53,0.515151515152,0.484848484848
286.003,0.529411764706,0.470588235294
295.686,0.542857142857,0.457142857143
285.506,0.527777777778,0.472222222222
295.565,0.540540540541,0.459459459459
294.091,0.552631578947,0.447368421053
304.081,0.564102564103,0.435897435897
305.515,0.575,0.425
304.181,0.560975609756,0.439024390244
301.871,0.547619047619,0.452380952381
305.522,0.545454545455,0.454545454545
304.093,0.545454545455,0.454545454545
302.133,0.555555555556,0.444444444444
302.053,0.54347826087,0.45652173913
305.595,0.531914893617,0.468085106383
310.992,0.520833333333,0.479166666667
310.999,0.52,0.48
314.854,0.509803921569,0.490196078431
310.924,0.509803921569,0.490196078431
310.863,0.519230769231,0.480769230769
310.954,0.5,0.5
310.926,0.5,0.5
310.921,0.509090909091,0.490909090909
319.299,0.491228070175,0.508771929825
320.169,0.491228070175,0.508771929825
329.054,0.48275862069,0.51724137931
330.485,0.466666666667,0.533333333333
329.072,0.466666666667,0.533333333333
329.14,0.459016393443,0.540983606557
329.165,0.460317460317,0.539682539683
330.526,0.453125,0.546875
329.377,0.453125,0.546875
329.143,0.446153846154,0.553846153846
330.913,0.439393939394,0.560606060606
325.962,0.432835820896,0.567164179104
330.985,0.441176470588,0.558823529412
335.235,0.449275362319,0.550724637681
334.366,0.457142857143,0.542857142857
335.492,0.458333333333,0.541666666667
335.633,0.458333333333,0.541666666667
336.157,0.452054794521,0.547945205479
335.474,0.459459459459,0.540540540541
335.885,0.466666666667,0.533333333333
335.538,0.460526315789,0.539473684211
335.542,0.467532467532,0.532467532468
335.564,0.474358974359,0.525641025641
335.471,0.4875,0.5125
335.54,0.4875,0.5125
336.157,0.487804878049,0.512195121951
335.935,0.487804878049,0.512195121951
334.159,0.493975903614,0.506024096386
337.242,0.5,0.5
340.482,0.505882352941,0.494117647059
340.613,0.511627906977,0.488372093023
345.887,0.52808988764,0.47191011236
345.479,0.522222222222,0.477777777778
345.491,0.522222222222,0.477777777778
350.922,0.522222222222,0.477777777778
350.913,0.505376344086,0.494623655914
342.112,0.505376344086,0.494623655914
347.997,0.505376344086,0.494623655914
345.927,0.5,0.5
350.922,0.489583333333,0.510416666667
342.112,0.489583333333,0.510416666667
345.529,0.494845360825,0.505154639175
347.056,0.489795918367,0.510204081633
345.522,0.494949494949,0.505050505051
341.742,0.5,0.5
365.982,0.514563106796,0.485436893204
366.139,0.514563106796,0.485436893204
366.062,0.514563106796,0.485436893204
366.065,0.509615384615,0.490384615385
364.88,0.514285714286,0.485714285714
367.839,0.509433962264,0.490566037736
367.909,0.504672897196,0.495327102804
367.879,0.5,0.5
367.889,0.495412844037,0.504587155963
386.014,0.491071428571,0.508928571429
385.861,0.491071428571,0.508928571429
386.066,0.491071428571,0.508928571429
386.173,0.486725663717,0.513274336283
384.947,0.491228070175,0.508771929825
387.849,0.491379310345,0.508620689655
389.902,0.491379310345,0.508620689655
387.836,0.5,0.5
387.892,0.5,0.5
387.899,0.491666666667,0.508333333333
387.939,0.491666666667,0.508333333333
387.822,0.483606557377,0.516393442623
387.974,0.483606557377,0.516393442623
389.93,0.479674796748,0.520325203252
394.993,0.475806451613,0.524193548387
392.864,0.47619047619,0.52380952381
393.026,0.48031496063,0.51968503937
394.946,0.48031496063,0.51968503937
393.033,0.484375,0.515625
401.027,0.480620155039,0.519379844961
406.226,0.480916030534,0.519083969466
406.284,0.480916030534,0.519083969466
420.14,0.481203007519,0.518796992481
419.869,0.477611940299,0.522388059701
420.069,0.477611940299,0.522388059701
419.988,0.481481481481,0.518518518519
422.985,0.485507246377,0.514492753623
424.882,0.485507246377,0.514492753623
425.588,0.485507246377,0.514492753623
422.935,0.482014388489,0.517985611511
422.884,0.485714285714,0.514285714286
427.864,0.489361702128,0.510638297872
427.973,0.485915492958,0.514084507042
427.993,0.48951048951,0.51048951049
427.973,0.496551724138,0.503448275862
430.078,0.496551724138,0.503448275862
427.949,0.5,0.5
427.951,0.503401360544,0.496598639456
427.88,0.506756756757,0.493243243243
434.29,0.510067114094,0.489932885906
436.671,0.506666666667,0.493333333333
439.35,0.513157894737,0.486842105263
439.871,0.513157894737,0.486842105263
437.888,0.516339869281,0.483660130719
437.9,0.519480519481,0.480519480519
442.834,0.522580645161,0.477419354839
442.841,0.525641025641,0.474358974359
450.659,0.522292993631,0.477707006369
451.018,0.518987341772,0.481012658228
451.767,0.51875,0.48125
451.868,0.51875,0.48125
471.178,0.512345679012,0.487654320988
470.985,0.512345679012,0.487654320988
475.912,0.509202453988,0.490797546012
475.925,0.512195121951,0.487804878049
475.883,0.509090909091,0.490909090909
481.017,0.506024096386,0.493975903614
480.984,0.508982035928,0.491017964072
481.024,0.505952380952,0.494047619048
493.594,0.502958579882,0.497041420118
491.854,0.505882352941,0.494117647059
506.007,0.5,0.5
506.026,0.5,0.5
510.875,0.49710982659,0.50289017341
510.976,0.5,0.5
510.793,0.494318181818,0.505681818182
510.494,0.494318181818,0.505681818182
515.94,0.488764044944,0.511235955056
515.984,0.488764044944,0.511235955056
515.782,0.483333333333,0.516666666667
515.964,0.483333333333,0.516666666667
516.116,0.486187845304,0.513812154696
515.94,0.489010989011,0.510989010989
520.936,0.491803278689,0.508196721311
521.042,0.491891891892,0.508108108108
520.971,0.491891891892,0.508108108108
525.879,0.494623655914,0.505376344086
524.785,0.491978609626,0.508021390374
525.891,0.489361702128,0.510638297872
524.704,0.486772486772,0.513227513228
525.996,0.484210526316,0.515789473684
526.009,0.48167539267,0.51832460733
530.917,0.476683937824,0.523316062176
530.91,0.476683937824,0.523316062176
547.811,0.479381443299,0.520618556701
565.415,0.479591836735,0.520408163265
571.833,0.479591836735,0.520408163265
591.058,0.482233502538,0.517766497462
587.326,0.479797979798,0.520202020202
600.353,0.482412060302,0.517587939698
605.43,0.48,0.52
606.725,0.475247524752,0.524752475248
610.343,0.472906403941,0.527093596059
610.426,0.472906403941,0.527093596059
606.889,0.470588235294,0.529411764706
615.369,0.468292682927,0.531707317073
629.589,0.463768115942,0.536231884058
632.046,0.463768115942,0.536231884058
640.902,0.461538461538,0.538461538462
671.09,0.459330143541,0.540669856459
674.321,0.461904761905,0.538095238095
681.01,0.45971563981,0.54028436019
684.369,0.457547169811,0.542452830189
690.868,0.457943925234,0.542056074766
690.042,0.457943925234,0.542056074766
688.876,0.460465116279,0.539534883721
689.954,0.462962962963,0.537037037037
694.41,0.467889908257,0.532110091743
691.494,0.467889908257,0.532110091743
697.931,0.470319634703,0.529680365297
697.997,0.477477477477,0.522522522523
700.715,0.477477477477,0.522522522523
697.959,0.477477477477,0.522522522523
697.929,0.479820627803,0.520179372197
706.03,0.484444444444,0.515555555556
705.16,0.484444444444,0.515555555556
714.915,0.486725663717,0.513274336283
714.933,0.486842105263,0.513157894737
715.001,0.486842105263,0.513157894737
715.004,0.489082969432,0.510917030568
715.026,0.486956521739,0.513043478261
715.238,0.489177489177,0.510822510823
711.823,0.491379310345,0.508620689655
719.3,0.495726495726,0.504273504274
717.399,0.495726495726,0.504273504274
722.736,0.493617021277,0.506382978723
724.307,0.495762711864,0.504237288136
724.353,0.5,0.5
722.94,0.5,0.5
730.927,0.504166666667,0.495833333333
730.927,0.504166666667,0.495833333333
735.871,0.50826446281,0.49173553719
733.575,0.50826446281,0.49173553719
734.882,0.510288065844,0.489711934156
738.57,0.510204081633,0.489795918367
738.561,0.510204081633,0.489795918367
738.57,0.508130081301,0.491869918699
754.724,0.506072874494,0.493927125506
754.794,0.502008032129,0.497991967871
753.891,0.502008032129,0.497991967871
754.764,0.504,0.496
754.774,0.501992031873,0.498007968127
773.662,0.498023715415,0.501976284585
776.08,0.498023715415,0.501976284585
774.784,0.501960784314,0.498039215686
773.821,0.501960784314,0.498039215686
775.992,0.501945525292,0.498054474708
774.824,0.501945525292,0.498054474708
773.714,0.501930501931,0.498069498069
774.707,0.501930501931,0.498069498069
760.967,0.5,0.5
774.859,0.498084291188,0.501915708812
776.896,0.494296577947,0.505703422053
779.749,0.494296577947,0.505703422053
781.056,0.492424242424,0.507575757576
776.782,0.494339622642,0.505660377358
776.924,0.492481203008,0.507518796992
781.987,0.492537313433,0.507462686567
786.032,0.492537313433,0.507462686567
781.795,0.494423791822,0.505576208178
786.751,0.496296296296,0.503703703704
786.683,0.496323529412,0.503676470588
788.675,0.496323529412,0.503676470588
786.713,0.494505494505,0.505494505495
791.004,0.492700729927,0.507299270073
786.685,0.494545454545,0.505454545455
791.198,0.496376811594,0.503623188406
793.932,0.498194945848,0.501805054152
801.276,0.501792114695,0.498207885305
801.053,0.501792114695,0.498207885305
801.039,0.505338078292,0.494661921708
801.042,0.505338078292,0.494661921708
800.994,0.507092198582,0.492907801418
805.946,0.508833922261,0.491166077739
806.296,0.510563380282,0.489436619718
807.134,0.512195121951,0.487804878049
810.953,0.512195121951,0.487804878049
807.063,0.512195121951,0.487804878049
810.999,0.513888888889,0.486111111111
809.82,0.515570934256,0.484429065744
816.135,0.518900343643,0.481099656357
814.858,0.518900343643,0.481099656357
811.876,0.520547945205,0.479452054795
811.694,0.522184300341,0.477815699659
816.135,0.52380952381,0.47619047619
820.38,0.525423728814,0.474576271186
821.079,0.523648648649,0.476351351351
825.015,0.520134228188,0.479865771812
822.568,0.520134228188,0.479865771812
827.563,0.518394648829,0.481605351171
837.664,0.518272425249,0.481727574751
840.111,0.518272425249,0.481727574751
838.844,0.519867549669,0.480132450331
840.395,0.518151815182,0.481848184818
859.004,0.519736842105,0.480263157895
858.811,0.519607843137,0.480392156863
860.415,0.519607843137,0.480392156863
862.266,0.521172638436,0.478827361564
862.141,0.521035598706,0.478964401294
862.423,0.521035598706,0.478964401294
862.365,0.522580645161,0.477419354839
862.237,0.520900321543,0.479099678457
867.371,0.517571884984,0.482428115016
867.451,0.517571884984,0.482428115016
867.378,0.515923566879,0.484076433121
871.838,0.514285714286,0.485714285714
872.464,0.512658227848,0.487341772152
877.326,0.509433962264,0.490566037736
877.42,0.509433962264,0.490566037736
877.354,0.507836990596,0.492163009404
877.004,0.50625,0.49375
886.859,0.507788161994,0.492211838006
890.623,0.509316770186,0.490683229814
886.845,0.510835913313,0.489164086687
886.848,0.509259259259,0.490740740741
887.082,0.510769230769,0.489230769231
890.996,0.509202453988,0.490797546012
881.938,0.507645259939,0.492354740061
887.143,0.506097560976,0.493902439024
882.348,0.504559270517,0.495440729483
893.833,0.506060606061,0.493939393939
895.333,0.503012048193,0.496987951807
895.451,0.503012048193,0.496987951807
893.852,0.504504504505,0.495495495495
900.356,0.502994011976,0.497005988024
897.229,0.502976190476,0.497023809524
898.619,0.502976190476,0.497023809524
896.876,0.501483679525,0.498516320475
896.805,0.502958579882,0.497041420118
900.469,0.504424778761,0.495575221239
899.815,0.504398826979,0.495601173021
900.469,0.504398826979,0.495601173021
902.338,0.507288629738,0.492711370262
902.294,0.507288629738,0.492711370262
903.608,0.508720930233,0.491279069767
902.363,0.510144927536,0.489855072464
902.318,0.511560693642,0.488439306358
906.081,0.510086455331,0.489913544669
901.879,0.511494252874,0.488505747126
911.139,0.512893982808,0.487106017192
907.325,0.511428571429,0.491428571429
911.058,0.509971509972,0.490028490028
912.35,0.508522727273,0.491477272727
913.835,0.505649717514,0.494350282486
912.245,0.505649717514,0.494350282486
917.271,0.504225352113,0.495774647887
917.264,0.502808988764,0.497191011236
926.692,0.5,0.5
927.917,0.5,0.5
946.116,0.50139275766,0.49860724234
947.891,0.5,0.5
951.187,0.495867768595,0.504132231405
951.599,0.495867768595,0.504132231405
952.872,0.495867768595,0.504132231405
960.648,0.494505494505,0.505494505495
974.644,0.495890410959,0.504109589041
976.064,0.494535519126,0.505464480874
977.851,0.491847826087,0.508152173913
977.813,0.491847826087,0.508152173913
977.837,0.490514905149,0.509485094851
982.906,0.490566037736,0.509433962264
982.925,0.490566037736,0.509433962264
990.153,0.490616621984,0.509383378016
991.068,0.490616621984,0.509383378016
996.0,0.489304812834,0.510695187166
993.73,0.488,0.512
992.807,0.489361702128,0.510638297872
996.044,0.490716180371,0.509283819629
995.704,0.489417989418,0.510582010582
992.871,0.490765171504,0.509234828496
996.382,0.489473684211,0.510526315789
996.024,0.490813648294,0.509186351706
992.435,0.492146596859,0.507853403141
997.796,0.493472584856,0.506527415144
1000.996,0.494791666667,0.505208333333
997.431,0.496103896104,0.503896103896
997.348,0.497409326425,0.502590673575
997.822,0.496124031008,0.503875968992
1002.374,0.494845360825,0.505154639175
1015.45,0.493573264781,0.506426735219
1020.861,0.492307692308,0.507692307692
1027.256,0.49104859335,0.50895140665
1031.744,0.492346938776,0.507653061224
1071.254,0.491094147583,0.508905852417
1058.738,0.492385786802,0.507614213198
1068.658,0.491139240506,0.508860759494
1065.607,0.492424242424,0.507575757576
1070.897,0.493702770781,0.506297229219
1077.753,0.49373433584,0.50626566416
1085.872,0.49373433584,0.50626566416
1076.696,0.495,0.505
1085.962,0.496259351621,0.503740648379
1085.898,0.495024875622,0.504975124378
1086.683,0.493796526055,0.506203473945
1086.695,0.49504950495,0.50495049505
1086.967,0.493827160494,0.506172839506
1086.639,0.492610837438,0.507389162562
1086.784,0.490196078431,0.509803921569
1086.912,0.490196078431,0.509803921569
1101.927,0.490243902439,0.509756097561
1102.02,0.490243902439,0.509756097561
1109.206,0.491484184915,0.508515815085
1122.413,0.490291262136,0.509708737864
1126.905,0.490338164251,0.509661835749
1126.914,0.490338164251,0.509661835749
1141.078,0.489156626506,0.510843373494
1141.148,0.490384615385,0.509615384615
1141.128,0.491606714628,0.508393285372
1142.706,0.492822966507,0.507177033493
1157.532,0.494033412888,0.505966587112
1155.574,0.495238095238,0.504761904762
1156.494,0.497630331754,0.502369668246
1161.178,0.497630331754,0.502369668246
1161.061,0.5,0.5
1147.321,0.5,0.5
1161.213,0.501176470588,0.498823529412
1164.722,0.501170960187,0.498829039813
1166.103,0.501170960187,0.498829039813
1162.006,0.502336448598,0.497663551402
1163.906,0.503496503497,0.496503496503
1164.75,0.504651162791,0.495348837209
1169.813,0.505800464037,0.494199535963
1167.41,0.50462962963,0.49537037037
1170.639,0.504608294931,0.495391705069
1170.808,0.504608294931,0.495391705069
1175.027,0.506880733945,0.493119266055
1175.057,0.506880733945,0.493119266055
1172.427,0.505720823799,0.494279176201
1178.83,0.507972665148,0.492027334852
1177.364,0.507972665148,0.492027334852
1191.822,0.509090909091,0.490909090909
1197.307,0.510204081633,0.489795918367
1203.389,0.511312217195,0.488687782805
1209.886,0.513513513514,0.486486486486
1207.433,0.513513513514,0.486486486486
1212.333,0.515695067265,0.484304932735
1214.881,0.515695067265,0.484304932735
1221.351,0.514541387025,0.485458612975
1230.985,0.515625,0.484375
1231.005,0.516703786192,0.483296213808
1230.971,0.517777777778,0.482222222222
1227.4,0.518847006652,0.481152993348
1227.429,0.519911504425,0.480088495575
1247.626,0.519823788546,0.480176211454
1249.741,0.519823788546,0.480176211454
1251.076,0.517543859649,0.482456140351
1249.242,0.517543859649,0.482456140351
1251.035,0.515283842795,0.484716157205
1250.919,0.515283842795,0.484716157205
1251.013,0.516339869281,0.483660130719
1250.992,0.515217391304,0.484782608696
1251.07,0.516268980477,0.483731019523
1254.769,0.515086206897,0.484913793103
1254.376,0.515086206897,0.484913793103
1251.551,0.515086206897,0.484913793103
1254.383,0.516129032258,0.483870967742
1256.055,0.517167381974,0.482832618026
1257.96,0.514957264957,0.485042735043
1256.452,0.514957264957,0.485042735043
1260.653,0.517021276596,0.482978723404
1259.782,0.517021276596,0.482978723404
1261.134,0.51804670913,0.48195329087
1258.042,0.51906779661,0.48093220339
1263.105,0.518987341772,0.481012658228
1264.738,0.518987341772,0.481012658228
1264.644,0.52,0.48
1265.819,0.521008403361,0.478991596639
1264.672,0.522012578616,0.477987421384
1266.481,0.524008350731,0.475991649269
1269.256,0.524008350731,0.475991649269
1269.666,0.525987525988,0.474012474012
1266.511,0.525987525988,0.474012474012
1271.383,0.526970954357,0.473029045643
1275.663,0.528925619835,0.471074380165
1272.884,0.528925619835,0.471074380165
1275.958,0.529896907216,0.470103092784
1277.243,0.530864197531,0.469135802469
1287.888,0.5318275154,0.4681724846
1282.456,0.532786885246,0.467213114754
1287.361,0.534693877551,0.465306122449
1291.013,0.534693877551,0.465306122449
1284.234,0.533604887984,0.466395112016
1294.86,0.531440162272,0.468559837728
1285.691,0.531440162272,0.468559837728
1282.338,0.53036437247,0.46963562753
1293.729,0.529292929293,0.470707070707
1287.474,0.528225806452,0.471774193548
1294.33,0.529175050302,0.470824949698
1300.508,0.529058116232,0.470941883768
1299.355,0.529058116232,0.470941883768
1301.139,0.530938123752,0.469061876248
1298.063,0.530938123752,0.469061876248
1299.25,0.53187250996,0.46812749004
1305.52,0.530815109344,0.469184890656
1304.276,0.533596837945,0.466403162055
1305.503,0.533596837945,0.466403162055
1304.269,0.533596837945,0.466403162055
1302.65,0.534516765286,0.465483234714
1315.036,0.537401574803,0.464566929134
1314.802,0.536345776031,0.463654223969
1320.616,0.537254901961,0.462745098039
1320.348,0.536203522505,0.463796477495
1321.676,0.53515625,0.46484375
1321.749,0.533073929961,0.466926070039
1321.656,0.533073929961,0.466926070039
1334.776,0.533980582524,0.466019417476
1345.742,0.532945736434,0.467054263566
1341.212,0.530888030888,0.469111969112
1338.835,0.530888030888,0.469111969112
1350.745,0.531791907514,0.468208092486
1346.749,0.532692307692,0.467307692308
1339.757,0.531669865643,0.468330134357
1351.132,0.532567049808,0.467432950192
1346.65,0.53154875717,0.46845124283
1338.085,0.530534351145,0.469465648855
1341.684,0.529523809524,0.470476190476
1350.904,0.531309297913,0.468690702087
1341.665,0.531309297913,0.468690702087
1347.533,0.530303030303,0.469696969697
1355.967,0.532075471698,0.467924528302
1355.635,0.532075471698,0.467924528302
1351.634,0.532956685499,0.467043314501
1355.607,0.531954887218,0.468045112782
1356.025,0.532833020638,0.467166979362
1360.604,0.533582089552,0.466417910448
1360.672,0.533582089552,0.466417910448
1360.702,0.533582089552,0.466417910448
1360.629,0.532588454376,0.467411545624
1360.522,0.531598513011,0.468401486989
1363.712,0.52962962963,0.47037037037
1364.736,0.52962962963,0.47037037037
1364.722,0.527675276753,0.472324723247
1381.378,0.527675276753,0.472324723247
1365.869,0.529411764706,0.470588235294
1366.618,0.529411764706,0.470588235294
1369.81,0.529304029304,0.470695970696
1364.698,0.529304029304,0.470695970696
1365.975,0.530164533821,0.469835466179
1377.147,0.530054644809,0.469945355191
1365.866,0.530054644809,0.469945355191
1386.043,0.530909090909,0.469090909091
1382.868,0.529837251356,0.470162748644
1384.707,0.529837251356,0.470162748644
1383.648,0.529837251356,0.470162748644
1382.589,0.528880866426,0.471119133574
1386.77,0.52972972973,0.47027027027
1386.805,0.530575539568,0.469424460432
1390.022,0.531418312388,0.468581687612
1386.682,0.532258064516,0.467741935484
1391.395,0.533094812165,0.466905187835
1386.696,0.533928571429,0.466071428571
1396.39,0.535587188612,0.464412811388
1396.236,0.535587188612,0.464412811388
1391.639,0.536412078153,0.463587921847
1391.688,0.535460992908,0.464539007092
1391.76,0.534513274336,0.465486725664
1396.642,0.532627865961,0.467372134039
1396.635,0.532627865961,0.467372134039
1405.633,0.530755711775,0.469244288225
1402.444,0.530755711775,0.469244288225
1406.49,0.531578947368,0.468421052632
1407.746,0.530647985989,0.469352014011
1411.503,0.530541012216,0.469458987784
1414.261,0.530541012216,0.469458987784
1420.407,0.531358885017,0.468641114983
1445.344,0.532173913043,0.467826086957
1446.396,0.53125,0.46875
1446.333,0.532062391681,0.467937608319
1445.406,0.532871972318,0.467128027682
1445.402,0.534482758621,0.465517241379
1446.288,0.534482758621,0.465517241379
1445.616,0.535283993115,0.464716006885
1447.39,0.535162950257,0.464837049743
1446.522,0.535162950257,0.464837049743
1447.365,0.53595890411,0.46404109589
1447.361,0.535042735043,0.464957264957
1457.608,0.534129692833,0.465870307167
1475.344,0.53231292517,0.46768707483
1475.546,0.53231292517,0.46768707483
1472.252,0.533106960951,0.466893039049
1474.983,0.533898305085,0.466101694915
1474.53,0.534686971235,0.465313028765
1475.544,0.535472972973,0.464527027027
1475.311,0.536256323777,0.463743676223
1457.002,0.537037037037,0.462962962963
1475.027,0.53781512605,0.46218487395
1472.226,0.536912751678,0.463087248322
1475.652,0.537688442211,0.462311557789
1475.128,0.536789297659,0.463210702341
1475.256,0.535893155259,0.464106844741
1480.768,0.535,0.465
1477.365,0.533222591362,0.466777408638
1476.91,0.533222591362,0.466777408638
1482.4,0.53399668325,0.46600331675
1482.413,0.534768211921,0.465231788079
1482.365,0.536303630363,0.463696369637
1482.502,0.536303630363,0.463696369637
1485.334,0.537067545305,0.462932454695
1485.763,0.537828947368,0.462171052632
1482.427,0.538587848933,0.461412151067
1487.37,0.537704918033,0.462295081967
1489.846,0.538461538462,0.461538461538
1500.681,0.539215686275,0.460784313725
1500.876,0.539967373573,0.460032626427
1509.731,0.540716612378,0.459283387622
1516.113,0.542207792208,0.457792207792
1514.232,0.542207792208,0.457792207792
1535.706,0.542071197411,0.457928802589
1528.083,0.542071197411,0.457928802589
1536.485,0.541935483871,0.458064516129
1535.752,0.541935483871,0.458064516129
1536.001,0.54267310789,0.45732689211
1536.599,0.543408360129,0.456591639871
1536.005,0.544871794872,0.455128205128
1535.895,0.544871794872,0.455128205128
1536.215,0.5456,0.4544
1553.537,0.546325878594,0.453674121406
1554.415,0.547049441786,0.452950558214
1557.644,0.548489666137,0.451510333863
1559.745,0.548489666137,0.451510333863
1566.143,0.549206349206,0.450793650794
1565.435,0.549920760697,0.450079239303
1566.251,0.550632911392,0.449367088608
1566.127,0.551342812006,0.448657187994
1566.578,0.552050473186,0.447949526814
1566.437,0.552755905512,0.447244094488
1566.765,0.551886792453,0.448113207547
1566.481,0.551020408163,0.448979591837
1575.331,0.550156739812,0.449843260188
1576.384,0.55,0.45
1576.432,0.5515625,0.45
1576.419,0.550702028081,0.449297971919
1576.521,0.54984423676,0.45015576324
1576.475,0.551242236025,0.448757763975
1576.446,0.551242236025,0.448757763975
1582.797,0.550387596899,0.449612403101
1591.295,0.551777434312,0.448222565688
1590.259,0.551777434312,0.448222565688
1600.694,0.552469135802,0.447530864198
1605.58,0.551617873652,0.448382126348
1606.708,0.552995391705,0.447004608295
1607.837,0.552995391705,0.447004608295
1630.5,0.552833078101,0.447166921899
1630.311,0.552833078101,0.447166921899
1630.472,0.553516819572,0.446483180428
1630.357,0.552671755725,0.447328244275
1631.674,0.552511415525,0.447488584475
1631.67,0.552511415525,0.447488584475
1636.227,0.553191489362,0.446808510638
1631.682,0.552352048558,0.447647951442
1644.845,0.551515151515,0.45
1642.024,0.550680786687,0.449319213313
1646.032,0.551359516616,0.448640483384
1636.89,0.550527903469,0.449472096531
1642.938,0.549698795181,0.450301204819
1638.724,0.548872180451,0.451127819549
1641.255,0.548048048048,0.451951951952
1637.166,0.547226386807,0.452773613193
1638.683,0.547904191617,0.452095808383
1638.64,0.548579970105,0.451420029895
1646.781,0.548435171386,0.451564828614
1651.224,0.548435171386,0.451564828614
1650.708,0.549107142857,0.450892857143
1651.993,0.550445103858,0.449554896142
1656.375,0.550445103858,0.449554896142
1656.643,0.54962962963,0.45037037037
1660.628,0.550960118168,0.449039881832
1656.643,0.550960118168,0.449039881832
1660.769,0.550147492625,0.449852507375
1656.627,0.550810014728,0.449189985272
1665.558,0.552129221733,0.447870778267
1665.571,0.552129221733,0.447870778267
1669.986,0.553440702782,0.446559297218
1670.637,0.553440702782,0.446559297218
1672.576,0.554093567251,0.445906432749
1671.828,0.554744525547,0.445255474453
1675.122,0.556040756914,0.443959243086
1671.882,0.556040756914,0.443959243086
1680.759,0.556686046512,0.443313953488
1681.854,0.557163531114,0.442836468886
1681.854,0.557163531114,0.442836468886
1682.073,0.557163531114,0.442836468886
1687.003,0.557803468208,0.442196531792
1691.308,0.558441558442,0.441558441558
1692.813,0.559077809798,0.440922190202
1701.336,0.559712230216,0.440287769784
1702.439,0.560344827586,0.439655172414
1710.02,0.561604584527,0.438395415473
1707.353,0.561604584527,0.438395415473
1710.093,0.562231759657,0.437768240343
1710.0,0.562857142857,0.437142857143
1721.359,0.563480741797,0.436519258203
1721.906,0.564102564103,0.435897435897
1725.378,0.564722617354,0.435277382646
1722.339,0.565340909091,0.434659090909
1721.5,0.565957446809,0.434042553191
1726.111,0.56657223796,0.43342776204
1727.179,0.567185289958,0.432814710042
1727.566,0.567796610169,0.432203389831
1730.028,0.568406205924,0.431593794076
1733.035,0.569014084507,0.430985915493
1736.497,0.569620253165,0.430379746835
1733.887,0.570224719101,0.429775280899
1735.333,0.570827489481,0.429172510519
1734.994,0.571428571429,0.428571428571
1740.208,0.572027972028,0.427972027972
1737.477,0.573221757322,0.426778242678
1736.324,0.573221757322,0.426778242678
1737.434,0.573816155989,0.426183844011
1746.357,0.574408901252,0.425591098748
1742.9,0.575,0.425
1742.406,0.575589459085,0.424410540915
1751.076,0.576763485477,0.423236514523
1751.09,0.576763485477,0.423236514523
1751.287,0.577348066298,0.422651933702
1751.052,0.577931034483,0.422068965517
1751.3,0.578512396694,0.421487603306
1747.995,0.57909215956,0.42090784044
1747.372,0.57967032967,0.42032967033
1747.815,0.58024691358,0.41975308642
1747.922,0.580821917808,0.419178082192
1752.056,0.581395348837,0.418604651163
1752.22,0.581967213115,0.418032786885
1756.366,0.582537517053,0.417462482947
1752.358,0.58310626703,0.41689373297
1760.534,0.584239130435,0.415760869565
1757.374,0.584239130435,0.415760869565
1762.51,0.585365853659,0.414634146341
1762.403,0.585365853659,0.414634146341
1762.349,0.585926928281,0.414073071719
1765.329,0.586486486486,0.413513513514
1771.061,0.585695006748,0.414304993252
1771.307,0.584905660377,0.415094339623
1769.722,0.584118438762,0.415881561238
1770.161,0.583333333333,0.416666666667
1768.943,0.58255033557,0.41744966443
1771.857,0.580990629183,0.419009370817
1776.008,0.580990629183,0.419009370817
1780.724,0.581550802139,0.418449197861
1777.416,0.580774365821,0.419225634179
1780.032,0.58,0.42
1780.104,0.580559254328,0.419440745672
1786.036,0.579787234043,0.420212765957
1784.986,0.580345285525,0.420982735724
1784.979,0.579575596817,0.420424403183
1791.361,0.57880794702,0.42119205298
1790.27,0.578042328042,0.421957671958
1794.1,0.576517150396,0.423482849604
1792.638,0.576517150396,0.423482849604
1801.909,0.575757575758,0.424242424242
1811.322,0.575,0.425
1816.175,0.57555847569,0.42444152431
1811.74,0.574803149606,0.425196850394
1811.667,0.574049803408,0.425950196592
1815.925,0.574607329843,0.425392670157
1816.063,0.57385620915,0.42614379085
1814.498,0.574967405476,0.425032594524
1815.784,0.574967405476,0.425032594524
1816.234,0.575520833333,0.424479166667
1816.39,0.576072821847,0.423927178153
1811.72,0.576623376623,0.423376623377
1816.413,0.577172503243,0.422827496757
1816.358,0.577720207254,0.422279792746
1830.922,0.578266494179,0.421733505821
1831.025,0.578811369509,0.421188630491
1831.071,0.57935483871,0.42064516129
1831.039,0.579896907216,0.420103092784
1830.695,0.580437580438,0.419562419562
1831.391,0.57969151671,0.42030848329
1830.749,0.580231065469,0.419768934531
1835.73,0.580769230769,0.419230769231
1835.826,0.581841432225,0.418158567775
1834.679,0.581841432225,0.418158567775
1833.116,0.582375478927,0.417624521073
1831.496,0.582697201018,0.417302798982
1834.708,0.583227445997,0.416772554003
1831.453,0.583227445997,0.416772554003
1836.425,0.583227445997,0.416772554003
1841.042,0.583756345178,0.416243654822
1841.028,0.585335018963,0.414664981037
1841.004,0.585335018963,0.414664981037
1840.751,0.585335018963,0.414664981037
1840.764,0.585858585859,0.414141414141
1840.921,0.586380832282,0.413619167718
1841.391,0.586901763224,0.413098236776
1840.741,0.587421383648,0.412578616352
1840.848,0.587939698492,0.412060301508
1846.377,0.588456712673,0.411543287327
1846.095,0.588972431078,0.411027568922
1844.613,0.589486858573,0.410513141427
1845.739,0.59,0.41
1851.133,0.590511860175,0.409488139825
1846.502,0.59102244389,0.40897755611
1851.393,0.591531755915,0.408468244085
1856.368,0.592546583851,0.407453416149
1856.422,0.592546583851,0.407453416149
1856.924,0.59355638166,0.40644361834
1856.529,0.59355638166,0.40644361834
1859.231,0.594059405941,0.405940594059
1862.349,0.595561035758,0.404438964242
1864.683,0.595561035758,0.404438964242
1862.551,0.595561035758,0.404438964242
1865.725,0.5960591133,0.4039408867
1862.446,0.597051597052,0.402948402948
1862.574,0.597051597052,0.402948402948
1870.292,0.59754601227,0.40245398773
1867.015,0.598039215686,0.401960784314
1874.688,0.59902200489,0.40097799511
1871.558,0.59902200489,0.40097799511
1876.44,0.599511599512,0.400488400488
1905.308,0.601219512195,0.4
1905.644,0.600487210719,0.399512789281
1905.552,0.601458080194,0.398541919806
1905.352,0.601458080194,0.398541919806
1905.333,0.601941747573,0.398058252427
1905.529,0.602424242424,0.397575757576
1905.497,0.602905569007,0.397094430993
1905.593,0.60338573156,0.39661426844
1906.675,0.6038647343,0.3961352657
1915.731,0.604342581423,0.395657418577
1920.276,0.605769230769,0.394230769231
1920.295,0.605769230769,0.394230769231
1920.305,0.606242496999,0.393757503001
1920.317,0.606242496999,0.393757503001
1925.394,0.605988023952,0.394011976048
1924.133,0.605988023952,0.394011976048
1921.666,0.605263157895,0.394736842105
1921.634,0.604540023895,0.395459976105
1925.642,0.603098927294,0.396901072706
1925.298,0.603098927294,0.396901072706
1925.34,0.602380952381,0.397619047619
1925.687,0.601664684899,0.398335315101
1925.564,0.600950118765,0.399049881235
1925.671,0.600237247924,0.399762752076
1930.332,0.599526066351,0.400473933649
1930.319,0.6,0.4
1930.304,0.600472813239,0.399527186761
1930.53,0.600944510035,0.399055489965
1930.309,0.600235849057,0.399764150943
1930.231,0.600706713781,0.399293286219
1931.637,0.601176470588,0.398823529412
1931.675,0.600470035253,0.399529964747
1935.307,0.600938967136,0.399061032864
1931.699,0.600234466589,0.399765533411
1935.516,0.599531615925,0.400468384075
1940.693,0.599299065421,0.400700934579
1936.738,0.599299065421,0.400700934579
1936.761,0.599766627771,0.400233372229
1940.532,0.599067599068,0.400932400932
1940.888,0.599534342258,0.400465657742
1936.69,0.6,0.4
1940.834,0.600464576074,0.399535423926
1944.457,0.599073001159,0.400926998841
1945.668,0.599073001159,0.400926998841
1946.64,0.59837962963,0.40162037037
1950.569,0.598843930636,0.401156069364
1951.803,0.599078341014,0.400921658986
1951.913,0.599078341014,0.400921658986
1953.251,0.599078341014,0.400921658986
1955.761,0.599539700806,0.400460299194
1952.967,0.60045924225,0.39954075775
1955.931,0.60045924225,0.39954075775
1955.633,0.600917431193,0.399082568807
1956.447,0.601830663616,0.398169336384
1962.87,0.601830663616,0.398169336384
1963.007,0.601598173516,0.398401826484
1960.697,0.601598173516,0.398401826484
1962.79,0.601366742597,0.398633257403
1956.543,0.601366742597,0.398633257403
1965.579,0.601820250284,0.398179749716
1960.574,0.602272727273,0.397727272727
1969.682,0.602724177072,0.397275822928
1991.426,0.603174603175,0.396825396825
1991.281,0.60362400906,0.39637599094
1996.384,0.60407239819,0.39592760181
1991.507,0.604519774011,0.395480225989
1991.463,0.604966139955,0.395033860045
1996.416,0.605411499436,0.394588500564
1992.873,0.605855855856,0.394144144144
1996.48,0.606299212598,0.393700787402
1996.928,0.606741573034,0.393258426966
1997.344,0.607182940516,0.392817059484
2002.398,0.608062709966,0.391937290034
2005.932,0.608062709966,0.391937290034
2006.46,0.608938547486,0.391061452514
2006.472,0.608938547486,0.391061452514
2006.45,0.609375,0.390625
2011.549,0.609810479376,0.390189520624
2016.474,0.610244988864,0.389755011136
2017.816,0.610678531702,0.389321468298
2020.018,0.610432852386,0.389567147614
2016.459,0.610432852386,0.389567147614
2016.519,0.609756097561,0.390243902439
2017.959,0.609080841639,0.390919158361
2020.026,0.609513274336,0.390486725664
2026.309,0.608839779006,0.391160220994
2022.366,0.608167770419,0.391832229581
2025.234,0.60749724366,0.39250275634
2024.625,0.606828193833,0.393171806167
2021.462,0.607260726073,0.392739273927
2021.826,0.606593406593,0.393406593407
2031.199,0.605927552141,0.394072447859
2030.368,0.606359649123,0.393640350877
2027.43,0.606790799562,0.393209200438
2030.231,0.606126914661,0.393873085339
2027.068,0.605464480874,0.394535519126
2028.548,0.60480349345,0.39519650655
2026.504,0.604143947655,0.395856052345
2027.359,0.60348583878,0.39651416122
2026.45,0.602829162133,0.397170837867
2035.125,0.602605863192,0.397394136808
2036.298,0.602605863192,0.397394136808
2041.362,0.603036876356,0.396963123644
2041.366,0.60346695558,0.39653304442
2041.377,0.603896103896,0.396103896104
2041.385,0.604324324324,0.395675675676
2040.608,0.60475161987,0.39524838013
2042.326,0.605603448276,0.394396551724
2044.987,0.605603448276,0.394396551724
2049.616,0.606451612903,0.393548387097
2051.406,0.606451612903,0.393548387097
2051.354,0.605800214823,0.394199785177
2048.062,0.605150214592,0.394849785408
2049.712,0.604925053533,0.395074946467
2051.308,0.604925053533,0.395074946467
2051.461,0.605769230769,0.394230769231
2055.436,0.605769230769,0.394230769231
2067.318,0.606189967983,0.393810032017
2075.259,0.605963791267,0.394036208733
2075.981,0.605963791267,0.394036208733
2081.084,0.606801275239,0.393198724761
2079.624,0.606801275239,0.393198724761
2079.58,0.607218683652,0.392781316348
2081.116,0.607635206787,0.392364793213
2080.699,0.606991525424,0.393008474576
2085.853,0.606765327696,0.393234672304
2084.461,0.606765327696,0.393234672304
2091.32,0.606124604013,0.393875395987
2091.259,0.606540084388,0.393459915612
2086.578,0.606954689146,0.393045310854
2099.629,0.607368421053,0.392631578947
2099.619,0.60778128286,0.39221871714
2099.641,0.607142857143,0.392857142857
2099.666,0.606505771249,0.393494228751
2106.38,0.605648535565,0.394351464435
2104.591,0.605648535565,0.394351464435
2104.471,0.605648535565,0.394351464435
2106.388,0.605015673981,0.394984326019
2109.579,0.605427974948,0.394572025052
2116.352,0.605208333333,0.394791666667
2116.382,0.605208333333,0.394791666667
2125.762,0.605619146722,0.394380853278
2130.735,0.606029106029,0.393970893971
2130.739,0.606846473029,0.393153526971
2130.75,0.606846473029,0.393153526971
2130.758,0.60621761658,0.39378238342
2131.207,0.606625258799,0.393374741201
2140.521,0.607032057911,0.392967942089
2140.779,0.606404958678,0.393595041322
2141.384,0.605779153767,0.394220846233
2140.617,0.605154639175,0.394845360825
2145.886,0.604531410917,0.395468589083
2146.035,0.603288797533,0.396711202467
2141.44,0.603288797533,0.396711202467
2155.948,0.602669404517,0.397330595483
2157.04,0.602051282051,0.397948717949
2160.447,0.60143442623,0.39856557377
2160.672,0.601226993865,0.398773006135
2156.881,0.601226993865,0.398773006135
2157.793,0.601634320735,0.398365679265
2158.066,0.602040816327,0.397959183673
2165.746,0.602851323829,0.397148676171
2164.734,0.602851323829,0.397148676171
2162.255,0.602238046796,0.397761953204
2170.485,0.60162601626,0.39837398374
2170.529,0.601015228426,0.398984771574
2170.278,0.600405679513,0.399594320487
2167.35,0.599797365755,0.400202634245
2170.31,0.599190283401,0.400809716599
2172.283,0.598584428716,0.401415571284
2175.607,0.598385469223,0.401614530777
2172.297,0.598385469223,0.401614530777
2180.199,0.598187311178,0.401812688822
2180.769,0.598591549296,0.401408450704
2181.105,0.598591549296,0.401408450704
2180.286,0.597989949749,0.402010050251
2177.847,0.597389558233,0.402610441767
2179.085,0.59779338014,0.40220661986
2190.534,0.597597597598,0.402402402402
2190.524,0.597597597598,0.402402402402
2190.253,0.598,0.402
2195.496,0.598401598402,0.401598401598
2198.226,0.597208374875,0.402791625125
2200.011,0.597208374875,0.402791625125
2197.808,0.597609561753,0.402390438247
2200.484,0.598009950249,0.401990049751
2205.521,0.598808341609,0.401191658391
2203.711,0.598808341609,0.401191658391
2217.877,0.599603567889,0.400396432111
2220.307,0.599603567889,0.400396432111
2215.33,0.600395647873,0.399604352127
2217.939,0.600395647873,0.399604352127
2220.303,0.600790513834,0.399209486166
2220.318,0.601184600197,0.398815399803
2231.461,0.60197044335,0.39802955665
2221.707,0.60197044335,0.39802955665
2250.878,0.602753195674,0.397246804326
2251.292,0.602753195674,0.397246804326
2255.327,0.602551521099,0.397448478901
2255.697,0.602551521099,0.397448478901
2251.691,0.602941176471,0.397058823529
2266.547,0.60333006856,0.39666993144
2271.383,0.603718199609,0.396281800391
2270.965,0.604105571848,0.395894428152
2271.7,0.6044921875,0.3955078125
2281.707,0.605263157895,0.394736842105
2281.474,0.605263157895,0.394736842105
2286.436,0.60564751704,0.39435248296
2291.307,0.607003891051,0.393968871595
2291.424,0.606413994169,0.393586005831
2291.51,0.607177497575,0.392822502425
2292.362,0.607177497575,0.392822502425
2306.338,0.607558139535,0.392441860465
2306.276,0.60793804453,0.39206195547
2310.01,0.607350096712,0.392649903288
2306.925,0.606763285024,0.393236714976
2309.978,0.606177606178,0.393822393822
2306.462,0.605593056895,0.394406943105
2306.458,0.605973025048,0.394026974952
2306.473,0.60635226179,0.39364773821
2312.757,0.605769230769,0.394230769231
2312.477,0.604985618408,0.395014381592
2312.935,0.604985618408,0.395014381592
2312.799,0.604985618408,0.395014381592
2312.98,0.604406130268,0.395593869732
2312.857,0.603827751196,0.396172248804
2312.964,0.603250478011,0.396749521989
2320.019,0.602674307545,0.397325692455
2317.791,0.601525262154,0.398474737846
2320.043,0.601525262154,0.398474737846
2317.768,0.601904761905,0.398095238095
2325.019,0.6013320647,0.3986679353
2325.082,0.602089268756,0.397910731244
2322.809,0.602089268756,0.397910731244
2330.885,0.601518026565,0.398481973435
2327.352,0.601325757576,0.398674242424
2327.825,0.601325757576,0.398674242424
2335.555,0.602079395085,0.397920604915
2332.961,0.602079395085,0.397920604915
2335.992,0.600943396226,0.399056603774
2334.984,0.600943396226,0.399056603774
2341.313,0.601694915254,0.398305084746
2340.147,0.601694915254,0.398305084746
2342.36,0.602069614299,0.397930385701
2348.254,0.602816901408,0.397183098592
2347.99,0.602816901408,0.397183098592
2355.053,0.602624179944,0.397375820056
2356.083,0.602059925094,0.397940074906
2355.642,0.602059925094,0.397940074906
2362.369,0.601496725912,0.398503274088
2369.98,0.601307189542,0.398692810458
2370.518,0.601307189542,0.398692810458
2376.007,0.599627560521,0.400372439479
2375.257,0.599627560521,0.400372439479
2374.942,0.599627560521,0.400372439479
2380.883,0.6,0.4
2381.596,0.599442379182,0.400557620818
2391.038,0.598885793872,0.401114206128
2390.976,0.598330241187,0.401669758813
2394.575,0.597775718258,0.402224281742
2401.399,0.597594819611,0.402405180389
2399.642,0.597594819611,0.402405180389
2403.423,0.597966728281,0.402033271719
2401.923,0.598337950139,0.401662049861
2403.239,0.59778597786,0.40221402214
2404.612,0.598156682028,0.401843317972
2410.72,0.598526703499,0.401473296501
2411.444,0.599264705882,0.400735294118
2413.029,0.599264705882,0.400735294118
2409.684,0.599632690542,0.400367309458
2412.552,0.599082568807,0.400917431193
2415.268,0.599268069533,0.400731930467
2414.386,0.599268069533,0.400731930467
2413.224,0.599268069533,0.400731930467
2410.089,0.598720292505,0.401279707495
2414.677,0.599086757991,0.400913242009
2407.29,0.598540145985,0.401459854015
2413.17,0.597994530538,0.402005469462
2420.996,0.598360655738,0.401639344262
2418.204,0.597816196542,0.402183803458
2416.951,0.597272727273,0.402727272727
2416.586,0.597638510445,0.402361489555
2420.787,0.597096188748,0.402903811252
2422.443,0.596554850408,0.403445149592
2426.013,0.596014492754,0.403985507246
2426.509,0.595475113122,0.404524886878
2435.523,0.594936708861,0.405063291139
2434.782,0.593862815884,0.406137184116
2431.594,0.593862815884,0.406137184116
2435.816,0.593327321912,0.406672678088
2440.31,0.592259225923,0.407740774077
2438.028,0.592625899281,0.407374100719
2438.074,0.592625899281,0.407374100719
2455.375,0.59209344115,0.40790655885
2465.453,0.591928251121,0.408071748879
2462.228,0.591928251121,0.408071748879
2466.946,0.591397849462,0.408602150538
2472.1,0.591763652641,0.408236347359
2477.806,0.592128801431,0.407871198569
2485.47,0.592857142857,0.407142857143
2486.094,0.592857142857,0.407142857143
2486.069,0.592328278323,0.407671721677
2490.899,0.592691622103,0.407308377897
2490.5,0.592163846839,0.407836153161
2490.44,0.592,0.408
2490.42,0.592,0.408
2492.866,0.59272404614,0.40727595386
2492.874,0.59272404614,0.40727595386
2500.647,0.59219858156,0.40780141844
2500.288,0.592920353982,0.407079646018
2500.583,0.592920353982,0.407079646018
2500.382,0.593280282935,0.406719717065
2500.633,0.593639575972,0.406360424028
2500.559,0.593998234775,0.406001765225
2502.838,0.594356261023,0.405643738977
2506.967,0.594713656388,0.405286343612
2505.64,0.595070422535,0.404929577465
2505.725,0.595426561126,0.404573438874
2517.005,0.595782073814,0.404217926186
2525.427,0.596136962248,0.403863037752
2527.926,0.59509202454,0.40490797546
2527.026,0.59509202454,0.40490797546
2527.87,0.594050743657,0.405949256343
2527.963,0.594050743657,0.405949256343
2532.133,0.593013100437,0.406986899563
2533.683,0.593013100437,0.406986899563
2543.526,0.592495636998,0.407504363002
2543.596,0.591463414634,0.408536585366
2543.128,0.591463414634,0.408536585366
2547.793,0.590948651001,0.409051348999
2549.714,0.590434782609,0.409565217391
2551.608,0.590790616855,0.409209383145
2553.836,0.591145833333,0.408854166667
2559.742,0.590987868284,0.409012131716
2557.875,0.590987868284,0.409012131716
2557.831,0.590476190476,0.409523809524
2557.769,0.589965397924,0.410034602076
2557.737,0.589810017271,0.410189982729
2558.783,0.589810017271,0.410189982729
2561.475,0.589655172414,0.410344827586
2566.29,0.590008613264,0.409991386736
2565.14,0.590008613264,0.409991386736
2571.42,0.589500860585,0.410499139415
2567.027,0.589347079038,0.410652920962
2568.63,0.589347079038,0.410652920962
2571.512,0.588841201717,0.411158798283
2581.35,0.58833619211,0.41166380789
2577.87,0.587832047986,0.412167952014
2581.273,0.587328767123,0.412671232877
2576.568,0.587681779299,0.412318220701
2576.482,0.588034188034,0.411965811966
2585.519,0.588385994876,0.411614005124
2586.362,0.588737201365,0.411262798635
2586.312,0.589087809037,0.410912190963
2586.443,0.590136054422,0.409863945578
2586.537,0.590136054422,0.409863945578
2587.329,0.590136054422,0.409863945578
2586.454,0.590484282073,0.409515717927
2601.401,0.591178965225,0.408821034775
2601.291,0.591178965225,0.408821034775
2601.376,0.591525423729,0.408474576271
2602.439,0.591871295512,0.408128704488
2611.592,0.591370558376,0.408629441624
2616.48,0.590870667794,0.409129332206
2641.939,0.590371621622,0.409628378378
2644.459,0.590717299578,0.409282700422
2646.368,0.591062394604,0.408937605396
2649.683,0.590564448189,0.409435551811
2651.315,0.590909090909,0.409090909091
2655.996,0.591253153911,0.408746846089
2654.644,0.590756302521,0.409243697479
2661.705,0.590260285474,0.409739714526
2670.126,0.589765100671,0.410234899329
2670.04,0.589270746018,0.410729253982
2675.833,0.58877721943,0.41122278057
2675.776,0.58779264214,0.41220735786
2675.735,0.58779264214,0.41220735786
2680.516,0.587301587302,0.412698412698
2679.623,0.585833333333,0.414166666667
2679.706,0.585833333333,0.414166666667
2679.612,0.585833333333,0.414166666667
2690.774,0.585345545379,0.414654454621
2691.361,0.586034912718,0.413965087282
2690.755,0.586034912718,0.413965087282
2690.749,0.586378737542,0.413621262458
2691.926,0.587064676617,0.412935323383
2692.389,0.587064676617,0.412935323383
2711.37,0.586578293289,0.413421706711
2697.328,0.586092715232,0.413907284768
2697.296,0.585950413223,0.414049586777
2707.337,0.585950413223,0.414049586777
2698.221,0.585466556565,0.414533443435
2699.655,0.585808580858,0.414191419142
2698.263,0.585325638912,0.414674361088
2699.7,0.585667215815,0.414332784185
2699.577,0.586008230453,0.413991769547
2714.545,0.586348684211,0.413651315789
2699.684,0.586688578472,0.413311421528
2703.255,0.587027914614,0.412972085386
2707.361,0.587366694011,0.412633305989
2718.231,0.587704918033,0.412295081967
2722.239,0.588042588043,0.411957411957
2722.302,0.588379705401,0.411620294599
2731.068,0.589052287582,0.410947712418
2730.648,0.589052287582,0.410947712418
2736.015,0.589387755102,0.410612244898
2741.404,0.588907014682,0.411092985318
2742.647,0.588427057865,0.411572942135
2750.264,0.587469487388,0.412530512612
2749.687,0.587469487388,0.412530512612
2761.293,0.586991869919,0.413008130081
2757.811,0.586515028432,0.413484971568
2762.254,0.586374695864,0.413625304136
2761.608,0.586709886548,0.413290113452
2768.082,0.586709886548,0.413290113452
2775.827,0.586234817814,0.413765182186
2775.325,0.586569579288,0.413430420712
2775.319,0.586903799515,0.413096200485
2777.285,0.586763518967,0.413236481033
2777.223,0.586763518967,0.413236481033
2780.423,0.586290322581,0.413709677419
2780.421,0.586623690572,0.413376309428
2781.003,0.586956521739,0.413043478261
2787.885,0.586484312148,0.413515687852
2789.486,0.586816720257,0.413183279743
2793.718,0.587148594378,0.412851405622
2796.517,0.58781074579,0.41218925421
2799.038,0.58781074579,0.41218925421
2799.417,0.588141025641,0.411858974359
2799.471,0.588470776621,0.411529223379
2805.619,0.589128697042,0.410871302958
2803.198,0.589128697042,0.410871302958
2805.852,0.58945686901,0.41054313099
2805.616,0.589784517159,0.410215482841
2805.269,0.59076433121,0.40923566879
2805.282,0.59076433121,0.40923566879
2805.327,0.59076433121,0.40923566879
2805.432,0.591089896579,0.408910103421
2805.311,0.591414944356,0.408585055644
2809.886,0.591739475774,0.408260524226
2807.034,0.592386994449,0.407613005551
2808.929,0.592386994449,0.407613005551
2810.513,0.592709984152,0.407290015848
2815.489,0.593032462391,0.406967537609
2812.26,0.592563291139,0.407436708861
2812.995,0.59209486166,0.40790513834
2821.588,0.590228526399,0.409771473601
2827.769,0.590228526399,0.409771473601
2822.063,0.590228526399,0.409771473601
2821.029,0.590228526399,0.409771473601
2820.262,0.588373919874,0.411626080126
2816.568,0.588373919874,0.411626080126
2822.869,0.588373919874,0.411626080126
2824.275,0.588373919874,0.411626080126
2818.08,0.589019607843,0.410980392157
2825.285,0.589019607843,0.410980392157
2841.635,0.589663273297,0.410336726703
2849.687,0.589663273297,0.410336726703
2854.405,0.589984350548,0.410015649452
2860.273,0.58984375,0.41015625
2861.352,0.58984375,0.41015625
2871.372,0.590483619345,0.409516380655
2866.92,0.590483619345,0.409516380655
2871.361,0.590023382697,0.409976617303
2866.914,0.589563862928,0.410436137072
2871.552,0.588646967341,0.411353032659
2873.415,0.588646967341,0.411353032659
2877.846,0.58850931677,0.41149068323
2877.766,0.58850931677,0.41149068323
2881.663,0.588052754073,0.411947245927
2887.94,0.588372093023,0.411627906977
2891.326,0.587916343919,0.412083656081
2886.437,0.588235294118,0.411764705882
2891.568,0.588553750967,0.411446249033
2891.594,0.588416988417,0.411583011583
2891.648,0.588416988417,0.411583011583
2901.4,0.587509637625,0.412490362375
2896.506,0.587509637625,0.412490362375
2896.459,0.588144726713,0.411855273287
2897.332,0.588144726713,0.411855273287
2896.864,0.588777863182,0.411222136818
2900.373,0.588777863182,0.411222136818
2896.922,0.589093701997,0.410906298003
2896.485,0.589409056025,0.410590943975
2896.877,0.590038314176,0.409961685824
2896.906,0.590038314176,0.409961685824
2896.556,0.590352220521,0.409647779479
2901.461,0.590665646519,0.409334353481
2901.621,0.590978593272,0.409021406728
2901.478,0.591291061879,0.408708938121
2913.816,0.591603053435,0.408396946565
2914.485,0.592225609756,0.407774390244
2915.163,0.592225609756,0.407774390244
2915.219,0.592536176695,0.407463823305
2919.592,0.592395437262,0.407604562738
2921.306,0.592395437262,0.407604562738
2921.445,0.593014426727,0.406985573273
2922.027,0.593014426727,0.406985573273
2930.819,0.593323216995,0.406676783005
2930.587,0.593631539045,0.406368460955
2933.646,0.593939393939,0.406060606061
2935.178,0.594553706505,0.405446293495
2931.94,0.594553706505,0.405446293495
2940.652,0.594860166289,0.405139833711
2944.587,0.595776772247,0.404223227753
2939.628,0.595776772247,0.404223227753
2943.684,0.595776772247,0.404223227753
2943.233,0.59563253012,0.40436746988
2943.728,0.59563253012,0.40436746988
2943.201,0.595936794582,0.404063205418
2945.929,0.596240601504,0.403759398496
2953.01,0.596543951916,0.403456048084
2955.948,0.596846846847,0.403153153153
2957.273,0.597149287322,0.402850712678
2957.365,0.597451274363,0.402548725637
2964.93,0.597752808989,0.402247191011
2963.723,0.598053892216,0.401946107784
2964.464,0.598354525056,0.401645474944
2968.07,0.59865470852,0.40134529148
2970.32,0.598954443615,0.401045556385
2967.993,0.599253731343,0.400746268657
2980.866,0.599552572707,0.400447427293
2979.995,0.599850968703,0.400149031297
2985.126,0.600148920328,0.399851079672
2984.499,0.600446428571,0.399553571429
2994.472,0.601040118871,0.398959881129
2989.628,0.601040118871,0.398959881129
2991.351,0.601336302895,0.398663697105
2997.056,0.601632047478,0.398367952522
2994.609,0.602222222222,0.397777777778
2995.334,0.602222222222,0.397777777778
2995.903,0.60251665433,0.39748334567
2994.445,0.602810650888,0.397189349112
2994.596,0.601920236337,0.398079763663
2995.886,0.601920236337,0.398079763663
2994.45,0.60147601476,0.39852398524
2994.905,0.601032448378,0.398967551622
2994.466,0.601326455416,0.398673544584
3005.406,0.600441501104,0.399558498896
3004.667,0.600441501104,0.399558498896
3006.075,0.6,0.4
3006.019,0.600293901543,0.399706098457
3001.944,0.599853157122,0.400146842878
3009.533,0.600146735143,0.399853264857
3014.614,0.599706744868,0.400293255132
3016.473,0.598828696925,0.401171303075
3020.86,0.598828696925,0.401171303075
3020.646,0.59839063643,0.40160936357
3020.65,0.597953216374,0.402046783626
3019.645,0.598246895544,0.401753104456
3021.327,0.597810218978,0.402189781022
3028.943,0.597374179431,0.402625820569
3036.111,0.59693877551,0.40306122449
3055.447,0.597525473071,0.402474526929
3041.137,0.597525473071,0.402474526929
3040.496,0.597818181818,0.402181818182
3045.234,0.59738372093,0.40261627907
3040.458,0.596949891068,0.403050108932
3040.485,0.596516690856,0.403483309144
3047.941,0.596809282088,0.403190717912
3045.57,0.597101449275,0.402898550725
3055.417,0.597393193338,0.402606806662
3060.294,0.597684515195,0.402315484805
3050.494,0.597975415763,0.402024584237
3060.807,0.598265895954,0.401734104046
3055.61,0.598555956679,0.401444043321
3040.506,0.598845598846,0.401154401154
3056.391,0.59913482336,0.40086517664
3056.477,0.599712023038,0.400287976962
3041.072,0.599712023038,0.400287976962
3040.474,0.6,0.4
3050.417,0.600287562904,0.399712437096
3041.291,0.600861450108,0.399138549892
3060.446,0.600861450108,0.399138549892
3062.023,0.600430416069,0.399569583931
3066.134,0.600716845878,0.399283154122
3066.04,0.60100286533,0.39899713467
3062.08,0.601288475304,0.398711524696
3061.982,0.601573676681,0.398426323319
3066.051,0.601858470336,0.398141529664
3070.249,0.602426837973,0.397573162027
3070.521,0.602426837973,0.397573162027
3067.809,0.602710413695,0.397289586305
3070.482,0.602993585175,0.397006414825
3070.688,0.603276353276,0.396723646724
3077.021,0.603558718861,0.396441281139
3083.782,0.603840682788,0.396159317212
3084.649,0.603693181818,0.396306818182
3084.691,0.603693181818,0.396306818182
3083.814,0.603974449965,0.396025550035
3090.458,0.60453579022,0.39546420978
3090.504,0.60453579022,0.39546420978
3090.612,0.604815864023,0.395184135977
3090.411,0.605095541401,0.394904458599
3090.647,0.605374823197,0.394625176803
3090.508,0.60593220339,0.39406779661
3090.851,0.60593220339,0.39406779661
3090.878,0.606210303458,0.393789696542
3097.63,0.606765327696,0.393234672304
3100.438,0.606765327696,0.393234672304
3095.289,0.607318789585,0.392681210415
3095.509,0.607318789585,0.392681210415
3110.55,0.607594936709,0.392405063291
3137.723,0.608146067416,0.391853932584
3136.173,0.608146067416,0.391853932584
3127.664,0.608695652174,0.391304347826
3130.295,0.608695652174,0.391304347826
3144.531,0.608969866854,0.391030133146
3150.228,0.60979020979,0.39020979021
3150.665,0.60979020979,0.39020979021
3151.366,0.60979020979,0.39020979021
3147.553,0.610062893082,0.389937106918
3151.347,0.610335195531,0.389664804469
3151.377,0.610607117934,0.389392882066
3149.713,0.610878661088,0.389121338912
3150.408,0.611149825784,0.388850174216
3150.388,0.611691022965,0.388308977035
3150.356,0.611691022965,0.388308977035
3150.442,0.611961057024,0.388038942976
3150.378,0.612230715775,0.387769284225
3150.588,0.6125,0.3875
3150.382,0.612768910479,0.387231089521
3151.46,0.613037447989,0.386962552011
3151.515,0.613305613306,0.386694386694
3151.455,0.613573407202,0.386426592798
3151.51,0.614374568072,0.385625431928
3151.526,0.614374568072,0.385625431928
3151.889,0.614374568072,0.385625431928
3151.453,0.614640883978,0.385359116022
3151.525,0.615172413793,0.384827586207
3151.741,0.615172413793,0.384827586207
3151.493,0.615437629221,0.384562370779
3151.499,0.615702479339,0.384297520661
3165.799,0.616494845361,0.383505154639
3166.55,0.616494845361,0.383505154639
3167.769,0.616494845361,0.383505154639
3166.392,0.616758241758,0.383241758242
3163.12,0.617021276596,0.382978723404
3165.278,0.617283950617,0.382716049383
3164.744,0.617546264565,0.382453735435
3165.239,0.617808219178,0.382191780822
3176.314,0.618591934381,0.381408065619
3175.178,0.618591934381,0.381408065619
3176.346,0.618591934381,0.381408065619
3176.394,0.618852459016,0.381147540984
3176.087,0.619112627986,0.380887372014
3171.608,0.619372442019,0.380627557981
3176.5,0.619891008174,0.380108991826
3176.493,0.619891008174,0.380108991826
3176.514,0.620149761743,0.379850238257
3176.453,0.620408163265,0.379591836735
3176.663,0.62066621346,0.37933378654
3176.52,0.620923913043,0.379076086957
3176.547,0.621181262729,0.378818737271
3186.48,0.621694915254,0.378305084746
3186.449,0.621951219512,0.378048780488
3185.622,0.621951219512,0.378048780488
3186.884,0.62220717671,0.37779282329
3196.332,0.622462787551,0.377537212449
3199.719,0.622972972973,0.377027027027
3200.288,0.622972972973,0.377027027027
3209.522,0.623481781377,0.376518218623
3207.441,0.623481781377,0.376518218623
3207.721,0.623989218329,0.376010781671
3208.488,0.623989218329,0.376010781671
3202.032,0.624242424242,0.375757575758
3208.722,0.624495289367,0.375504710633
3211.734,0.625,0.375
3213.233,0.625,0.375