Time,RejRate,AcceptRate
127.666666667,0.0,1.0
138.143199,0.5,0.5
265.809865667,0.333333333333,0.666666666667
393.476532333,0.25,0.75
403.953064667,0.4,0.6
531.619731333,0.333333333333,0.666666666667
659.286398,0.285714285714,0.714285714286
786.953064667,0.25,0.75
914.619731333,0.222222222222,0.777777777778
1042.286398,0.2,0.8
1169.95306467,0.181818181818,0.818181818182
1297.61973133,0.166666666667,0.833333333333
1308.09626367,0.230769230769,0.769230769231
1435.76293033,0.214285714286,0.785714285714
1563.429597,0.2,0.8
1691.09626367,0.1875,0.8125
1701.572796,0.235294117647,0.764705882353
1712.04932833,0.277777777778,0.722222222222
1839.715995,0.263157894737,0.736842105263
1850.19252733,0.3,0.7
1977.859194,0.285714285714,0.714285714286
2105.52586067,0.272727272727,0.727272727273
2233.19252733,0.260869565217,0.739130434783
2243.66905967,0.291666666667,0.708333333333
2371.33572633,0.28,0.72
2381.81225867,0.307692307692,0.692307692308
2392.288791,0.333333333333,0.666666666667
2519.95545767,0.321428571429,0.678571428571
2530.43199,0.344827586207,0.655172413793
2540.90852233,0.366666666667,0.633333333333
2551.38505467,0.387096774194,0.612903225806
2561.861587,0.40625,0.59375
2572.33811933,0.424242424242,0.575757575758
2582.81465167,0.441176470588,0.558823529412
2593.291184,0.457142857143,0.542857142857
2603.76771633,0.472222222222,0.527777777778
2614.24424867,0.486486486486,0.513513513514
2624.720781,0.5,0.5
2635.19731333,0.512820512821,0.487179487179
2645.67384567,0.525,0.475
2656.150378,0.536585365854,0.463414634146
2666.62691033,0.547619047619,0.452380952381
2677.10344267,0.558139534884,0.441860465116
2687.579975,0.568181818182,0.431818181818
2698.05650733,0.577777777778,0.422222222222
2708.53303967,0.586956521739,0.413043478261
2719.009572,0.595744680851,0.404255319149
2729.48610433,0.604166666667,0.395833333333
2739.96263667,0.612244897959,0.387755102041
2750.439169,0.62,0.38
2760.91570133,0.627450980392,0.372549019608
2771.39223367,0.634615384615,0.365384615385
2781.868766,0.641509433962,0.358490566038
2792.34529833,0.648148148148,0.351851851852
2802.82183067,0.654545454545,0.345454545455
2813.298363,0.660714285714,0.339285714286
2940.96502967,0.649122807018,0.350877192982
2951.441562,0.655172413793,0.344827586207
2961.91809433,0.661016949153,0.338983050847
2972.39462667,0.666666666667,0.333333333333
2982.871159,0.672131147541,0.327868852459
2993.34769133,0.677419354839,0.322580645161
3003.82422367,0.68253968254,0.31746031746
3014.300756,0.6875,0.3125
3024.77728833,0.692307692308,0.307692307692
3035.25382067,0.69696969697,0.30303030303
3045.730353,0.701492537313,0.298507462687
3056.20688533,0.705882352941,0.294117647059
3066.68341767,0.710144927536,0.289855072464
3077.15995,0.714285714286,0.285714285714
3087.63648233,0.718309859155,0.281690140845
3098.11301467,0.722222222222,0.277777777778
3108.589547,0.72602739726,0.27397260274
3236.25621367,0.716216216216,0.283783783784
3246.732746,0.72,0.28
3257.20927833,0.723684210526,0.276315789474
3384.875945,0.714285714286,0.285714285714
3512.54261167,0.705128205128,0.294871794872
3640.20927833,0.696202531646,0.303797468354
3767.875945,0.6875,0.3125
3895.54261167,0.679012345679,0.320987654321
3906.019144,0.682926829268,0.317073170732
3916.49567633,0.686746987952,0.313253012048
4044.162343,0.678571428571,0.321428571429
4171.82900967,0.670588235294,0.329411764706
4299.49567633,0.662790697674,0.337209302326
4427.162343,0.655172413793,0.344827586207
4554.82900967,0.647727272727,0.352272727273
4682.49567633,0.640449438202,0.359550561798
4692.97220867,0.644444444444,0.355555555556
4820.63887533,0.637362637363,0.362637362637
4831.11540767,0.641304347826,0.358695652174
4841.59194,0.645161290323,0.354838709677
4852.06847233,0.648936170213,0.351063829787
4979.735139,0.642105263158,0.357894736842
5107.40180567,0.635416666667,0.364583333333
5235.06847233,0.628865979381,0.371134020619
5362.735139,0.622448979592,0.377551020408
5373.21167133,0.626262626263,0.373737373737
5383.68820367,0.63,0.37
5394.164736,0.633663366337,0.366336633663
5404.64126833,0.637254901961,0.362745098039
5532.307935,0.631067961165,0.368932038835
5542.78446733,0.634615384615,0.365384615385
5553.26099967,0.638095238095,0.361904761905
5680.92766633,0.632075471698,0.367924528302
5808.594333,0.626168224299,0.373831775701
5819.07086533,0.62962962963,0.37037037037
5946.737532,0.623853211009,0.376146788991
5957.21406433,0.627272727273,0.372727272727
5967.69059667,0.630630630631,0.369369369369
5978.167129,0.633928571429,0.366071428571
6105.83379567,0.628318584071,0.371681415929
6116.310328,0.631578947368,0.368421052632
6126.78686033,0.634782608696,0.365217391304
6137.26339267,0.637931034483,0.362068965517
6147.739925,0.641025641026,0.358974358974
6158.21645733,0.64406779661,0.35593220339
6168.69298967,0.647058823529,0.352941176471
6179.169522,0.65,0.35
6189.64605433,0.652892561983,0.347107438017
6200.12258667,0.655737704918,0.344262295082
6327.78925333,0.650406504065,0.349593495935
6455.45592,0.645161290323,0.354838709677
6465.93245233,0.648,0.352
6476.40898467,0.650793650794,0.349206349206
6604.07565133,0.645669291339,0.354330708661
6731.742318,0.640625,0.359375
6859.40898467,0.635658914729,0.364341085271
6987.07565133,0.630769230769,0.369230769231
7114.742318,0.625954198473,0.374045801527
7125.21885033,0.628787878788,0.371212121212
7252.885517,0.624060150376,0.375939849624
7263.36204933,0.626865671642,0.373134328358
7391.028716,0.622222222222,0.377777777778
7401.50524833,0.625,0.375
7411.98178067,0.627737226277,0.372262773723
7422.458313,0.630434782609,0.369565217391
7432.93484533,0.63309352518,0.36690647482
7443.41137767,0.635714285714,0.364285714286
7453.88791,0.63829787234,0.36170212766
7464.36444233,0.640845070423,0.359154929577
7592.031109,0.636363636364,0.363636363636
7719.69777567,0.631944444444,0.368055555556
7730.174308,0.634482758621,0.365517241379
7857.84097467,0.630136986301,0.369863013699
7985.50764133,0.625850340136,0.374149659864
7995.98417367,0.628378378378,0.371621621622
8123.65084033,0.624161073826,0.375838926174
8134.12737267,0.626666666667,0.373333333333
8261.79403933,0.622516556291,0.377483443709
8389.460706,0.618421052632,0.381578947368
8517.12737267,0.614379084967,0.385620915033
8527.603905,0.616883116883,0.383116883117
8538.08043733,0.61935483871,0.38064516129
8665.747104,0.615384615385,0.384615384615
8793.41377067,0.611464968153,0.388535031847
8921.08043733,0.607594936709,0.392405063291
9048.747104,0.603773584906,0.396226415094
9176.41377067,0.6,0.4
9304.08043733,0.596273291925,0.403726708075
9431.747104,0.592592592593,0.407407407407
9559.41377067,0.588957055215,0.411042944785
9569.890303,0.591463414634,0.408536585366
9697.55696967,0.587878787879,0.412121212121
9825.22363633,0.584337349398,0.415662650602
9835.70016867,0.586826347305,0.413173652695
9963.36683533,0.583333333333,0.416666666667
10091.033502,0.579881656805,0.420118343195
10101.5100343,0.582352941176,0.417647058824
10229.176701,0.578947368421,0.421052631579
10356.8433677,0.575581395349,0.424418604651
10367.3199,0.578034682081,0.421965317919
10377.7964323,0.580459770115,0.419540229885
10388.2729647,0.582857142857,0.417142857143
10398.749497,0.585227272727,0.414772727273
10409.2260293,0.587570621469,0.412429378531
10419.7025617,0.589887640449,0.410112359551
10430.179094,0.59217877095,0.40782122905
10440.6556263,0.594444444444,0.405555555556
10568.322293,0.591160220994,0.408839779006
10578.7988253,0.593406593407,0.406593406593
10589.2753577,0.595628415301,0.404371584699
10599.75189,0.597826086957,0.402173913043
10610.2284223,0.6,0.4
10737.895089,0.596774193548,0.403225806452
10748.3716213,0.598930481283,0.401069518717
10758.8481537,0.601063829787,0.398936170213
10769.324686,0.603174603175,0.396825396825
10779.8012183,0.605263157895,0.394736842105
10790.2777507,0.607329842932,0.392670157068
10800.754283,0.609375,0.390625
10811.2308153,0.611398963731,0.388601036269
10821.7073477,0.613402061856,0.386597938144
10832.18388,0.615384615385,0.384615384615
10842.6604123,0.617346938776,0.382653061224
10853.1369447,0.619289340102,0.380710659898
10863.613477,0.621212121212,0.378787878788
10991.2801437,0.618090452261,0.381909547739
11001.756676,0.62,0.38
11012.2332083,0.621890547264,0.378109452736
11022.7097407,0.623762376238,0.376237623762
11033.186273,0.625615763547,0.374384236453
11043.6628053,0.627450980392,0.372549019608
11054.1393377,0.629268292683,0.370731707317
11064.61587,0.631067961165,0.368932038835
11075.0924023,0.632850241546,0.367149758454
11085.5689347,0.634615384615,0.365384615385
11096.045467,0.636363636364,0.363636363636
11106.5219993,0.638095238095,0.361904761905
11116.9985317,0.63981042654,0.36018957346
11127.475064,0.641509433962,0.358490566038
11137.9515963,0.643192488263,0.356807511737
11148.4281287,0.644859813084,0.355140186916
11158.904661,0.646511627907,0.353488372093
11169.3811933,0.648148148148,0.351851851852
11179.8577257,0.649769585253,0.350230414747
11190.334258,0.651376146789,0.348623853211
11200.8107903,0.65296803653,0.34703196347
11211.2873227,0.654545454545,0.345454545455
11221.763855,0.656108597285,0.343891402715
11232.2403873,0.657657657658,0.342342342342
11242.7169197,0.659192825112,0.340807174888
11370.3835863,0.65625,0.34375
11498.050253,0.653333333333,0.346666666667
11625.7169197,0.650442477876,0.349557522124
11753.3835863,0.647577092511,0.352422907489
11881.050253,0.644736842105,0.355263157895
12008.7169197,0.64192139738,0.35807860262
12019.193452,0.64347826087,0.35652173913
12146.8601187,0.640692640693,0.359307359307
12157.336651,0.64224137931,0.35775862069
12167.8131833,0.643776824034,0.356223175966
12295.47985,0.641025641026,0.358974358974
12305.9563823,0.642553191489,0.357446808511
12316.4329147,0.64406779661,0.35593220339
12326.909447,0.645569620253,0.354430379747
12454.5761137,0.642857142857,0.357142857143
12465.052646,0.644351464435,0.355648535565
12592.7193127,0.641666666667,0.358333333333
12603.195845,0.643153526971,0.356846473029
12613.6723773,0.644628099174,0.355371900826
12624.1489097,0.646090534979,0.353909465021
12634.625442,0.647540983607,0.352459016393
12645.1019743,0.648979591837,0.351020408163
12655.5785067,0.650406504065,0.349593495935
12666.055039,0.651821862348,0.348178137652
12793.7217057,0.649193548387,0.350806451613
12804.198238,0.650602409639,0.349397590361
12931.8649047,0.648,0.352
13059.5315713,0.645418326693,0.354581673307
13187.198238,0.642857142857,0.357142857143
13314.8649047,0.640316205534,0.359683794466
13442.5315713,0.637795275591,0.362204724409
13570.198238,0.635294117647,0.364705882353
13697.8649047,0.6328125,0.3671875
13825.5315713,0.630350194553,0.369649805447
13953.198238,0.627906976744,0.372093023256
14080.8649047,0.625482625483,0.374517374517
14091.341437,0.626923076923,0.373076923077
14219.0081037,0.624521072797,0.375478927203
14346.6747703,0.62213740458,0.37786259542
14474.341437,0.619771863118,0.380228136882
14484.8179693,0.621212121212,0.378787878788
14612.484636,0.618867924528,0.381132075472
14622.9611683,0.62030075188,0.37969924812
14750.627835,0.61797752809,0.38202247191
14878.2945017,0.615671641791,0.384328358209
14888.771034,0.617100371747,0.382899628253
14899.2475663,0.618518518519,0.381481481481
14909.7240987,0.619926199262,0.380073800738
14920.200631,0.621323529412,0.378676470588
15047.8672977,0.619047619048,0.380952380952
15175.5339643,0.616788321168,0.383211678832
15186.0104967,0.618181818182,0.381818181818
15313.6771633,0.615942028986,0.384057971014
15324.1536957,0.617328519856,0.382671480144
15334.630228,0.618705035971,0.381294964029
15345.1067603,0.620071684588,0.379928315412
15355.5832927,0.621428571429,0.378571428571
15366.059825,0.622775800712,0.377224199288
15376.5363573,0.624113475177,0.375886524823
15504.203024,0.621908127208,0.378091872792
15514.6795563,0.62323943662,0.37676056338
15525.1560887,0.624561403509,0.375438596491
15535.632621,0.625874125874,0.374125874126
15546.1091533,0.627177700348,0.372822299652
15673.77582,0.625,0.375
15684.2523523,0.626297577855,0.373702422145
15694.7288847,0.627586206897,0.372413793103
15705.205417,0.628865979381,0.371134020619
15715.6819493,0.630136986301,0.369863013699
15726.1584817,0.631399317406,0.368600682594
15736.635014,0.632653061224,0.367346938776
15747.1115463,0.633898305085,0.366101694915
15757.5880787,0.635135135135,0.364864864865
15768.064611,0.636363636364,0.363636363636
15778.5411433,0.637583892617,0.362416107383
15789.0176757,0.638795986622,0.361204013378
15799.494208,0.64,0.36
15809.9707403,0.641196013289,0.358803986711
15820.4472727,0.64238410596,0.35761589404
15830.923805,0.643564356436,0.356435643564
15958.5904717,0.641447368421,0.358552631579
15969.067004,0.64262295082,0.35737704918
15979.5435363,0.643790849673,0.356209150327
15990.0200687,0.644951140065,0.355048859935
16000.496601,0.646103896104,0.353896103896
16010.9731333,0.647249190939,0.352750809061
16021.4496657,0.648387096774,0.351612903226
16031.926198,0.649517684887,0.350482315113
16042.4027303,0.650641025641,0.349358974359
16052.8792627,0.651757188498,0.348242811502
16063.355795,0.652866242038,0.347133757962
16073.8323273,0.653968253968,0.346031746032
16084.3088597,0.655063291139,0.344936708861
16211.9755263,0.652996845426,0.347003154574
16339.642193,0.650943396226,0.349056603774
16467.3088597,0.648902821317,0.351097178683
16594.9755263,0.646875,0.353125
16722.642193,0.644859813084,0.355140186916
16850.3088597,0.642857142857,0.357142857143
16860.785392,0.643962848297,0.356037151703
16988.4520587,0.641975308642,0.358024691358
16998.928591,0.643076923077,0.356923076923
17009.4051233,0.644171779141,0.355828220859
17019.8816557,0.645259938838,0.354740061162
17030.358188,0.646341463415,0.353658536585
17040.8347203,0.647416413374,0.352583586626
17051.3112527,0.648484848485,0.351515151515
17178.9779193,0.646525679758,0.353474320242
17306.644586,0.644578313253,0.355421686747
17434.3112527,0.642642642643,0.357357357357
17444.787785,0.64371257485,0.35628742515
17572.4544517,0.641791044776,0.358208955224
17700.1211183,0.639880952381,0.360119047619
17827.787785,0.637982195846,0.362017804154
17955.4544517,0.636094674556,0.363905325444
17965.930984,0.637168141593,0.362831858407
18093.5976507,0.635294117647,0.364705882353
18104.074183,0.636363636364,0.363636363636
18114.5507153,0.637426900585,0.362573099415
18242.217382,0.63556851312,0.36443148688
18369.8840487,0.633720930233,0.366279069767
18497.5507153,0.631884057971,0.368115942029
18508.0272477,0.632947976879,0.367052023121
18518.50378,0.634005763689,0.365994236311
18646.1704467,0.632183908046,0.367816091954
18773.8371133,0.630372492837,0.369627507163
18784.3136457,0.631428571429,0.368571428571
18911.9803123,0.62962962963,0.37037037037
19039.646979,0.627840909091,0.372159090909
19167.3136457,0.626062322946,0.373937677054
19177.790178,0.627118644068,0.372881355932
19305.4568447,0.625352112676,0.374647887324
19433.1235113,0.623595505618,0.376404494382
19443.6000437,0.624649859944,0.375350140056
19571.2667103,0.622905027933,0.377094972067
19698.933377,0.621169916435,0.378830083565
19709.4099093,0.622222222222,0.377777777778
19719.8864417,0.623268698061,0.376731301939
19730.362974,0.624309392265,0.375690607735
19858.0296407,0.62258953168,0.37741046832
19868.506173,0.623626373626,0.376373626374
19878.9827053,0.624657534247,0.375342465753
20006.649372,0.622950819672,0.377049180328
20017.1259043,0.623978201635,0.376021798365
20027.6024367,0.625,0.375
20038.078969,0.626016260163,0.373983739837
20048.5555013,0.627027027027,0.372972972973
20059.0320337,0.628032345013,0.371967654987
20069.508566,0.629032258065,0.370967741935
20079.9850983,0.630026809651,0.369973190349
20090.4616307,0.631016042781,0.368983957219
20100.938163,0.632,0.368
20111.4146953,0.632978723404,0.367021276596
20121.8912277,0.633952254642,0.366047745358
20132.36776,0.634920634921,0.365079365079
20142.8442923,0.635883905013,0.364116094987
20153.3208247,0.636842105263,0.363157894737
20163.797357,0.637795275591,0.362204724409
20174.2738893,0.638743455497,0.361256544503
20184.7504217,0.639686684073,0.360313315927
20195.226954,0.640625,0.359375
20205.7034863,0.641558441558,0.358441558442
20216.1800187,0.642487046632,0.357512953368
20226.656551,0.643410852713,0.356589147287
20237.1330833,0.644329896907,0.355670103093
20247.6096157,0.645244215938,0.354755784062
20258.086148,0.646153846154,0.353846153846
20268.5626803,0.647058823529,0.352941176471
20279.0392127,0.647959183673,0.352040816327
20406.7058793,0.64631043257,0.35368956743
20417.1824117,0.647208121827,0.352791878173
20427.658944,0.648101265823,0.351898734177
20438.1354763,0.64898989899,0.35101010101
20448.6120087,0.649874055416,0.350125944584
20459.088541,0.650753768844,0.349246231156
20586.7552077,0.649122807018,0.350877192982
20597.23174,0.65,0.35
20607.7082723,0.650872817955,0.349127182045
20618.1848047,0.651741293532,0.348258706468
20628.661337,0.652605459057,0.347394540943
20639.1378693,0.653465346535,0.346534653465
20649.6144017,0.654320987654,0.345679012346
20660.090934,0.655172413793,0.344827586207
20670.5674663,0.65601965602,0.34398034398
20681.0439987,0.656862745098,0.343137254902
20691.520531,0.657701711491,0.342298288509
20701.9970633,0.658536585366,0.341463414634
20712.4735957,0.659367396594,0.340632603406
20722.950128,0.660194174757,0.339805825243
20733.4266603,0.661016949153,0.338983050847
20743.9031927,0.661835748792,0.338164251208
20871.5698593,0.660240963855,0.339759036145
20882.0463917,0.661057692308,0.338942307692
21009.7130583,0.659472422062,0.340527577938
21137.379725,0.657894736842,0.342105263158
21147.8562573,0.658711217184,0.341288782816
21275.522924,0.657142857143,0.342857142857
21403.1895907,0.655581947743,0.344418052257
21530.8562573,0.654028436019,0.345971563981
21541.3327897,0.654846335697,0.345153664303
21668.9994563,0.653301886792,0.346698113208
21679.4759887,0.654117647059,0.345882352941
21689.952521,0.654929577465,0.345070422535
21817.6191877,0.653395784543,0.346604215457
21828.09572,0.654205607477,0.345794392523
21838.5722523,0.655011655012,0.344988344988
21966.238919,0.653488372093,0.346511627907
21976.7154513,0.654292343387,0.345707656613
21987.1919837,0.655092592593,0.344907407407
21997.668516,0.655889145497,0.344110854503
22008.1450483,0.65668202765,0.34331797235
22018.6215807,0.657471264368,0.342528735632
22029.098113,0.658256880734,0.341743119266
22039.5746453,0.659038901602,0.340961098398
22050.0511777,0.659817351598,0.340182648402
22060.52771,0.660592255125,0.339407744875
22071.0042423,0.661363636364,0.338636363636
22081.4807747,0.662131519274,0.337868480726
22091.957307,0.662895927602,0.337104072398
22102.4338393,0.663656884876,0.336343115124
22112.9103717,0.664414414414,0.335585585586
22123.386904,0.665168539326,0.334831460674
22133.8634363,0.665919282511,0.334080717489
22144.3399687,0.666666666667,0.333333333333
22154.816501,0.667410714286,0.332589285714
22282.4831677,0.665924276169,0.334075723831
22292.9597,0.666666666667,0.333333333333
22303.4362323,0.667405764967,0.332594235033
22313.9127647,0.66814159292,0.33185840708
22324.389297,0.668874172185,0.331125827815
22334.8658293,0.669603524229,0.330396475771
22345.3423617,0.67032967033,0.32967032967
22355.818894,0.671052631579,0.328947368421
22366.2954263,0.671772428884,0.328227571116
22376.7719587,0.672489082969,0.327510917031
22387.248491,0.673202614379,0.326797385621
22397.7250233,0.673913043478,0.326086956522
22525.39169,0.672451193059,0.327548806941
22535.8682223,0.67316017316,0.32683982684
22546.3447547,0.673866090713,0.326133909287
22556.821287,0.674568965517,0.325431034483
22567.2978193,0.675268817204,0.324731182796
22577.7743517,0.675965665236,0.324034334764
22588.250884,0.676659528908,0.323340471092
22598.7274163,0.67735042735,0.32264957265
22609.2039487,0.678038379531,0.321961620469
22736.8706153,0.676595744681,0.323404255319
22864.537282,0.675159235669,0.324840764331
22875.0138143,0.675847457627,0.324152542373
23002.680481,0.674418604651,0.325581395349
23130.3471477,0.672995780591,0.327004219409
23258.0138143,0.671578947368,0.328421052632
23268.4903467,0.672268907563,0.327731092437
23278.966879,0.672955974843,0.327044025157
23289.4434113,0.673640167364,0.326359832636
23417.110078,0.672233820459,0.327766179541
23544.7767447,0.670833333333,0.329166666667
23672.4434113,0.669438669439,0.330561330561
23800.110078,0.668049792531,0.331950207469
23810.5866103,0.668737060041,0.331262939959
23821.0631427,0.669421487603,0.330578512397
23831.539675,0.670103092784,0.329896907216
23842.0162073,0.670781893004,0.329218106996
23969.682874,0.669404517454,0.330595482546
23980.1594063,0.670081967213,0.329918032787
23990.6359387,0.670756646217,0.329243353783
24118.3026053,0.669387755102,0.330612244898
24128.7791377,0.670061099796,0.329938900204
24139.25567,0.670731707317,0.329268292683
24266.9223367,0.669371196755,0.330628803245
24277.398869,0.67004048583,0.32995951417
24287.8754013,0.670707070707,0.329292929293
24298.3519337,0.671370967742,0.328629032258
24308.828466,0.672032193159,0.327967806841
24319.3049983,0.672690763052,0.327309236948
24329.7815307,0.673346693387,0.326653306613
24340.258063,0.674,0.326
24350.7345953,0.674650698603,0.325349301397
24361.2111277,0.675298804781,0.324701195219
24371.68766,0.675944333996,0.324055666004
24382.1641923,0.676587301587,0.323412698413
24392.6407247,0.677227722772,0.322772277228
24403.117257,0.677865612648,0.322134387352
24413.5937893,0.678500986193,0.321499013807
24424.0703217,0.679133858268,0.320866141732
24434.546854,0.679764243615,0.320235756385
24445.0233863,0.680392156863,0.319607843137
24455.4999187,0.681017612524,0.318982387476
24583.1665853,0.6796875,0.3203125
24593.6431177,0.680311890838,0.319688109162
24604.11965,0.68093385214,0.31906614786
24614.5961823,0.681553398058,0.318446601942
24625.0727147,0.682170542636,0.317829457364
24635.549247,0.682785299807,0.317214700193
24646.0257793,0.683397683398,0.316602316602
24656.5023117,0.684007707129,0.315992292871
24666.978844,0.684615384615,0.315384615385
24677.4553763,0.685220729367,0.314779270633
24687.9319087,0.685823754789,0.314176245211
24698.408441,0.686424474187,0.313575525813
24708.8849733,0.687022900763,0.312977099237
24719.3615057,0.687619047619,0.312380952381
24729.838038,0.688212927757,0.311787072243
24740.3145703,0.68880455408,0.31119544592
24750.7911027,0.689393939394,0.310606060606
24761.267635,0.689981096408,0.310018903592
24888.9343017,0.688679245283,0.311320754717
25016.6009683,0.687382297552,0.312617702448
25144.267635,0.686090225564,0.313909774436
25154.7441673,0.686679174484,0.313320825516
25282.410834,0.685393258427,0.314606741573
25292.8873663,0.685981308411,0.314018691589
25303.3638987,0.686567164179,0.313432835821
25313.840431,0.687150837989,0.312849162011
25441.5070977,0.685873605948,0.314126394052
25451.98363,0.686456400742,0.313543599258
25462.4601623,0.687037037037,0.312962962963
25472.9366947,0.687615526802,0.312384473198
25483.413227,0.688191881919,0.311808118081
25611.0798937,0.686924493554,0.313075506446
25738.7465603,0.685661764706,0.314338235294
25866.413227,0.684403669725,0.315596330275
25876.8897593,0.684981684982,0.315018315018
25887.3662917,0.685557586837,0.314442413163
25897.842824,0.686131386861,0.313868613139
26025.5094907,0.684881602914,0.315118397086
26153.1761573,0.683636363636,0.316363636364
26280.842824,0.682395644283,0.317604355717
26408.5094907,0.68115942029,0.31884057971
26536.1761573,0.679927667269,0.320072332731
26663.842824,0.678700361011,0.321299638989
26791.5094907,0.677477477477,0.322522522523
26801.986023,0.678057553957,0.321942446043
26929.6526897,0.67684021544,0.32315978456
26940.129222,0.677419354839,0.322580645161
26950.6057543,0.677996422182,0.322003577818
26961.0822867,0.678571428571,0.321428571429
26971.558819,0.679144385027,0.320855614973
26982.0353513,0.679715302491,0.320284697509
26992.5118837,0.680284191829,0.319715808171
27002.988416,0.68085106383,0.31914893617
27013.4649483,0.681415929204,0.318584070796
27141.131615,0.680212014134,0.319787985866
27268.7982817,0.679012345679,0.320987654321
27279.274814,0.679577464789,0.320422535211
27289.7513463,0.68014059754,0.31985940246
27300.2278787,0.680701754386,0.319298245614
27310.704411,0.681260945709,0.318739054291
27321.1809433,0.681818181818,0.318181818182
27331.6574757,0.682373472949,0.317626527051
27342.134008,0.682926829268,0.317073170732
27352.6105403,0.68347826087,0.31652173913
27363.0870727,0.684027777778,0.315972222222
27373.563605,0.684575389948,0.315424610052
27384.0401373,0.685121107266,0.314878892734
27394.5166697,0.685664939551,0.314335060449
27404.993202,0.686206896552,0.313793103448
27415.4697343,0.686746987952,0.313253012048
27425.9462667,0.687285223368,0.312714776632
27436.422799,0.68782161235,0.31217838765
27446.8993313,0.688356164384,0.311643835616
27457.3758637,0.688888888889,0.311111111111
27585.0425303,0.68771331058,0.31228668942
27712.709197,0.686541737649,0.313458262351
27723.1857293,0.687074829932,0.312925170068
27850.852396,0.685908319185,0.314091680815
27861.3289283,0.686440677966,0.313559322034
27988.995595,0.685279187817,0.314720812183
27999.4721273,0.685810810811,0.314189189189
28009.9486597,0.686340640809,0.313659359191
28020.425192,0.686868686869,0.313131313131
28030.9017243,0.687394957983,0.312605042017
28041.3782567,0.687919463087,0.312080536913
28051.854789,0.688442211055,0.311557788945
28062.3313213,0.688963210702,0.311036789298
28072.8078537,0.689482470785,0.310517529215
28083.284386,0.69,0.31
28093.7609183,0.690515806988,0.309484193012
28104.2374507,0.691029900332,0.308970099668
28114.713983,0.691542288557,0.308457711443
28125.1905153,0.692052980132,0.307947019868
28135.6670477,0.692561983471,0.307438016529
28146.14358,0.693069306931,0.306930693069
28156.6201123,0.693574958814,0.306425041186
28167.0966447,0.694078947368,0.305921052632
28177.573177,0.694581280788,0.305418719212
28188.0497093,0.695081967213,0.304918032787
28198.5262417,0.69558101473,0.30441898527
28209.002774,0.696078431373,0.303921568627
28219.4793063,0.696574225122,0.303425774878
28229.9558387,0.697068403909,0.302931596091
28240.432371,0.69756097561,0.30243902439
28250.9089033,0.698051948052,0.301948051948
28261.3854357,0.698541329011,0.301458670989
28271.861968,0.699029126214,0.300970873786
28282.3385003,0.699515347334,0.300484652666
28292.8150327,0.7,0.3
28303.291565,0.700483091787,0.299516908213
28313.7680973,0.700964630225,0.299035369775
28324.2446297,0.701444622793,0.298555377207
28334.721162,0.701923076923,0.298076923077
28345.1976943,0.7024,0.2976
28355.6742267,0.702875399361,0.297124600639
28366.150759,0.703349282297,0.296650717703
28376.6272913,0.703821656051,0.296178343949
28387.1038237,0.704292527822,0.295707472178
28397.580356,0.704761904762,0.295238095238
28408.0568883,0.705229793978,0.294770206022
28418.5334207,0.705696202532,0.294303797468
28429.009953,0.706161137441,0.293838862559
28439.4864853,0.706624605678,0.293375394322
28449.9630177,0.707086614173,0.292913385827
28460.43955,0.707547169811,0.292452830189
28470.9160823,0.708006279435,0.291993720565
28481.3926147,0.708463949843,0.291536050157
28491.869147,0.708920187793,0.291079812207
28502.3456793,0.709375,0.290625
28512.8222117,0.709828393136,0.290171606864
28640.4888783,0.708722741433,0.291277258567
28768.155545,0.707620528771,0.292379471229
28895.8222117,0.70652173913,0.29347826087
29023.4888783,0.705426356589,0.294573643411
29033.9654107,0.705882352941,0.294117647059
29161.6320773,0.704791344668,0.295208655332
29172.1086097,0.70524691358,0.29475308642
29299.7752763,0.704160246533,0.295839753467
29427.441943,0.703076923077,0.296923076923
29555.1086097,0.701996927803,0.298003072197
29682.7752763,0.700920245399,0.299079754601
29693.2518087,0.701378254211,0.298621745789
29820.9184753,0.700305810398,0.299694189602
29831.3950077,0.700763358779,0.299236641221
29959.0616743,0.699695121951,0.300304878049
30086.728341,0.698630136986,0.301369863014
30214.3950077,0.697568389058,0.302431610942
30342.0616743,0.696509863429,0.303490136571
30352.5382067,0.69696969697,0.30303030303
30363.014739,0.697428139183,0.302571860817
30490.6814057,0.696374622356,0.303625377644
30618.3480723,0.69532428356,0.30467571644
30746.014739,0.694277108434,0.305722891566
30873.6814057,0.693233082707,0.306766917293
30884.157938,0.693693693694,0.306306306306
31011.8246047,0.692653673163,0.307346326837
31022.301137,0.693113772455,0.306886227545
31149.9678037,0.692077727952,0.307922272048
31277.6344703,0.691044776119,0.308955223881
31288.1110027,0.691505216095,0.308494783905
31415.7776693,0.690476190476,0.309523809524
31426.2542017,0.690936106984,0.309063893016
31436.730734,0.691394658754,0.308605341246
31447.2072663,0.691851851852,0.308148148148
31457.6837987,0.692307692308,0.307692307692
31468.160331,0.692762186115,0.307237813885
31478.6368633,0.693215339233,0.306784660767
31489.1133957,0.693667157585,0.306332842415
31499.589928,0.694117647059,0.305882352941
31510.0664603,0.69456681351,0.30543318649
31520.5429927,0.695014662757,0.304985337243
31531.019525,0.695461200586,0.304538799414
31541.4960573,0.695906432749,0.304093567251
31551.9725897,0.696350364964,0.303649635036
31562.449122,0.696793002915,0.303206997085
31572.9256543,0.697234352256,0.302765647744
31583.4021867,0.697674418605,0.302325581395
31593.878719,0.698113207547,0.301886792453
31604.3552513,0.698550724638,0.301449275362
31614.8317837,0.698986975398,0.301013024602
31625.308316,0.699421965318,0.300578034682
31635.7848483,0.699855699856,0.300144300144
31646.2613807,0.700288184438,0.299711815562
31656.737913,0.70071942446,0.29928057554
31667.2144453,0.701149425287,0.298850574713
31794.881112,0.700143472023,0.299856527977
31922.5477787,0.699140401146,0.300859598854
32050.2144453,0.698140200286,0.301859799714
32060.6909777,0.698571428571,0.301428571429
32188.3576443,0.69757489301,0.30242510699
32198.8341767,0.698005698006,0.301994301994
32326.5008433,0.697012802276,0.302987197724
32454.16751,0.696022727273,0.303977272727
32581.8341767,0.695035460993,0.304964539007
32709.5008433,0.694050991501,0.305949008499
32837.16751,0.693069306931,0.306930693069
32964.8341767,0.69209039548,0.30790960452
33092.5008433,0.691114245416,0.308885754584
33102.9773757,0.691549295775,0.308450704225
33230.6440423,0.690576652602,0.309423347398
33241.1205747,0.691011235955,0.308988764045
33251.597107,0.691444600281,0.308555399719
33262.0736393,0.6918767507,0.3081232493
33389.740306,0.690909090909,0.309090909091
33517.4069727,0.689944134078,0.310055865922
33527.883505,0.690376569038,0.309623430962
33538.3600373,0.690807799443,0.309192200557
33666.026704,0.689847009736,0.310152990264
33793.6933707,0.688888888889,0.311111111111
33921.3600373,0.687933425798,0.312066574202
33931.8365697,0.68836565097,0.31163434903
33942.313102,0.688796680498,0.311203319502
34069.9797687,0.687845303867,0.312154696133
34197.6464353,0.686896551724,0.313103448276
34208.1229677,0.687327823691,0.312672176309
34335.7896343,0.686382393398,0.313617606602
34346.2661667,0.686813186813,0.313186813187
34473.9328333,0.685871056241,0.314128943759
34484.4093657,0.686301369863,0.313698630137
34494.885898,0.686730506156,0.313269493844
34505.3624303,0.687158469945,0.312841530055
34633.029097,0.68622100955,0.31377899045
34643.5056293,0.686648501362,0.313351498638
34653.9821617,0.687074829932,0.312925170068
34664.458694,0.6875,0.3125
34792.1253607,0.686567164179,0.313432835821
34919.7920273,0.685636856369,0.314363143631
35047.458694,0.684709066306,0.315290933694
35175.1253607,0.683783783784,0.316216216216
35185.601893,0.684210526316,0.315789473684
35313.2685597,0.683288409704,0.316711590296
35440.9352263,0.682368775236,0.317631224764
35451.4117587,0.682795698925,0.317204301075
35461.888291,0.68322147651,0.31677852349
35589.5549577,0.682305630027,0.317694369973
35600.03149,0.682730923695,0.317269076305
35610.5080223,0.683155080214,0.316844919786
35738.174689,0.682242990654,0.317757009346
35748.6512213,0.682666666667,0.317333333333
35759.1277537,0.683089214381,0.316910785619
35769.604286,0.683510638298,0.316489361702
35897.2709527,0.682602921647,0.317397078353
35907.747485,0.683023872679,0.316976127321
35918.2240173,0.683443708609,0.316556291391
36045.890684,0.68253968254,0.31746031746
36056.3672163,0.682959048877,0.317040951123
36066.8437487,0.683377308707,0.316622691293
36077.320281,0.683794466403,0.316205533597
36087.7968133,0.684210526316,0.315789473684
36098.2733457,0.684625492773,0.315374507227
36108.749878,0.685039370079,0.314960629921
36119.2264103,0.685452162516,0.314547837484
36246.893077,0.684554973822,0.315445026178
36374.5597437,0.683660130719,0.316339869281
36385.036276,0.68407310705,0.31592689295
36512.7029427,0.683181225554,0.316818774446
36640.3696093,0.682291666667,0.317708333333
36650.8461417,0.682704811443,0.317295188557
36661.322674,0.683116883117,0.316883116883
36671.7992063,0.683527885863,0.316472114137
36682.2757387,0.683937823834,0.316062176166
36692.752271,0.684346701164,0.315653298836
36703.2288033,0.684754521964,0.315245478036
36830.89547,0.683870967742,0.316129032258
36958.5621367,0.682989690722,0.317010309278
37086.2288033,0.682110682111,0.317889317889
37213.89547,0.681233933162,0.318766066838
37224.3720023,0.681643132221,0.318356867779
37234.8485347,0.682051282051,0.317948717949
37245.325067,0.682458386684,0.317541613316
37255.8015993,0.682864450128,0.317135549872
37266.2781317,0.683269476373,0.316730523627
37276.754664,0.683673469388,0.316326530612
37404.4213307,0.682802547771,0.317197452229
37414.897863,0.68320610687,0.31679389313
37425.3743953,0.683608640407,0.316391359593
37435.8509277,0.684010152284,0.315989847716
37446.32746,0.684410646388,0.315589353612
37456.8039923,0.684810126582,0.315189873418
37467.2805247,0.685208596713,0.314791403287
37594.9471913,0.684343434343,0.315656565657
37722.613858,0.683480453972,0.316519546028
37850.2805247,0.682619647355,0.317380352645
37977.9471913,0.681761006289,0.318238993711
38105.613858,0.680904522613,0.319095477387
38116.0903903,0.68130489335,0.31869510665
38243.757057,0.68045112782,0.31954887218
38254.2335893,0.68085106383,0.31914893617
38381.900256,0.68,0.32
38509.5669227,0.679151061174,0.320848938826
38520.043455,0.679551122195,0.320448877805
38530.5199873,0.6799501868,0.3200498132
38540.9965197,0.680348258706,0.319651741294
38668.6631863,0.67950310559,0.32049689441
38679.1397187,0.679900744417,0.320099255583
38689.616251,0.68029739777,0.31970260223
38817.2829177,0.679455445545,0.320544554455
38827.75945,0.679851668727,0.320148331273
38838.2359823,0.68024691358,0.31975308642
38848.7125147,0.680641183724,0.319358816276
38859.189047,0.681034482759,0.318965517241
38869.6655793,0.681426814268,0.318573185732
38880.1421117,0.681818181818,0.318181818182
38890.618644,0.682208588957,0.317791411043
39018.2853107,0.68137254902,0.31862745098
39028.761843,0.6817625459,0.3182374541
39039.2383753,0.682151589242,0.317848410758
39049.7149077,0.68253968254,0.31746031746
39060.19144,0.682926829268,0.317073170732
39187.8581067,0.68209500609,0.31790499391
39198.334639,0.682481751825,0.317518248175
39326.0013057,0.681652490887,0.318347509113
39336.477838,0.682038834951,0.317961165049
39346.9543703,0.682424242424,0.317575757576
39357.4309027,0.682808716707,0.317191283293
39367.907435,0.683192261185,0.316807738815
39378.3839673,0.683574879227,0.316425120773
39388.8604997,0.683956574186,0.316043425814
39399.337032,0.684337349398,0.315662650602
39409.8135643,0.684717208183,0.315282791817
39420.2900967,0.685096153846,0.314903846154
39430.766629,0.685474189676,0.314525810324
39441.2431613,0.685851318945,0.314148681055
39451.7196937,0.68622754491,0.31377245509
39462.196226,0.686602870813,0.313397129187
39472.6727583,0.686977299881,0.313022700119
39600.339425,0.6861575179,0.3138424821
39728.0060917,0.685339690107,0.314660309893
39855.6727583,0.684523809524,0.315476190476
39983.339425,0.683709869203,0.316290130797
40111.0060917,0.682897862233,0.317102137767
40238.6727583,0.682087781732,0.317912218268
40249.1492907,0.682464454976,0.317535545024
40259.625823,0.682840236686,0.317159763314
40387.2924897,0.682033096927,0.317966903073
40397.769022,0.68240850059,0.31759149941
40408.2455543,0.682783018868,0.317216981132
40418.7220867,0.683156654888,0.316843345112
40429.198619,0.683529411765,0.316470588235
40556.8652857,0.682726204465,0.317273795535
40567.341818,0.683098591549,0.316901408451
40695.0084847,0.682297772567,0.317702227433
40705.485017,0.682669789227,0.317330210773
40715.9615493,0.683040935673,0.316959064327
40726.4380817,0.683411214953,0.316588785047
40854.1047483,0.682613768961,0.317386231039
40864.5812807,0.682983682984,0.317016317016
40875.057813,0.683352735739,0.316647264261
40885.5343453,0.683720930233,0.316279069767
40896.0108777,0.684088269454,0.315911730546
40906.48741,0.684454756381,0.315545243619
41034.1540767,0.683661645423,0.316338354577
41161.8207433,0.68287037037,0.31712962963
41289.48741,0.682080924855,0.317919075145
41299.9639423,0.682448036952,0.317551963048
41427.630609,0.681660899654,0.318339100346
41438.1071413,0.68202764977,0.31797235023
41565.773808,0.681242807825,0.318757192175
41693.4404747,0.680459770115,0.319540229885
41703.917007,0.680826636051,0.319173363949
41831.5836737,0.68004587156,0.31995412844
41959.2503403,0.679266895762,0.320733104238
41969.7268727,0.679633867277,0.320366132723
41980.203405,0.68,0.32
41990.6799373,0.680365296804,0.319634703196
42118.346604,0.679589509692,0.320410490308
42128.8231363,0.679954441913,0.320045558087
42139.2996687,0.6803185438,0.3196814562
42149.776201,0.680681818182,0.319318181818
42160.2527333,0.681044267877,0.318955732123
42170.7292657,0.681405895692,0.318594104308
42181.205798,0.681766704417,0.318233295583
42308.8724647,0.680995475113,0.319004524887
42319.348997,0.681355932203,0.318644067797
42329.8255293,0.681715575621,0.318284424379
42340.3020617,0.682074408117,0.317925591883
42467.9687283,0.681306306306,0.318693693694
42595.635395,0.680539932508,0.319460067492
42723.3020617,0.679775280899,0.320224719101
42850.9687283,0.679012345679,0.320987654321
42978.635395,0.678251121076,0.321748878924
42989.1119273,0.678611422172,0.321388577828
43116.778594,0.677852348993,0.322147651007
43244.4452607,0.677094972067,0.322905027933
43254.921793,0.677455357143,0.322544642857
43265.3983253,0.677814938685,0.322185061315
43275.8748577,0.678173719376,0.321826280624
43403.5415243,0.677419354839,0.322580645161
43531.208191,0.676666666667,0.323333333333
43658.8748577,0.675915649279,0.324084350721
43786.5415243,0.675166297118,0.324833702882
43797.0180567,0.675526024363,0.324473975637
43807.494589,0.675884955752,0.324115044248
43935.1612557,0.675138121547,0.324861878453
44062.8279223,0.674392935982,0.325607064018
44190.494589,0.673649393605,0.326350606395
44318.1612557,0.672907488987,0.327092511013
44328.637788,0.673267326733,0.326732673267
44456.3044547,0.672527472527,0.327472527473
44583.9711213,0.671789242591,0.328210757409
44711.637788,0.671052631579,0.328947368421
44722.1143203,0.671412924425,0.328587075575
44732.5908527,0.671772428884,0.328227571116
44860.2575193,0.671038251366,0.328961748634
44987.924186,0.670305676856,0.329694323144
44998.4007183,0.67066521265,0.32933478735
45008.8772507,0.671023965142,0.328976034858
45019.353783,0.671381936888,0.328618063112
45029.8303153,0.671739130435,0.328260869565
45157.496982,0.671009771987,0.328990228013
45167.9735143,0.67136659436,0.32863340564
45178.4500467,0.671722643554,0.328277356446
45188.926579,0.672077922078,0.327922077922
45316.5932457,0.671351351351,0.328648648649
45327.069778,0.671706263499,0.328293736501
45337.5463103,0.672060409924,0.327939590076
45348.0228427,0.672413793103,0.327586206897
45358.499375,0.672766415501,0.327233584499
45368.9759073,0.67311827957,0.32688172043
45496.642574,0.672395273899,0.327604726101
45507.1191063,0.672746781116,0.327253218884
45517.5956387,0.673097534834,0.326902465166
45528.072171,0.673447537473,0.326552462527
45538.5487033,0.673796791444,0.326203208556
45549.0252357,0.674145299145,0.325854700855
45559.501768,0.674493062967,0.325506937033
45569.9783003,0.674840085288,0.325159914712
45580.4548327,0.675186368477,0.324813631523
45590.931365,0.675531914894,0.324468085106
45601.4078973,0.675876726886,0.324123273114
45611.8844297,0.676220806794,0.323779193206
45739.5510963,0.675503711559,0.324496288441
45867.217763,0.674788135593,0.325211864407
45994.8844297,0.674074074074,0.325925925926
46122.5510963,0.673361522199,0.326638477801
46133.0276287,0.673706441394,0.326293558606
46260.6942953,0.672995780591,0.327004219409
46271.1708277,0.673340358272,0.326659641728
46281.64736,0.673684210526,0.326315789474
46292.1238923,0.674027339642,0.325972660358
46302.6004247,0.674369747899,0.325630252101
46430.2670913,0.673662119622,0.326337880378
46557.933758,0.672955974843,0.327044025157
46685.6004247,0.672251308901,0.327748691099
46696.076957,0.672594142259,0.327405857741
46823.7436237,0.671891327064,0.328108672936
46834.220156,0.672233820459,0.327766179541
46961.8868227,0.671532846715,0.328467153285
46972.363355,0.671875,0.328125
47100.0300217,0.671175858481,0.328824141519
47110.506554,0.671517671518,0.328482328482
47120.9830863,0.671858774663,0.328141225337
47131.4596187,0.672199170124,0.327800829876
47141.936151,0.672538860104,0.327461139896
47152.4126833,0.672877846791,0.327122153209
47162.8892157,0.673216132368,0.326783867632
47173.365748,0.673553719008,0.326446280992
47183.8422803,0.673890608875,0.326109391125
47311.508947,0.673195876289,0.326804123711
47439.1756137,0.672502574665,0.327497425335
47566.8422803,0.671810699588,0.328189300412
47694.508947,0.67112024666,0.32887975334
47822.1756137,0.670431211499,0.329568788501
47832.652146,0.670769230769,0.329230769231
47843.1286783,0.671106557377,0.328893442623
47970.795345,0.670419651996,0.329580348004
48098.4620117,0.669734151329,0.330265848671
48108.938544,0.670071501532,0.329928498468
48119.4150763,0.670408163265,0.329591836735
48247.081743,0.669724770642,0.330275229358
48257.5582753,0.670061099796,0.329938900204
48268.0348077,0.670396744659,0.329603255341
48278.51134,0.670731707317,0.329268292683
48288.9878723,0.671065989848,0.328934010152
48299.4644047,0.67139959432,0.32860040568
48309.940937,0.671732522796,0.328267477204
48320.4174693,0.672064777328,0.327935222672
48330.8940017,0.67239635996,0.32760364004
48458.5606683,0.671717171717,0.328282828283
48586.227335,0.671039354188,0.328960645812
48596.7038673,0.671370967742,0.328629032258
48607.1803997,0.671701913394,0.328298086606
48617.656932,0.672032193159,0.327967806841
48745.3235987,0.67135678392,0.32864321608
48755.800131,0.671686746988,0.328313253012
48766.2766633,0.672016048144,0.327983951856
48776.7531957,0.672344689379,0.327655310621
48787.229728,0.672672672673,0.327327327327
48797.7062603,0.673,0.327
48808.1827927,0.673326673327,0.326673326673
48818.659325,0.673652694611,0.326347305389
48829.1358573,0.673978065803,0.326021934197
48839.6123897,0.674302788845,0.325697211155
48967.2790563,0.673631840796,0.326368159204
48977.7555887,0.673956262425,0.326043737575
48988.232121,0.674280039722,0.325719960278
48998.7086533,0.674603174603,0.325396825397
49009.1851857,0.674925668979,0.325074331021
49019.661718,0.675247524752,0.324752475248
49030.1382503,0.675568743818,0.324431256182
49040.6147827,0.675889328063,0.324110671937
49051.091315,0.676209279368,0.323790720632
49061.5678473,0.676528599606,0.323471400394
49072.0443797,0.67684729064,0.32315270936
49082.520912,0.677165354331,0.322834645669
49092.9974443,0.677482792527,0.322517207473
49103.4739767,0.677799607073,0.322200392927
49113.950509,0.678115799804,0.321884200196
49124.4270413,0.678431372549,0.321568627451
49134.9035737,0.67874632713,0.32125367287
49145.380106,0.679060665362,0.320939334638
49155.8566383,0.679374389052,0.320625610948
49166.3331707,0.6796875,0.3203125
49176.809703,0.68,0.32
49187.2862353,0.680311890838,0.319688109162
49197.7627677,0.680623174294,0.319376825706
49208.2393,0.68093385214,0.31906614786
49218.7158323,0.681243926142,0.318756073858
49229.1923647,0.681553398058,0.318446601942
49239.668897,0.681862269641,0.318137730359
49250.1454293,0.682170542636,0.317829457364
49260.6219617,0.68247821878,0.31752178122
49271.098494,0.682785299807,0.317214700193
49281.5750263,0.68309178744,0.31690821256
49292.0515587,0.683397683398,0.316602316602
49419.7182253,0.682738669238,0.317261330762
49547.384892,0.682080924855,0.317919075145
49675.0515587,0.681424446583,0.318575553417
49802.7182253,0.680769230769,0.319230769231
49813.1947577,0.681075888569,0.318924111431
49823.67129,0.681381957774,0.318618042226
49834.1478223,0.681687440077,0.318312559923
49844.6243547,0.681992337165,0.318007662835
49972.2910213,0.681339712919,0.318660287081
50099.957688,0.68068833652,0.31931166348
50110.4342203,0.680993314231,0.319006685769
50120.9107527,0.681297709924,0.318702290076
50248.5774193,0.680648236416,0.319351763584
50376.244086,0.68,0.32
50503.9107527,0.679352997146,0.320647002854
50514.387285,0.679657794677,0.320342205323
50642.0539517,0.679012345679,0.320987654321
50769.7206183,0.678368121442,0.321631878558
50780.1971507,0.678672985782,0.321327014218
50790.673683,0.678977272727,0.321022727273
50918.3403497,0.678334910123,0.321665089877
50928.816882,0.678638941399,0.321361058601
50939.2934143,0.678942398489,0.321057601511
50949.7699467,0.679245283019,0.320754716981
50960.246479,0.679547596607,0.320452403393
50970.7230113,0.679849340866,0.320150659134
50981.1995437,0.680150517404,0.319849482596
50991.676076,0.68045112782,0.31954887218
51002.1526083,0.680751173709,0.319248826291
51012.6291407,0.68105065666,0.31894934334
51023.105673,0.681349578257,0.318650421743
51033.5822053,0.681647940075,0.318352059925
51044.0587377,0.681945743686,0.318054256314
51054.53527,0.682242990654,0.317757009346
51065.0118023,0.68253968254,0.31746031746
51075.4883347,0.682835820896,0.317164179104
51085.964867,0.683131407269,0.316868592731
51096.4413993,0.683426443203,0.316573556797
51106.9179317,0.683720930233,0.316279069767
51117.394464,0.684014869888,0.315985130112
51127.8709963,0.684308263695,0.315691736305
51138.3475287,0.684601113173,0.315398886827
51148.824061,0.684893419833,0.315106580167
51159.3005933,0.685185185185,0.314814814815
51286.96726,0.684551341351,0.315448658649
51414.6339267,0.683918669131,0.316081330869
51542.3005933,0.683287165282,0.316712834718
51669.96726,0.682656826568,0.317343173432
51797.6339267,0.68202764977,0.31797235023
51808.110459,0.682320441989,0.317679558011
51818.5869913,0.682612695492,0.317387304508
51946.253658,0.681985294118,0.318014705882
51956.7301903,0.682277318641,0.317722681359
52084.396857,0.681651376147,0.318348623853
52094.8733893,0.681943171402,0.318056828598
52105.3499217,0.682234432234,0.317765567766
52115.826454,0.68252516011,0.31747483989
52243.4931207,0.681901279707,0.318098720293
52371.1597873,0.681278538813,0.318721461187
52381.6363197,0.681569343066,0.318430656934
52392.112852,0.681859617138,0.318140382862
52402.5893843,0.682149362477,0.317850637523
52530.256051,0.68152866242,0.31847133758
52657.9227177,0.680909090909,0.319090909091
52785.5893843,0.680290644868,0.319709355132
52913.256051,0.679673321234,0.320326678766
52923.7325833,0.679963735267,0.320036264733
52934.2091157,0.680253623188,0.319746376812
53061.8757823,0.67963800905,0.32036199095
53072.3523147,0.679927667269,0.320072332731
53082.828847,0.680216802168,0.319783197832
53093.3053793,0.680505415162,0.319494584838
53220.972046,0.679891794409,0.320108205591
53231.4485783,0.68018018018,0.31981981982
53241.9251107,0.680468046805,0.319531953195
53252.401643,0.680755395683,0.319244604317
53262.8781753,0.681042228212,0.318957771788
53390.544842,0.680430879713,0.319569120287
53401.0213743,0.680717488789,0.319282511211
53528.688041,0.680107526882,0.319892473118
53539.1645733,0.680393912265,0.319606087735
53549.6411057,0.680679785331,0.319320214669
53560.117638,0.680965147453,0.319034852547
53570.5941703,0.68125,0.31875
53581.0707027,0.681534344335,0.318465655665
53591.547235,0.681818181818,0.318181818182
53719.2139017,0.681211041852,0.318788958148
53846.8805683,0.680604982206,0.319395017794
53857.3571007,0.680888888889,0.319111111111
53867.833633,0.681172291297,0.318827708703
53878.3101653,0.681455190772,0.318544809228
53888.7866977,0.681737588652,0.318262411348
54016.4533643,0.681133746678,0.318866253322
54026.9298967,0.681415929204,0.318584070796
54154.5965633,0.680813439434,0.319186560566
54165.0730957,0.68109540636,0.31890459364
54175.549628,0.681376875552,0.318623124448
54186.0261603,0.681657848325,0.318342151675
54196.5026927,0.681938325991,0.318061674009
54206.979225,0.682218309859,0.317781690141
54217.4557573,0.682497801231,0.317502198769
54345.122424,0.681898066784,0.318101933216
54472.7890907,0.681299385426,0.318700614574
54600.4557573,0.680701754386,0.319298245614
54728.122424,0.680105170903,0.319894829097
54855.7890907,0.679509632224,0.320490367776
54866.265623,0.679790026247,0.320209973753
54993.9322897,0.679195804196,0.320804195804
55121.5989563,0.678602620087,0.321397379913
55249.265623,0.678010471204,0.321989528796
55259.7421553,0.67829119442,0.32170880558
55270.2186877,0.678571428571,0.321428571429
55397.8853543,0.677980852916,0.322019147084
55525.552021,0.677391304348,0.322608695652
55653.2186877,0.676802780191,0.323197219809
55780.8853543,0.676215277778,0.323784722222
55791.3618867,0.676496097138,0.323503902862
55919.0285533,0.675909878683,0.324090121317
56046.69522,0.675324675325,0.324675324675
56057.1717523,0.675605536332,0.324394463668
56067.6482847,0.675885911841,0.324114088159
56195.3149513,0.67530224525,0.32469775475
56205.7914837,0.675582398619,0.324417601381
56333.4581503,0.675,0.325
56461.124817,0.674418604651,0.325581395349
56471.6013493,0.674698795181,0.325301204819
56599.268016,0.674118658641,0.325881341359
56726.9346827,0.6735395189,0.3264604811
56737.411215,0.673819742489,0.326180257511
56747.8877473,0.67409948542,0.32590051458
56758.3642797,0.674378748929,0.325621251071
56768.840812,0.674657534247,0.325342465753
56779.3173443,0.674935842601,0.325064157399
56789.7938767,0.675213675214,0.324786324786
56800.270409,0.675491033305,0.324508966695
56810.7469413,0.675767918089,0.324232081911
56821.2234737,0.676044330776,0.323955669224
56831.700006,0.676320272572,0.323679727428
56842.1765383,0.676595744681,0.323404255319
56852.6530707,0.676870748299,0.323129251701
56980.3197373,0.67629566695,0.32370433305
57107.986404,0.675721561969,0.324278438031
57235.6530707,0.675148430874,0.324851569126
57363.3197373,0.674576271186,0.325423728814
57490.986404,0.67400508044,0.32599491956
57618.6530707,0.673434856176,0.326565143824
57746.3197373,0.672865595943,0.327134404057
57873.986404,0.672297297297,0.327702702703
57884.4629363,0.672573839662,0.327426160338
58012.129603,0.672006745363,0.327993254637
58022.6061353,0.672283066554,0.327716933446
58033.0826677,0.672558922559,0.327441077441
58043.5592,0.67283431455,0.32716568545
58054.0357323,0.673109243697,0.326890756303
58064.5122647,0.673383711167,0.326616288833
58074.988797,0.673657718121,0.326342281879
58085.4653293,0.673931265717,0.326068734283
58095.9418617,0.674204355109,0.325795644891
58106.418394,0.674476987448,0.325523012552
58116.8949263,0.67474916388,0.32525083612
58127.3714587,0.675020885547,0.324979114453
58137.847991,0.675292153589,0.324707846411
58148.3245233,0.675562969141,0.324437030859
58275.99119,0.675,0.325
58286.4677223,0.675270607827,0.324729392173
58414.134389,0.674708818636,0.325291181364
58424.6109213,0.67497921862,0.32502078138
58435.0874537,0.675249169435,0.324750830565
58445.563986,0.675518672199,0.324481327801
58456.0405183,0.675787728027,0.324212271973
58583.707185,0.675227837614,0.324772162386
58711.3738517,0.674668874172,0.325331125828
58721.850384,0.674937965261,0.325062034739
58732.3269163,0.67520661157,0.32479338843
58742.8034487,0.675474814203,0.324525185797
58753.279981,0.675742574257,0.324257425743
58763.7565133,0.676009892828,0.323990107172
58774.2330457,0.676276771005,0.323723228995
58784.709578,0.676543209877,0.323456790123
58795.1861103,0.676809210526,0.323190789474
58805.6626427,0.677074774035,0.322925225965
58816.139175,0.677339901478,0.322660098522
58826.6157073,0.677604593929,0.322395406071
58837.0922397,0.677868852459,0.322131147541
58847.568772,0.678132678133,0.321867321867
58858.0453043,0.678396072013,0.321603927987
58868.5218367,0.678659035159,0.321340964841
58878.998369,0.678921568627,0.321078431373
59006.6650357,0.678367346939,0.321632653061
59017.141568,0.678629690049,0.321370309951
59027.6181003,0.678891605542,0.321108394458
59038.0946327,0.679153094463,0.320846905537
59048.571165,0.679414157852,0.320585842148
59059.0476973,0.679674796748,0.320325203252
59069.5242297,0.679935012185,0.320064987815
59080.000762,0.680194805195,0.319805194805
59090.4772943,0.680454176805,0.319545823195
59100.9538267,0.680713128039,0.319286871961
59111.430359,0.680971659919,0.319028340081
59239.0970257,0.680420711974,0.319579288026
59249.573558,0.680679062247,0.319320937753
59260.0500903,0.680936995153,0.319063004847
59270.5266227,0.681194511703,0.318805488297
59398.1932893,0.68064516129,0.31935483871
59525.859956,0.680096696213,0.319903303787
59536.3364883,0.680354267311,0.319645732689
59664.003155,0.679806918745,0.320193081255
59791.6698217,0.679260450161,0.320739549839
59919.3364883,0.678714859438,0.321285140562
60047.003155,0.678170144462,0.321829855538
60174.6698217,0.677626303128,0.322373696872
60302.3364883,0.677083333333,0.322916666667
60430.003155,0.676541232986,0.323458767014
60557.6698217,0.676,0.324
60568.146354,0.676258992806,0.323741007194
60578.6228863,0.676517571885,0.323482428115
60589.0994187,0.676775738228,0.323224261772
60716.7660853,0.676236044657,0.323763955343
60727.2426177,0.676494023904,0.323505976096
60854.9092843,0.675955414013,0.324044585987
60865.3858167,0.676213206046,0.323786793954
60875.862349,0.676470588235,0.323529411765
60886.3388813,0.676727561557,0.323272438443
61014.005548,0.67619047619,0.32380952381
61141.6722147,0.675654242665,0.324345757335
61269.3388813,0.675118858954,0.324881141046
61279.8154137,0.675376088678,0.324623911322
61407.4820803,0.674841772152,0.325158227848
61535.148747,0.674308300395,0.325691699605
61662.8154137,0.673775671406,0.326224328594
61673.291946,0.674033149171,0.325966850829
61683.7684783,0.67429022082,0.32570977918
61811.435145,0.673758865248,0.326241134752
61939.1018117,0.673228346457,0.326771653543
62066.7684783,0.67269866247,0.32730133753
62077.2450107,0.672955974843,0.327044025157
62087.721543,0.673212882954,0.326787117046
62098.1980753,0.673469387755,0.326530612245
62108.6746077,0.673725490196,0.326274509804
62119.15114,0.673981191223,0.326018808777
62129.6276723,0.674236491778,0.325763508222
62140.1042047,0.674491392801,0.325508607199
62150.580737,0.674745895231,0.325254104769
62161.0572693,0.675,0.325
62171.5338017,0.675253708041,0.324746291959
62182.010334,0.675507020281,0.324492979719
62192.4868663,0.675759937646,0.324240062354
62202.9633987,0.676012461059,0.323987538941
62213.439931,0.67626459144,0.32373540856
62223.9164633,0.676516329705,0.323483670295
62234.3929957,0.676767676768,0.323232323232
62244.869528,0.67701863354,0.32298136646
62255.3460603,0.677269200931,0.322730799069
62265.8225927,0.677519379845,0.322480620155
62276.299125,0.677769171185,0.322230828815
62286.7756573,0.678018575851,0.321981424149
62297.2521897,0.678267594741,0.321732405259
62424.9188563,0.677743431221,0.322256568779
62552.585523,0.67722007722,0.32277992278
62563.0620553,0.677469135802,0.322530864198
62690.728722,0.676946800308,0.323053199692
62701.2052543,0.67719568567,0.32280431433
62828.871921,0.676674364896,0.323325635104
62956.5385877,0.676153846154,0.323846153846
63084.2052543,0.675634127594,0.324365872406
63094.6817867,0.675883256528,0.324116743472
63105.158319,0.67613200307,0.32386799693
63232.8249857,0.675613496933,0.324386503067
63243.301518,0.675862068966,0.324137931034
63370.9681847,0.675344563553,0.324655436447
63381.444717,0.675592960979,0.324407039021
63391.9212493,0.675840978593,0.324159021407
63402.3977817,0.676088617265,0.323911382735
63530.0644483,0.675572519084,0.324427480916
63540.5409807,0.675819984744,0.324180015256
63551.017513,0.676067073171,0.323932926829
63678.6841797,0.675552170602,0.324447829398
63689.160712,0.675799086758,0.324200913242
63699.6372443,0.676045627376,0.323954372624
63710.1137767,0.676291793313,0.323708206687
63720.590309,0.676537585421,0.323462414579
63731.0668413,0.676783004552,0.323216995448
63741.5433737,0.677028051554,0.322971948446
63752.019906,0.677272727273,0.322727272727
63762.4964383,0.677517032551,0.322482967449
63772.9729707,0.67776096823,0.32223903177
63783.449503,0.678004535147,0.321995464853
63793.9260353,0.678247734139,0.321752265861
63804.4025677,0.678490566038,0.321509433962
63814.8791,0.678733031674,0.321266968326
63825.3556323,0.678975131876,0.321024868124
63835.8321647,0.67921686747,0.32078313253
63846.308697,0.679458239278,0.320541760722
63856.7852293,0.67969924812,0.32030075188
63867.2617617,0.679939894816,0.320060105184
63877.738294,0.68018018018,0.31981981982
63888.2148263,0.680420105026,0.319579894974
63898.6913587,0.680659670165,0.319340329835
63909.167891,0.680898876404,0.319101123596
64036.8345577,0.680389221557,0.319610778443
64047.31109,0.680628272251,0.319371727749
64057.7876223,0.68086696562,0.31913303438
64068.2641547,0.681105302465,0.318894697535
64195.9308213,0.680597014925,0.319402985075
64206.4073537,0.680835197614,0.319164802386
64334.0740203,0.680327868852,0.319672131148
64461.740687,0.679821295607,0.320178704393
64589.4073537,0.67931547619,0.32068452381
64717.0740203,0.678810408922,0.321189591078
64844.740687,0.678306092125,0.321693907875
64972.4073537,0.677802524128,0.322197475872
64982.883886,0.678041543027,0.321958456973
65110.5505527,0.677538917717,0.322461082283
65121.027085,0.677777777778,0.322222222222
65248.6937517,0.677276091784,0.322723908216
65259.170284,0.677514792899,0.322485207101
65269.6468163,0.677753141168,0.322246858832
65397.313483,0.677252584934,0.322747415066
65407.7900153,0.677490774908,0.322509225092
65418.2665477,0.677728613569,0.322271386431
65428.74308,0.677966101695,0.322033898305
65556.4097467,0.677466863034,0.322533136966
65566.886279,0.67770419426,0.32229580574
65577.3628113,0.677941176471,0.322058823529
65587.8393437,0.678177810434,0.321822189566
65598.315876,0.678414096916,0.321585903084
65608.7924083,0.678650036684,0.321349963316
65619.2689407,0.678885630499,0.321114369501
65746.9356073,0.678388278388,0.321611721612
65757.4121397,0.678623718887,0.321376281113
65767.888672,0.678858814923,0.321141185077
65778.3652043,0.679093567251,0.320906432749
65788.8417367,0.679327976625,0.320672023375
65799.318269,0.679562043796,0.320437956204
65809.7948013,0.679795769511,0.320204230489
65820.2713337,0.680029154519,0.319970845481
65830.747866,0.680262199563,0.319737800437
65841.2243983,0.680494905386,0.319505094614
65851.7009307,0.680727272727,0.319272727273
65862.177463,0.680959302326,0.319040697674
65872.6539953,0.681190994916,0.318809005084
65883.1305277,0.681422351234,0.318577648766
65893.60706,0.681653372009,0.318346627991
65904.0835923,0.681884057971,0.318115942029
65914.5601247,0.682114409848,0.317885590152
65925.036657,0.682344428365,0.317655571635
65935.5131893,0.682574114244,0.317425885756
65945.9897217,0.682803468208,0.317196531792
65956.466254,0.683032490975,0.316967509025
65966.9427863,0.683261183261,0.316738816739
65977.4193187,0.683489545782,0.316510454218
65987.895851,0.683717579251,0.316282420749
65998.3723833,0.683945284377,0.316054715623
66008.8489157,0.684172661871,0.315827338129
66019.325448,0.684399712437,0.315600287563
66029.8019803,0.684626436782,0.315373563218
66040.2785127,0.684852835607,0.315147164393
66050.755045,0.685078909613,0.314921090387
66061.2315773,0.685304659498,0.314695340502
66071.7081097,0.68553008596,0.31446991404
66082.184642,0.685755189692,0.314244810308
66092.6611743,0.685979971388,0.314020028612
66103.1377067,0.686204431737,0.313795568263
66113.614239,0.686428571429,0.313571428571
66124.0907713,0.686652391149,0.313347608851
66134.5673037,0.686875891583,0.313124108417
66145.043836,0.687099073414,0.312900926586
66155.5203683,0.687321937322,0.312678062678
66165.9969007,0.687544483986,0.312455516014
66176.473433,0.687766714083,0.312233285917
66186.9499653,0.687988628287,0.312011371713
66197.4264977,0.688210227273,0.311789772727
66207.90303,0.68843151171,0.31156848829
66218.3795623,0.68865248227,0.31134751773
66228.8560947,0.688873139617,0.311126860383
66239.332627,0.689093484419,0.310906515581
66249.8091593,0.689313517339,0.310686482661
66260.2856917,0.689533239038,0.310466760962
66270.762224,0.689752650177,0.310247349823
66281.2387563,0.689971751412,0.310028248588
66291.7152887,0.690190543402,0.309809456598
66302.191821,0.690409026798,0.309590973202
66312.6683533,0.690627202255,0.309372797745
66323.1448857,0.690845070423,0.309154929577
66333.621418,0.691062631949,0.308937368051
66344.0979503,0.691279887482,0.308720112518
66354.5744827,0.691496837667,0.308503162333
66365.051015,0.691713483146,0.308286516854
66492.7176817,0.691228070175,0.308771929825
66620.3843483,0.690743338008,0.309256661992
66748.051015,0.690259285214,0.309740714786
66875.7176817,0.689775910364,0.310224089636
67003.3843483,0.689293212036,0.310706787964
67131.051015,0.688811188811,0.311188811189
67258.7176817,0.688329839273,0.311670160727
67386.3843483,0.687849162011,0.312150837989
67514.051015,0.687369155618,0.312630844382
67641.7176817,0.686889818689,0.313110181311
67769.3843483,0.686411149826,0.313588850174
67779.8608807,0.686629526462,0.313370473538
67790.337413,0.686847599165,0.313152400835
67918.0040797,0.686369958275,0.313630041725
67928.480612,0.68658790827,0.31341209173
67938.9571443,0.686805555556,0.313194444444
68066.623811,0.686328938237,0.313671061763
68194.2904777,0.685852981969,0.314147018031
68204.76701,0.686070686071,0.313929313929
68215.2435423,0.686288088643,0.313711911357
68342.910209,0.685813148789,0.314186851211
68353.3867413,0.686030428769,0.313969571231
68363.8632737,0.686247408431,0.313752591569
68374.339806,0.686464088398,0.313535911602
68502.0064727,0.685990338164,0.314009661836
68512.483005,0.686206896552,0.313793103448
68640.1496717,0.685733976568,0.314266023432
68767.8163383,0.685261707989,0.314738292011
68778.2928707,0.685478320716,0.314521679284
68788.769403,0.685694635488,0.314305364512
68799.2459353,0.685910652921,0.314089347079
68926.912602,0.68543956044,0.31456043956
69054.5792687,0.684969114619,0.315030885381
69182.2459353,0.684499314129,0.315500685871
69192.7224677,0.684715558602,0.315284441398
69203.199,0.684931506849,0.315068493151
69213.6755323,0.68514715948,0.31485284052
69224.1520647,0.6853625171,0.3146374829
69234.628597,0.685577580314,0.314422419686
69245.1051293,0.685792349727,0.314207650273
69255.5816617,0.686006825939,0.313993174061
69266.058194,0.68622100955,0.31377899045
69276.5347263,0.686434901159,0.313565098841
69404.201393,0.685967302452,0.314032697548
69414.6779253,0.686181075562,0.313818924438
69425.1544577,0.686394557823,0.313605442177
69435.63099,0.68660774983,0.31339225017
69446.1075223,0.686820652174,0.313179347826
69456.5840547,0.687033265445,0.312966734555
69584.2507213,0.686567164179,0.313432835821
69711.917388,0.686101694915,0.313898305085
69839.5840547,0.685636856369,0.314363143631
69967.2507213,0.685172647258,0.314827352742
70094.917388,0.684709066306,0.315290933694
70222.5840547,0.684246112238,0.315753887762
70350.2507213,0.683783783784,0.316216216216
70477.917388,0.683322079676,0.316677920324
70488.3939203,0.683535762483,0.316464237517
70498.8704527,0.683749157114,0.316250842886
70509.346985,0.683962264151,0.316037735849
70637.0136517,0.683501683502,0.316498316498
70764.6803183,0.683041722746,0.316958277254
70892.346985,0.682582380632,0.317417619368
70902.8235173,0.682795698925,0.317204301075
71030.490184,0.682337139019,0.317662860981
71158.1568507,0.681879194631,0.318120805369
71168.633383,0.682092555332,0.317907444668
71296.3000497,0.68163538874,0.31836461126
71423.9667163,0.681178834561,0.318821165439
71434.4432487,0.681392235609,0.318607764391
71444.919781,0.681605351171,0.318394648829
71455.3963133,0.681818181818,0.318181818182
71583.06298,0.681362725451,0.318637274549
71593.5395123,0.681575433912,0.318424566088
71721.206179,0.681120747165,0.318879252835
71731.6827113,0.681333333333,0.318666666667
71859.349378,0.680879413724,0.319120586276
71869.8259103,0.681091877497,0.318908122503
71880.3024427,0.68130405855,0.31869594145
71890.778975,0.681515957447,0.318484042553
71901.2555073,0.681727574751,0.318272425249
72028.922174,0.681274900398,0.318725099602
72039.3987063,0.681486396815,0.318513603185
72049.8752387,0.681697612732,0.318302387268
72060.351771,0.681908548708,0.318091451292
72188.0184377,0.681456953642,0.318543046358
72198.49497,0.681667769689,0.318332230311
72208.9715023,0.681878306878,0.318121693122
72219.4480347,0.682088565763,0.317911434237
72229.924567,0.682298546896,0.317701453104
72240.4010993,0.682508250825,0.317491749175
72250.8776317,0.6827176781,0.3172823219
72378.5442983,0.682267633487,0.317732366513
72389.0208307,0.682476943347,0.317523056653
72399.497363,0.682685977617,0.317314022383
72409.9738953,0.682894736842,0.317105263158
72420.4504277,0.683103221565,0.316896778435
72430.92696,0.683311432326,0.316688567674
72441.4034923,0.683519369665,0.316480630335
72451.8800247,0.683727034121,0.316272965879
72462.356557,0.68393442623,0.31606557377
72472.8330893,0.684141546527,0.315858453473
72483.3096217,0.684348395547,0.315651604453
72493.786154,0.684554973822,0.315445026178
72621.4528207,0.684107259647,0.315892740353
72631.929353,0.68431372549,0.31568627451
72642.4058853,0.68451992162,0.31548007838
72652.8824177,0.684725848564,0.315274151436
72663.35895,0.684931506849,0.315068493151
72673.8354823,0.685136897001,0.314863102999
72684.3120147,0.685342019544,0.314657980456
72694.788547,0.685546875,0.314453125
72705.2650793,0.685751463891,0.314248536109
72715.7416117,0.685955786736,0.314044213264
72726.218144,0.686159844055,0.313840155945
72736.6946763,0.686363636364,0.313636363636
72864.361343,0.685918234912,0.314081765088
72992.0280097,0.685473411154,0.314526588846
73119.6946763,0.685029163966,0.314970836034
73247.361343,0.684585492228,0.315414507772
73375.0280097,0.684142394822,0.315857605178
73502.6946763,0.683699870634,0.316300129366
73630.361343,0.683257918552,0.316742081448
73758.0280097,0.682816537468,0.317183462532
73885.6946763,0.682375726275,0.317624273725
74013.361343,0.681935483871,0.318064516129
74141.0280097,0.681495809155,0.318504190845
74268.6946763,0.681056701031,0.318943298969
74396.361343,0.680618158403,0.319381841597
74524.0280097,0.68018018018,0.31981981982
74651.6946763,0.679742765273,0.320257234727
74662.1712087,0.679948586118,0.320051413882
74672.647741,0.680154142582,0.319845857418
74683.1242733,0.680359435173,0.319640564827
74810.79094,0.679923027582,0.320076972418
74821.2674723,0.680128205128,0.319871794872
74831.7440047,0.680333119795,0.319666880205
74842.220537,0.680537772087,0.319462227913
74969.8872037,0.680102367242,0.319897632758
75097.5538703,0.679667519182,0.320332480818
75225.220537,0.679233226837,0.320766773163
75235.6970693,0.679438058748,0.320561941252
75246.1736017,0.679642629228,0.320357370772
75256.650134,0.679846938776,0.320153061224
75267.1266663,0.68005098789,0.31994901211
75394.793333,0.679617834395,0.320382165605
75405.2698653,0.679821769574,0.320178230426
75415.7463977,0.680025445293,0.319974554707
75426.22293,0.680228862047,0.319771137953
75436.6994623,0.68043202033,0.31956797967
75447.1759947,0.680634920635,0.319365079365
75457.652527,0.680837563452,0.319162436548
75468.1290593,0.681039949271,0.318960050729
75478.6055917,0.68124207858,0.31875792142
75606.2722583,0.680810639645,0.319189360355
75733.938925,0.680379746835,0.319620253165
75861.6055917,0.679949399114,0.320050600886
75989.2722583,0.679519595449,0.320480404551
76116.938925,0.679090334807,0.320909665193
76244.6055917,0.678661616162,0.321338383838
76372.2722583,0.678233438486,0.321766561514
76382.7487907,0.678436317781,0.321563682219
76510.4154573,0.678008821676,0.321991178324
76638.082124,0.67758186398,0.32241813602
76648.5586563,0.677784770296,0.322215229704
76659.0351887,0.677987421384,0.322012578616
76669.511721,0.678189817725,0.321810182275
76679.9882533,0.678391959799,0.321608040201
76690.4647857,0.678593848085,0.321406151915
76818.1314523,0.678168130489,0.321831869511
76828.6079847,0.678369905956,0.321630094044
76839.084517,0.678571428571,0.321428571429
76966.7511837,0.678146524734,0.321853475266
76977.227716,0.678347934919,0.321652065081
77104.8943827,0.677923702314,0.322076297686
77115.370915,0.678125,0.321875
77125.8474473,0.678326046221,0.321673953779
77136.3239797,0.678526841448,0.321473158552
77263.9906463,0.678103555833,0.321896444167
77274.4671787,0.678304239401,0.321695760599
77284.943711,0.678504672897,0.321495327103
77295.4202433,0.678704856787,0.321295143213
77305.8967757,0.678904791537,0.321095208463
77316.373308,0.679104477612,0.320895522388
77326.8498403,0.679303915475,0.320696084525
77337.3263727,0.67950310559,0.32049689441
77347.802905,0.679702048417,0.320297951583
77358.2794373,0.679900744417,0.320099255583
77368.7559697,0.680099194048,0.319900805952
77379.232502,0.68029739777,0.31970260223
77389.7090343,0.680495356037,0.319504643963
77400.1855667,0.680693069307,0.319306930693
77410.662099,0.680890538033,0.319109461967
77421.1386313,0.68108776267,0.31891223733
77431.6151637,0.681284743669,0.318715256331
77442.091696,0.681481481481,0.318518518519
77452.5682283,0.681677976558,0.318322023442
77463.0447607,0.681874229346,0.318125770654
77473.521293,0.682070240296,0.317929759704
77483.9978253,0.682266009852,0.317733990148
77494.4743577,0.682461538462,0.317538461538
77504.95089,0.682656826568,0.317343173432
77515.4274223,0.682851874616,0.317148125384
77525.9039547,0.683046683047,0.316953316953
77536.380487,0.683241252302,0.316758747698
77546.8570193,0.683435582822,0.316564417178
77557.3335517,0.683629675046,0.316370324954
77567.810084,0.683823529412,0.316176470588
77578.2866163,0.684017146356,0.315982853644
77588.7631487,0.684210526316,0.315789473684
77599.239681,0.684403669725,0.315596330275
77609.7162133,0.684596577017,0.315403422983
77620.1927457,0.684789248626,0.315210751374
77630.669278,0.684981684982,0.315018315018
77641.1458103,0.685173886516,0.314826113484
77651.6223427,0.685365853659,0.314634146341
77662.098875,0.685557586837,0.314442413163
77672.5754073,0.68574908648,0.31425091352
77683.0519397,0.685940353013,0.314059646987
77693.528472,0.686131386861,0.313868613139
77704.0050043,0.68632218845,0.31367781155
77714.4815367,0.686512758202,0.313487241798
77724.958069,0.686703096539,0.313296903461
77735.4346013,0.686893203883,0.313106796117
77745.9111337,0.687083080655,0.312916919345
77756.387666,0.687272727273,0.312727272727
77766.8641983,0.687462144155,0.312537855845
77777.3407307,0.687651331719,0.312348668281
77787.817263,0.687840290381,0.312159709619
77798.2937953,0.688029020556,0.311970979444
77808.7703277,0.688217522659,0.311782477341
77819.24686,0.688405797101,0.311594202899
77829.7233923,0.688593844297,0.311406155703
77840.1999247,0.688781664656,0.311218335344
77850.676457,0.68896925859,0.31103074141
77861.1529893,0.689156626506,0.310843373494
77871.6295217,0.689343768814,0.310656231186
77882.106054,0.689530685921,0.310469314079
77892.5825863,0.689717378232,0.310282621768
77903.0591187,0.689903846154,0.310096153846
77913.535651,0.69009009009,0.30990990991
77924.0121833,0.690276110444,0.309723889556
77934.4887157,0.690461907618,0.309538092382
77944.965248,0.690647482014,0.309352517986
77955.4417803,0.690832834032,0.309167165968
77965.9183127,0.691017964072,0.308982035928
77976.394845,0.691202872531,0.308797127469
77986.8713773,0.691387559809,0.308612440191
77997.3479097,0.6915720263,0.3084279737
78007.824442,0.691756272401,0.308243727599
78018.3009743,0.691940298507,0.308059701493
78028.7775067,0.692124105012,0.307875894988
78039.254039,0.692307692308,0.307692307692
78166.9207057,0.69189511323,0.30810488677
78294.5873723,0.69148302561,0.30851697439
78305.0639047,0.691666666667,0.308333333333
78432.7305713,0.691255205235,0.308744794765
78560.397238,0.690844233056,0.309155766944
78688.0639047,0.690433749257,0.309566250743
78698.540437,0.690617577197,0.309382422803
78826.2071037,0.690207715134,0.309792284866
78953.8737703,0.689798339265,0.310201660735
79081.540437,0.689389448726,0.310610551274
79092.0169693,0.689573459716,0.310426540284
79219.683636,0.689165186501,0.310834813499
79230.1601683,0.689349112426,0.310650887574
79357.826835,0.68894145476,0.31105854524
79485.4935017,0.68853427896,0.31146572104
79613.1601683,0.68812758417,0.31187241583
79740.826835,0.68772136954,0.31227863046
79868.4935017,0.687315634218,0.312684365782
79996.1601683,0.686910377358,0.313089622642
80123.826835,0.686505598114,0.313494401886
80134.3033673,0.686690223793,0.313309776207
80261.970034,0.686286050618,0.313713949382
80272.4465663,0.686470588235,0.313529411765
80282.9230987,0.686654908877,0.313345091123
80293.399631,0.686839012926,0.313160987074
80303.8761633,0.687022900763,0.312977099237
80314.3526957,0.68720657277,0.31279342723
80324.829228,0.687390029326,0.312609970674
80335.3057603,0.687573270809,0.312426729191
80462.972427,0.687170474517,0.312829525483
80473.4489593,0.687353629977,0.312646370023
80483.9254917,0.687536571094,0.312463428906
80494.402024,0.687719298246,0.312280701754
80622.0686907,0.68731735827,0.31268264173
80632.545223,0.6875,0.3125
80643.0217553,0.687682428488,0.312317571512
80770.688422,0.687281213536,0.312718786464
80781.1649543,0.687463556851,0.312536443149
80791.6414867,0.687645687646,0.312354312354
80802.118019,0.68782760629,0.31217239371
80812.5945513,0.688009313155,0.311990686845
80823.0710837,0.68819080861,0.31180919139
80833.547616,0.688372093023,0.311627906977
80844.0241483,0.688553166764,0.311446833236
80854.5006807,0.688734030197,0.311265969803
80982.1673473,0.688334300638,0.311665699362
80992.6438797,0.688515081206,0.311484918794
81003.120412,0.688695652174,0.311304347826
81013.5969443,0.688876013905,0.311123986095
81141.263611,0.688477127968,0.311522872032
81268.9302777,0.688078703704,0.311921296296
81396.5969443,0.687680740312,0.312319259688
81524.263611,0.687283236994,0.312716763006
81534.7401433,0.687463893703,0.312536106297
81662.40681,0.687066974596,0.312933025404
81790.0734767,0.68667051356,0.31332948644
81800.550009,0.686851211073,0.313148788927
81811.0265413,0.687031700288,0.312968299712
81821.5030737,0.687211981567,0.312788018433
81949.1697403,0.686816350029,0.313183649971
81959.6462727,0.686996547756,0.313003452244
81970.122805,0.68717653824,0.31282346176
82097.7894717,0.686781609195,0.313218390805
82225.4561383,0.686387133831,0.313612866169
82235.9326707,0.686567164179,0.313432835821
82363.5993373,0.686173264487,0.313826735513
82374.0758697,0.686353211009,0.313646788991
82384.552402,0.686532951289,0.313467048711
82395.0289343,0.686712485682,0.313287514318
82405.5054667,0.686891814539,0.313108185461
82415.981999,0.687070938215,0.312929061785
82426.4585313,0.687249857061,0.312750142939
82436.9350637,0.687428571429,0.312571428571
82447.411596,0.687607081668,0.312392918332
82457.8881283,0.687785388128,0.312214611872
82468.3646607,0.687963491158,0.312036508842
82478.841193,0.688141391106,0.311858608894
82489.3177253,0.688319088319,0.311680911681
82499.7942577,0.688496583144,0.311503416856
82510.27079,0.688673875925,0.311326124075
82520.7473223,0.688850967008,0.311149032992
82531.2238547,0.689027856737,0.310972143263
82541.700387,0.689204545455,0.310795454545
82552.1769193,0.689381033504,0.310618966496
82562.6534517,0.689557321226,0.310442678774
82573.129984,0.689733408962,0.310266591038
82583.6065163,0.689909297052,0.310090702948
82594.0830487,0.690084985836,0.309915014164
82604.559581,0.690260475651,0.309739524349
82615.0361133,0.690435766836,0.309564233164
82625.5126457,0.690610859729,0.309389140271
82635.989178,0.690785754664,0.309214245336
82763.6558447,0.690395480226,0.309604519774
82891.3225113,0.690005646527,0.309994353473
82901.7990437,0.690180586907,0.309819413093
82912.275576,0.690355329949,0.309644670051
82922.7521083,0.690529875986,0.309470124014
82933.2286407,0.690704225352,0.309295774648
82943.705173,0.690878378378,0.309121621622
82954.1817053,0.691052335397,0.308947664603
82964.6582377,0.691226096738,0.308773903262
82975.13477,0.691399662732,0.308600337268
82985.6113023,0.691573033708,0.308426966292
83113.277969,0.691184727681,0.308815272319