Time,std
17.0,0.3
34.0,0.4
35.8,0.458257569496
52.8,0.489897948557
69.8,0.5
86.8,0.663324958071
103.8,0.781024967591
107.8,0.781024967591
109.6,0.871779788708
126.6,0.943398113206
143.6,1.09544511501
160.6,1.04403065089
177.6,1.16619037897
194.6,1.26885775404
211.6,1.2
228.6,1.20415945788
245.6,1.2
262.6,1.26885775404
279.6,1.32664991614
283.6,1.32664991614
287.6,1.32664991614
291.6,1.32664991614
308.6,1.3
312.6,1.3
316.6,1.3
333.6,1.3416407865
337.6,1.3416407865
341.6,1.3416407865
345.6,1.3416407865
349.6,1.3416407865
366.6,1.22065556157
370.6,1.22065556157
374.6,1.22065556157
378.6,1.22065556157
382.6,1.22065556157
386.6,1.22065556157
390.6,1.22065556157
407.6,1.16619037897
424.6,1.00498756211
428.6,1.00498756211
432.6,1.00498756211
434.4,1.01980390272
451.4,1.11803398875
468.4,1.11355287257
485.4,1.1874342087
502.4,1.24899959968
519.4,1.04403065089
523.4,1.04403065089
540.4,1.09544511501
544.4,1.09544511501
561.4,1.13578166916
563.2,1.16619037897
580.2,1.26885775404
582.0,1.35646599663
599.0,1.43178210633
616.0,1.28062484749
617.8,1.41774468788
634.8,1.53622914957
651.8,1.51327459504
668.8,1.67332005307
685.8,1.57797338381
702.8,1.4
719.8,1.41774468788
736.8,1.42828568571
753.8,1.5
755.6,1.62480768093
772.6,1.55241746963
789.6,1.53622914957
806.6,1.51327459504
823.6,1.67332005307
840.6,1.64012194669
857.6,1.66132477258
874.6,1.73493515729
891.6,1.62480768093
908.6,1.43178210633
925.6,1.49666295471
942.6,1.48660687473
959.6,1.6
976.6,1.57797338381
980.6,1.57797338381
997.6,1.67332005307
1001.6,1.67332005307
1003.4,1.75783958312
1020.4,1.66132477258
1037.4,1.67630546142
1054.4,1.8
1071.4,1.62788205961
1075.4,1.62788205961
1092.4,1.56204993518
1096.4,1.56204993518
1113.4,1.67630546142
1117.4,1.67630546142
1134.4,1.53622914957
1136.2,1.64012194669
1153.2,1.67332005307
1170.2,1.64012194669
1187.2,1.66132477258
1204.2,1.55241746963
1221.2,1.68522995464
1238.2,1.56524758425
1255.2,1.49666295471
1272.2,1.48660687473
1289.2,1.53622914957
1306.2,1.64012194669
1323.2,1.67332005307
1340.2,1.57797338381
1344.2,1.57797338381
1348.2,1.57797338381
1365.2,1.6
1367.0,1.67630546142
1384.0,1.49666295471
1401.0,1.62788205961
1418.0,1.74355957742
1422.0,1.74355957742
1439.0,1.73493515729
1443.0,1.73493515729
1460.0,1.66132477258
1477.0,1.7
1494.0,1.73205080757
1498.0,1.73205080757
1515.0,1.75783958312
1532.0,1.6
1536.0,1.6
1553.0,1.67630546142
1557.0,1.67630546142
1574.0,1.74355957742
1578.0,1.74355957742
1582.0,1.74355957742
1599.0,1.56524758425
1603.0,1.56524758425
1620.0,1.62480768093
1621.8,1.67630546142
1638.8,1.66132477258
1655.8,1.7
1672.8,1.61245154966
1674.6,1.7
1691.6,1.77763888346
1708.6,1.84661853126
1725.6,1.90787840283
1742.6,2.01246117975
1759.6,2.10713075057
1776.6,2.14709105536
1793.6,2.08806130178
1810.6,2.16564078277
1827.6,2.0
1829.4,2.07123151772
1846.4,1.88679622641
1863.4,1.73493515729
1880.4,1.8547236991
1897.4,1.8574175621
1914.4,1.95959179423
1918.4,1.95959179423
1935.4,2.05182845287
1939.4,2.05182845287
1956.4,2.03960780544
1973.4,2.07123151772
1990.4,2.09761769634
2007.4,2.02237484162
2011.4,2.02237484162
2028.4,1.98997487421
2045.4,2.05182845287
2062.4,1.90787840283
2079.4,1.80277563773
2096.4,1.74355957742
2100.4,1.74355957742
2117.4,1.73493515729
2121.4,1.73493515729
2138.4,1.72046505341
2155.4,1.75783958312
2157.2,1.788854382
2174.2,1.86815416923
2178.2,1.86815416923
2195.2,1.93907194297
2197.0,2.00249843945
2214.0,2.10713075057
2231.0,2.15638586528
2248.0,2.15406592285
2265.0,2.19317121995
2282.0,2.22710574513
2283.8,2.3
2300.8,2.40831891576
2317.8,2.46779253585
2334.8,2.22710574513
2338.8,2.22710574513
2355.8,2.00249843945
2359.8,2.00249843945
2376.8,2.0591260282
2393.8,2.01246117975
2410.8,2.00997512422
2427.8,2.1
2431.8,2.1
2433.6,2.18174242293
2450.6,2.21133443875
2467.6,2.0
2469.4,2.11896201004
2486.4,2.13541565041
2503.4,2.23830292856
2520.4,2.24499443206
2537.4,2.10950231097
2554.4,1.90787840283
2571.4,2.00249843945
2588.4,2.03960780544
2605.4,1.97230829233
2622.4,2.09761769634
2639.4,1.97230829233
2656.4,1.88679622641
2673.4,2.00249843945
2690.4,1.95959179423
2694.4,1.95959179423
2711.4,1.96214168703
2715.4,1.96214168703
2732.4,2.00997512422
2736.4,2.00997512422
2753.4,2.05182845287
2755.2,2.13541565041
2772.2,2.21133443875
2789.2,2.32379000772
2806.2,2.3
2808.0,2.4
2825.0,2.49198715888
2842.0,2.28910462845
2859.0,2.41867732449
2876.0,2.45764114549
2893.0,2.41039415864
2910.0,2.22710574513
2927.0,2.11896201004
2944.0,2.04939015319
2961.0,2.02237484162
2962.8,2.13541565041
2979.8,2.1
2996.8,2.10713075057
3013.8,2.15638586528
3030.8,2.24499443206
3047.8,2.36854385647
3064.8,2.4819347292
3066.6,2.58650343128
3083.6,2.52982212813
3100.6,2.5079872408
3102.4,2.63818119165
3119.4,2.64764045897
3136.4,2.65329983228
3153.4,2.76586333719
3170.4,2.57681974535
3187.4,2.53179778023
3204.4,2.67581763205
3221.4,2.66270539114
3238.4,2.75680975042
3255.4,2.77308492477
3272.4,2.89136645896
3289.4,2.93428015022
3291.2,3.03973683071
3308.2,2.90688837075
3325.2,3.03973683071
3342.2,3.16385840391
3359.2,3.05941170816
3376.2,2.98161030318
3393.2,3.03315017762
3410.2,3.01496268634
3427.2,3.09192496675
3444.2,2.9
3448.2,2.9
3452.2,2.9
3469.2,2.7276363394
3473.2,2.7276363394
3490.2,2.65518360947
3492.0,2.76405499222
3509.0,2.9
3513.0,2.9
3514.8,3.02654919008
3531.8,2.9478805946
3548.8,2.89827534924
3565.8,2.84429253067
3582.8,2.95972971739
3599.8,3.1
3616.8,3.03973683071
3633.8,3.0083217913
3637.8,3.0083217913
3654.8,2.83548937575
3671.8,2.68514431642
3688.8,2.82134719593
3705.8,2.73678643668
3722.8,2.60768096208
3739.8,2.54754784057
3756.8,2.52190404258
3773.8,2.45153013443
3790.8,2.45764114549
3807.8,2.5
3811.8,2.5
3828.8,2.37486841741
3845.8,2.32594066992
3849.8,2.32594066992
3866.8,2.35796522451
3883.8,2.4269322199
3887.8,2.4269322199
3889.6,2.52982212813
3906.6,2.62488094968
3923.6,2.74954541697
3940.6,2.64764045897
3957.6,2.57681974535
3974.6,2.45967477525
3991.6,2.33238075794
4008.6,2.45153013443
4010.4,2.56124969497
4027.4,2.5079872408
4044.4,2.52982212813
4061.4,2.46779253585
4078.4,2.6
4095.4,2.57099202644
4112.4,2.53771550809
4114.2,2.65518360947
4131.2,2.8
4148.2,2.9
4165.2,2.95972971739
4182.2,2.84429253067
4199.2,2.72029410175
4216.2,2.80891438104
4233.2,2.92574776767
4235.0,3.0347981811
4252.0,2.93938769134
4269.0,2.83725219182
4286.0,2.97321374946
4290.0,2.97321374946
4307.0,2.9
4324.0,3.02654919008
4341.0,2.98161030318
4358.0,2.82842712475
4359.8,2.9478805946
4376.8,3.02654919008
4393.8,3.00166620396
4410.8,2.87054001888
4427.8,2.83725219182
4444.8,2.93938769134
4461.8,2.83019433962
4478.8,2.95972971739
4495.8,2.9478805946
4499.8,2.9478805946
4501.6,3.06594194335
4518.6,2.98161030318
4535.6,3.12409987036
4552.6,3.00166620396
4554.4,3.13687742827
4571.4,3.04138126515
4588.4,2.97321374946
4605.4,3.13209195267
4609.4,3.13209195267
4626.4,3.09192496675
4643.4,3.01496268634
4660.4,2.96647939484
4677.4,2.9478805946
4694.4,2.82134719593
4696.2,2.96816441593
4713.2,2.93938769134
4730.2,3.0083217913
4747.2,3.07245829915
4764.2,3.06757233004
4781.2,3.09192496675
4798.2,3.01496268634
4815.2,3.09838667697
4817.0,3.23882694814
4834.0,3.31058907145
4851.0,3.25729949498
4868.0,3.10483493925
4885.0,3.20156211872
4902.0,3.32264954517
4919.0,3.28785644455
4936.0,3.4292856399
4953.0,3.38969025134
4970.0,3.25576411922
4987.0,3.36005952328
5004.0,3.3406586177
5021.0,3.34813380856
5038.0,3.41174442185
5042.0,3.41174442185
5059.0,3.5
5076.0,3.35261092285
5093.0,3.22645316098
5110.0,3.12409987036
5111.8,3.23882694814
5128.8,3.19374388453
5145.8,3.08058436015
5162.8,3.1874754901
5179.8,3.16385840391
5196.8,3.00665927567
5198.6,3.1384709653
5215.6,3.00665927567
5232.6,3.1
5249.6,3.21869538789
5266.6,3.11287648325
5283.6,3.22490309932
5300.6,3.36005952328
5317.6,3.28024389337
5319.4,3.40734500748
5336.4,3.29241552663
5353.4,3.17017349683
5370.4,3.07245829915
5387.4,3.00166620396
5389.2,3.15594676761
5406.2,3.08058436015
5423.2,3.03315017762
5440.2,3.11287648325
5457.2,2.99332590942
5474.2,3.1
5491.2,3.2
5493.0,3.35410196625
5494.8,3.52703841771
5511.8,3.43656805549
5513.6,3.62767142944
5530.6,3.56230262611
5547.6,3.49284983931
5564.6,3.44818792991
5581.6,3.4
5598.6,3.49428104193
5615.6,3.58329457343
5632.6,3.69459064038
5649.6,3.58329457343
5666.6,3.66196668472
5683.6,3.62767142944
5700.6,3.53411940941
5702.4,3.7148351242
5719.4,3.80657326213
5736.4,3.7894590643
5753.4,3.68917334914
5770.4,3.61109401705
5787.4,3.61247837364
5804.4,3.52703841771
5821.4,3.60693775937
5838.4,3.54400902933
5855.4,3.47706773014
5872.4,3.40587727319
5889.4,3.26955654485
5906.4,3.37045990927
5923.4,3.31813200461
5940.4,3.41174442185
5957.4,3.35410196625
5974.4,3.23109888428
5991.4,3.34813380856
6008.4,3.48711915483
6025.4,3.47706773014
6042.4,3.37638860323
6044.2,3.53411940941
6061.2,3.6823905279
6078.2,3.76961536499
6095.2,3.77359245282
6112.2,3.69459064038
6129.2,3.74699879904
6146.2,3.68917334914
6163.2,3.6
6180.2,3.7
6197.2,3.7148351242
6214.2,3.64554522671
6231.2,3.7894590643
6248.2,3.71618083521
6265.2,3.55527776693
6282.2,3.66742416418
6299.2,3.61109401705
6316.2,3.55105618091
6318.0,3.6823905279
6335.0,3.53411940941
6352.0,3.54964786986
6369.0,3.5902646142
6386.0,3.51567916625
6403.0,3.46554469023
6420.0,3.44093010682
6437.0,3.38378486314
6454.0,3.35261092285
6471.0,3.34813380856
6488.0,3.21869538789
6489.8,3.36005952328
6506.8,3.37638860323
6523.8,3.20780298647
6540.8,3.05941170816
6557.8,3.06757233004
6574.8,2.97321374946
6591.8,3.0083217913
6608.8,3.03973683071
6625.8,3.16385840391
6642.8,3.21869538789
6659.8,3.23882694814
6676.8,3.37638860323
6693.8,3.41906419946
6710.8,3.48711915483
6727.8,3.55105618091
6731.8,3.55105618091
6748.8,3.63868107973
6765.8,3.66742416418
6782.8,3.72021504755
6786.8,3.72021504755
6803.8,3.57910603363
6820.8,3.6823905279
6837.8,3.56230262611
6839.6,3.66060104354
6856.6,3.56230262611
6873.6,3.48711915483
6890.6,3.55105618091
6907.6,3.46987031458
6924.6,3.41320963318
6941.6,3.23109888428
6958.6,3.19530906173
6975.6,3.02654919008
6992.6,3.08058436015
7009.6,3.16227766017
7026.6,3.01496268634
7043.6,2.85657137142
7060.6,2.75862284483
7062.4,2.87054001888
7079.4,2.72946881279
7096.4,2.69072480941
7113.4,2.7946377225
7130.4,2.89136645896
7147.4,2.87923600978
7164.4,3.0
7181.4,2.84429253067
7198.4,2.74954541697
7215.4,2.60959767014
7232.4,2.45764114549
7234.2,2.57875939165
7251.2,2.45764114549
7268.2,2.57099202644
7285.2,2.71293199325
7302.2,2.62488094968
7319.2,2.683281573
7336.2,2.54754784057
7353.2,2.52190404258
7370.2,2.53179778023
7387.2,2.45764114549
7404.2,2.53968501984
7421.2,2.53771550809
7438.2,2.64764045897
7440.0,2.74954541697
7457.0,2.84429253067
7474.0,2.75680975042
7475.8,2.87923600978
7492.8,2.89136645896
7509.8,2.83019433962
7526.8,2.93938769134
7528.6,3.07408522979
7545.6,3.10483493925
7562.6,3.19530906173
7579.6,3.24961536185
7596.6,3.36005952328
7613.6,3.22490309932
7630.6,3.11287648325
7647.6,3.21869538789
7664.6,3.13209195267
7681.6,3.26190128606
7698.6,3.23264597505
7715.6,3.23109888428
7732.6,3.16385840391
7749.6,3.21869538789
7766.6,3.23882694814
7783.6,3.16227766017
7800.6,3.11287648325
7817.6,3.15594676761
7834.6,3.19530906173
7851.6,3.16859590355
7868.6,3.23264597505
7885.6,3.03973683071
7902.6,3.1
7919.6,3.02654919008
7936.6,2.87923600978
7953.6,2.96647939484
7970.6,2.77308492477
7972.4,2.85657137142
7989.4,2.96816441593
7993.4,2.96816441593
8010.4,3.03973683071
8027.4,2.90688837075
8044.4,2.7276363394
8061.4,2.83019433962
8078.4,2.78567765544
8095.4,2.66270539114
8112.4,2.72029410175
8129.4,2.80891438104
8146.4,2.71293199325
8163.4,2.68514431642
8167.4,2.68514431642
8171.4,2.68514431642
8175.4,2.68514431642
8192.4,2.49799919936
8196.4,2.49799919936
8213.4,2.57875939165
8230.4,2.57681974535
8247.4,2.60959767014
8251.4,2.60959767014
8268.4,2.6
8285.4,2.62488094968
8289.4,2.62488094968
8293.4,2.62488094968
8297.4,2.62488094968
8301.4,2.62488094968
8305.4,2.62488094968
8322.4,2.4899799196
8326.4,2.4899799196
8343.4,2.38537208838
8360.4,2.44131112315
8362.2,2.49198715888
8379.2,2.53771550809
8396.2,2.61725046566
8413.2,2.69072480941
8430.2,2.49198715888
8447.2,2.4
8451.2,2.4
8468.2,2.46779253585
8485.2,2.2803508502
8502.2,2.11896201004
8519.2,1.93907194297
8536.2,2.00249843945
8553.2,2.0591260282
8557.2,2.0591260282
8574.2,1.91049731745
8578.2,1.91049731745
8582.2,1.91049731745
8599.2,1.74355957742
8603.2,1.74355957742
8605.0,1.79164728672
8622.0,1.88679622641
8639.0,1.97230829233
8656.0,1.84390889146
8673.0,1.75783958312
8690.0,1.77763888346
8707.0,1.84661853126
8724.0,1.68522995464
8741.0,1.74642491966
8758.0,1.56204993518
8775.0,1.41774468788
8776.8,1.46969384567
8793.8,1.37477270849
8810.8,1.48323969742
8827.8,1.57797338381
8844.8,1.66132477258
8848.8,1.66132477258
8852.8,1.66132477258
8856.8,1.66132477258
8873.8,1.73493515729
8877.8,1.73493515729
8881.8,1.73493515729
8885.8,1.73493515729
8889.8,1.73493515729
8893.8,1.73493515729
8910.8,1.74355957742
8912.6,1.80277563773
8914.4,1.90787840283
8931.4,1.9
8948.4,1.98997487421
8965.4,2.11896201004
8982.4,2.0
8986.4,2.0
9003.4,1.81383571472
9020.4,1.66132477258
9037.4,1.67630546142
9054.4,1.56204993518
9071.4,1.62788205961
9088.4,1.62480768093
9105.4,1.67630546142
9122.4,1.72046505341
9139.4,1.64012194669
9156.4,1.73205080757
9173.4,1.57797338381
9177.4,1.57797338381
9194.4,1.46969384567
9211.4,1.55241746963
9215.4,1.55241746963
9232.4,1.49666295471
9249.4,1.5
9251.2,1.56204993518
9268.2,1.34536240471
9285.2,1.46969384567
9302.2,1.51327459504
9319.2,1.48323969742
9336.2,1.57797338381
9340.2,1.57797338381
9357.2,1.6
9361.2,1.6
9378.2,1.55241746963
9382.2,1.55241746963
9399.2,1.35646599663
9416.2,1.20415945788
9433.2,1.28062484749
9450.2,1.26885775404
9467.2,1.32664991614
9471.2,1.32664991614
9475.2,1.32664991614
9492.2,1.3
9496.2,1.3
9498.0,1.3416407865
9515.0,1.37477270849
9532.0,1.46969384567
9549.0,1.34536240471
9566.0,1.42828568571
9570.0,1.42828568571
9587.0,1.20415945788
9604.0,1.01980390272
9621.0,0.9
9638.0,0.979795897113
9655.0,0.830662386292
9672.0,0.894427191
9689.0,0.830662386292
9693.0,0.830662386292
9697.0,0.830662386292
9714.0,0.748331477355
9718.0,0.748331477355
9735.0,0.640312423743
9752.0,0.663324958071
9769.0,0.5
9773.0,0.5
9790.0,0.489897948557
9807.0,0.458257569496
9811.0,0.458257569496
9812.8,0.4
9829.8,0.538516480713
9831.6,0.632455532034
9848.6,0.7
9850.4,0.871779788708
9867.4,0.781024967591
9884.4,0.663324958071
9901.4,0.67082039325
9918.4,0.663324958071
9935.4,0.781024967591
9952.4,0.871779788708
9969.4,1.04403065089
9986.4,1.0
10003.4,0.943398113206
10020.4,0.979795897113
10022.2,1.1
10024.0,1.28062484749
10041.0,1.20415945788
10058.0,1.2
10075.0,1.26885775404
10092.0,1.24899959968
10109.0,1.3
10126.0,1.41421356237
10143.0,1.51327459504
10160.0,1.66132477258
10177.0,1.55241746963
10194.0,1.49666295471
10211.0,1.5
10228.0,1.56204993518
10245.0,1.41774468788
10262.0,1.32664991614
10266.0,1.32664991614
10283.0,1.44568322948
10284.8,1.54919333848
10301.8,1.51327459504
10318.8,1.66132477258
10335.8,1.61554944214
10352.8,1.56204993518
10369.8,1.56524758425
10386.8,1.56204993518
10388.6,1.67630546142
10405.6,1.77763888346
10407.4,1.92093727123
10424.4,2.04939015319
10441.4,1.92093727123
10458.4,1.88679622641
10475.4,1.9
10492.4,2.00997512422
10509.4,1.8574175621
10526.4,1.74355957742
10528.2,1.9
10545.2,2.03960780544
10562.2,2.21133443875
10579.2,2.19089023002
10596.2,2.16564078277
10613.2,2.27156333832
10630.2,2.19317121995
10634.2,2.19317121995
10651.2,2.2
10655.2,2.2
10672.2,2.10950231097
10689.2,2.10713075057
10706.2,2.05182845287
10710.2,2.05182845287
10727.2,1.88679622641
10744.2,1.81383571472
10761.2,1.788854382
10763.0,1.92093727123
10780.0,2.08806130178
10797.0,2.05182845287
10798.8,2.2
10815.8,2.3769728648
10832.8,2.28910462845
10849.8,2.2825424421
10866.8,2.27156333832
10883.8,2.3
10900.8,2.14476105895
10902.6,2.3
10919.6,2.4819347292
10936.6,2.41039415864
10953.6,2.37486841741
10970.6,2.33452350599
10987.6,2.33238075794
11004.6,2.2825424421
11021.6,2.31516738056
11038.6,2.34307490277
11055.6,2.2360679775
11059.6,2.2360679775
11076.6,2.16564078277
11093.6,2.13541565041
11097.6,2.13541565041
11114.6,2.19317121995
11131.6,2.00997512422
11148.6,2.01246117975
11165.6,2.10713075057
11169.6,2.10713075057
11186.6,2.14709105536
11203.6,2.27156333832
11220.6,2.21133443875
11222.4,2.32379000772
11239.4,2.46779253585
11256.4,2.52190404258
11273.4,2.49198715888
11290.4,2.41660919472
11307.4,2.41867732449
11311.4,2.41867732449
11313.2,2.53771550809
11330.2,2.49198715888
11347.2,2.6
11364.2,2.4269322199
11381.2,2.44948974278
11398.2,2.38537208838
11415.2,2.52190404258
11419.2,2.52190404258
11436.2,2.36854385647
11453.2,2.41660919472
11470.2,2.29128784748
11472.0,2.41660919472
11489.0,2.45153013443
11506.0,2.31516738056
11523.0,2.25610283454
11540.0,2.19089023002
11557.0,2.07123151772
11574.0,1.98997487421
11591.0,2.1
11608.0,2.24499443206
11609.8,2.3769728648
11626.8,2.53771550809
11643.8,2.45153013443
11660.8,2.31516738056
11677.8,2.34307490277
11694.8,2.44948974278
11711.8,2.38537208838
11728.8,2.44131112315
11745.8,2.53179778023
11749.8,2.53179778023
11766.8,2.45764114549
11783.8,2.41867732449
11800.8,2.33238075794
11817.8,2.45153013443
11834.8,2.35796522451
11851.8,2.21133443875
11868.8,2.19089023002
11885.8,2.07123151772
11902.8,1.98997487421
11919.8,1.9
11936.8,1.8
11953.8,1.80277563773
11970.8,1.74355957742
11987.8,1.84661853126
12004.8,1.72046505341
12021.8,1.64012194669
12038.8,1.54919333848
12055.8,1.51327459504
12072.8,1.53622914957
12074.6,1.61554944214
12091.6,1.74355957742
12108.6,1.68819430161
12125.6,1.62480768093
12127.4,1.73493515729
12144.4,1.72046505341
12161.4,1.75783958312
12178.4,1.84390889146
12195.4,1.92093727123
12212.4,1.93907194297
12229.4,2.00249843945
12246.4,1.8547236991
12263.4,1.96214168703
12280.4,1.8
12297.4,1.9
12314.4,1.83303027798
12318.4,1.83303027798
12335.4,1.7
12339.4,1.7
12356.4,1.73205080757
12373.4,1.81383571472
12390.4,1.72046505341
12407.4,1.67630546142
12424.4,1.62480768093
12428.4,1.62480768093
12432.4,1.62480768093
12449.4,1.68819430161
12453.4,1.68819430161
12457.4,1.68819430161
12474.4,1.49666295471
12478.4,1.49666295471
12482.4,1.49666295471
12486.4,1.49666295471
12490.4,1.49666295471
12507.4,1.48660687473
12524.4,1.53622914957
12528.4,1.53622914957
12532.4,1.53622914957
12536.4,1.53622914957
12553.4,1.37477270849
12570.4,1.26491106407
12587.4,1.04403065089
12591.4,1.04403065089
12593.2,1.07703296143
12610.2,0.9
12627.2,0.8
12629.0,0.921954445729
12646.0,1.01980390272
12663.0,1.00498756211
12680.0,1.07703296143
12697.0,1.04403065089
12714.0,1.18321595662
12731.0,1.22065556157
12748.0,1.07703296143
12765.0,1.1
12782.0,1.11355287257
12799.0,0.921954445729
12816.0,0.8
12833.0,0.9
12834.8,0.979795897113
12851.8,0.943398113206
12868.8,1.0
12885.8,0.943398113206
12902.8,0.979795897113
12919.8,0.9
12936.8,1.01980390272
12953.8,1.11803398875
12957.8,1.11803398875
12961.8,1.11803398875
12978.8,0.916515138991
12982.8,0.916515138991
12999.8,0.9
13003.8,0.9
13020.8,0.871779788708
13037.8,0.943398113206
13041.8,0.943398113206
13058.8,0.894427191
13075.8,0.943398113206
13092.8,0.979795897113
13094.6,1.00498756211
13111.6,0.916515138991
13128.6,1.0246950766
13132.6,1.0246950766
13136.6,1.0246950766
13153.6,1.11355287257
13170.6,1.1874342087
13174.6,1.1874342087
13178.6,1.1874342087
13195.6,1.16619037897
13199.6,1.16619037897
13216.6,0.943398113206
13233.6,0.774596669241
13235.4,0.830662386292
13252.4,0.979795897113
13269.4,0.9
13286.4,1.01980390272
13290.4,1.01980390272
13307.4,1.0246950766
13324.4,1.11355287257
13328.4,1.11355287257
13345.4,1.1
13362.4,1.07703296143
13364.2,1.13578166916
13381.2,1.09544511501
13398.2,1.13578166916
13415.2,1.16619037897
13417.0,1.26885775404
13434.0,1.11355287257
13451.0,1.11803398875
13468.0,1.2
13485.0,1.26885775404
13502.0,1.32664991614
13519.0,1.13578166916
13536.0,1.18321595662
13537.8,1.3
13554.8,1.16619037897
13571.8,1.1874342087
13588.8,1.2
13605.8,1.11803398875
13622.8,1.2
13639.8,1.26885775404
13656.8,1.32664991614
13673.8,1.37477270849
13690.8,1.41421356237
13707.8,1.51327459504
13724.8,1.53622914957
13741.8,1.61554944214
13758.8,1.56204993518
13775.8,1.62788205961
13779.8,1.62788205961
13796.8,1.68522995464
13800.8,1.68522995464
13817.8,1.55241746963
13834.8,1.6
13838.8,1.6
13842.8,1.6
13844.6,1.64012194669
13861.6,1.73205080757
13863.4,1.81383571472
13880.4,1.83303027798
13897.4,1.79164728672
13914.4,1.68522995464
13916.2,1.80277563773
13933.2,1.74355957742
13950.2,1.79164728672
13952.0,1.93907194297
13969.0,1.97230829233
13986.0,2.04939015319
14003.0,2.11896201004
14020.0,2.18174242293
14037.0,1.95192212959
14038.8,2.10713075057
14055.8,2.06155281281
14072.8,2.15406592285
14089.8,2.14709105536
14106.8,2.13541565041
14123.8,2.21133443875
14140.8,2.19089023002
14142.6,2.34307490277
14159.6,2.44131112315
14176.6,2.41039415864
14193.6,2.41660919472
14210.6,2.5
14212.4,2.65329983228
14229.4,2.57099202644
14231.2,2.74954541697
14248.2,2.73678643668
14265.2,2.75680975042
14282.2,2.84429253067
14299.2,2.82134719593
14316.2,2.86530975638
14333.2,2.87054001888
14350.2,2.83725219182
14367.2,2.90516780927
14384.2,2.83019433962
14401.2,2.85657137142
14418.2,2.84429253067
14435.2,2.60768096208
14452.2,2.58650343128
14469.2,2.6
14486.2,2.36854385647
14503.2,2.45764114549
14520.2,2.24722050542
14537.2,2.0591260282
14554.2,1.95192212959
14571.2,2.08806130178
14588.2,1.92093727123
14605.2,1.94935886896
14607.0,2.11896201004
14624.0,1.98997487421
14641.0,2.05182845287
14658.0,2.0591260282
14675.0,1.96214168703
14676.8,2.15406592285
14693.8,2.05182845287
14710.8,2.08806130178
14727.8,2.16564078277
14744.8,2.2803508502
14761.8,2.16564078277
14778.8,2.22710574513
14795.8,2.32594066992
14797.6,2.49799919936
14814.6,2.41867732449
14831.6,2.37486841741
14848.6,2.36854385647
14865.6,2.4819347292
14882.6,2.38537208838
14899.6,2.36643191324
14916.6,2.3
14933.6,2.27156333832
14950.6,2.14709105536
14967.6,2.0591260282
14969.4,2.24722050542
14986.4,2.28910462845
14988.2,2.49198715888
15005.2,2.56124969497
15007.0,2.77308492477
15008.8,3.0
15025.8,2.98161030318
15042.8,2.92574776767
15059.8,2.7946377225
15076.8,2.8
15093.8,2.76586333719
15110.8,2.7276363394
15127.8,2.75862284483
15144.8,2.74954541697
15146.6,2.98161030318
15163.6,3.03315017762
15180.6,2.91376045687
15197.6,2.82134719593
15214.6,2.83019433962
15231.6,2.76405499222
15248.6,2.72946881279
15265.6,2.65329983228
15282.6,2.60959767014
15299.6,2.6
15316.6,2.62488094968
15333.6,2.64575131106
15350.6,2.7
15367.6,2.67581763205
15384.6,2.72213151776
15401.6,2.65329983228
15418.6,2.61725046566
15435.6,2.61533936612
15452.6,2.64764045897
15469.6,2.63818119165
15486.6,2.4269322199
15503.6,2.44948974278
15520.6,2.5079872408
15537.6,2.44131112315
15554.6,2.49198715888
15571.6,2.53771550809
15588.6,2.61725046566
15605.6,2.57681974535
15622.6,2.57099202644
15639.6,2.6
15656.6,2.38537208838
15673.6,2.36643191324
15690.6,2.38537208838
15707.6,2.44131112315
15724.6,2.45153013443
15741.6,2.49799919936
15758.6,2.29128784748
15775.6,2.2
15792.6,2.2825424421
15809.6,2.22710574513
15826.6,2.11896201004
15843.6,2.2360679775
15860.6,2.25610283454
15877.6,2.4
15881.6,2.4
15898.6,2.45153013443
15915.6,2.45764114549
15932.6,2.5
15949.6,2.41660919472
15966.6,2.36854385647
15983.6,2.35796522451
16000.6,2.38537208838
16017.6,2.44948974278
16034.6,2.4269322199
16051.6,2.4819347292
16068.6,2.49198715888
16085.6,2.49799919936
16102.6,2.41867732449
16119.6,2.45764114549
16136.6,2.53179778023
16138.4,2.6
16155.4,2.66270539114
16172.4,2.40831891576
16189.4,2.5079872408
16206.4,2.52190404258
16223.4,2.60959767014
16240.4,2.65329983228
16257.4,2.61725046566
16261.4,2.61725046566
16278.4,2.69072480941
16295.4,2.45153013443
16312.4,2.35796522451
16329.4,2.38537208838
16346.4,2.14476105895
16350.4,2.14476105895
16367.4,1.92093727123
16369.2,1.98997487421
16386.2,2.05182845287
16403.2,2.10713075057
16420.2,2.06155281281
16437.2,2.15406592285
16454.2,2.05182845287
16471.2,2.13541565041
16488.2,2.21133443875
16505.2,2.2803508502
16522.2,2.21133443875
16526.2,2.21133443875
16530.2,2.21133443875
16534.2,2.21133443875
16551.2,2.18174242293
16568.2,1.95192212959
16572.2,1.95192212959
16589.2,1.8547236991
16593.2,1.8547236991
16610.2,1.80277563773
16627.2,1.8547236991
16644.2,1.84661853126
16661.2,1.6
16663.0,1.64012194669
16680.0,1.67332005307
16697.0,1.75783958312
16714.0,1.53622914957
16731.0,1.61554944214
16748.0,1.68522995464
16765.0,1.5
16782.0,1.56204993518
16799.0,1.48660687473
16816.0,1.53622914957
16833.0,1.51327459504
16850.0,1.54919333848
16854.0,1.54919333848
16855.8,1.57797338381
16872.8,1.66132477258
16889.8,1.48660687473
16891.6,1.56204993518
16908.6,1.62788205961
16925.6,1.49666295471
16942.6,1.61554944214
16959.6,1.66132477258
16976.6,1.64012194669
16993.6,1.67332005307
17010.6,1.7
17027.6,1.46969384567
17044.6,1.26885775404
17048.6,1.26885775404
17065.6,1.11355287257
17082.6,1.20415945788
17099.6,1.2
17116.6,1.1874342087
17133.6,1.24899959968
17150.6,1.3
17154.6,1.3
17171.6,1.3416407865
17175.6,1.3416407865
17177.4,1.37477270849
17194.4,1.46969384567
17211.4,1.34536240471
17228.4,1.35646599663
17230.2,1.43178210633
17247.2,1.35646599663
17264.2,1.41774468788
17281.2,1.46969384567
17283.0,1.57797338381
17300.0,1.61245154966
17317.0,1.7
17334.0,1.66132477258
17351.0,1.73493515729
17352.8,1.8547236991
17369.8,1.62788205961
17386.8,1.62480768093
17403.8,1.73493515729
17420.8,1.53622914957
17437.8,1.44568322948
17454.8,1.48323969742
17471.8,1.3
17488.8,1.24899959968
17505.8,1.26885775404
17522.8,1.2
17539.8,1.20415945788
17556.8,1.2
17573.8,1.26885775404
17590.8,1.4
17607.8,1.44568322948
17624.8,1.48323969742
17641.8,1.51327459504
17658.8,1.4
17675.8,1.48660687473
17692.8,1.56204993518
17696.8,1.56204993518
17713.8,1.36014705087
17730.8,1.42828568571
17734.8,1.42828568571
17738.8,1.42828568571
17742.8,1.42828568571
17759.8,1.34536240471
17776.8,1.32664991614
17780.8,1.32664991614
17797.8,1.13578166916
17814.8,1.09544511501
17831.8,1.13578166916
17848.8,1.16619037897
17852.8,1.16619037897
17856.8,1.16619037897
17873.8,1.00498756211
17890.8,1.01980390272
17892.6,1.0246950766
17909.6,1.11355287257
17926.6,1.1874342087
17943.6,1.24899959968
17960.6,1.3
17964.6,1.3
17981.6,1.3416407865
17983.4,1.37477270849
18000.4,1.46969384567
18017.4,1.55241746963
18034.4,1.35646599663
18038.4,1.35646599663
18055.4,1.36014705087
18072.4,1.42828568571
18089.4,1.48660687473
18093.4,1.48660687473
18097.4,1.48660687473
18114.4,1.53622914957
18118.4,1.53622914957
18122.4,1.53622914957
18139.4,1.57797338381
18143.4,1.57797338381
18160.4,1.41421356237
18162.2,1.44568322948
18179.2,1.53622914957
18196.2,1.61554944214
18213.2,1.68522995464
18230.2,1.56524758425
18247.2,1.62480768093
18251.2,1.62480768093
18268.2,1.41774468788
18270.0,1.46969384567
18287.0,1.51327459504
18304.0,1.41421356237
18321.0,1.51327459504
18338.0,1.6
18355.0,1.67630546142
18359.0,1.67630546142
18363.0,1.67630546142
18367.0,1.67630546142
18384.0,1.74355957742
18401.0,1.80277563773
18405.0,1.80277563773
18422.0,1.74355957742
18439.0,1.73493515729
18456.0,1.6
18460.0,1.6
18461.8,1.64012194669
18478.8,1.73205080757
18482.8,1.73205080757
18499.8,1.51327459504
18516.8,1.46969384567
18533.8,1.48660687473
18550.8,1.56204993518
18554.8,1.56204993518
18571.8,1.62788205961
18575.8,1.62788205961
18579.8,1.62788205961
18596.8,1.68522995464
18613.8,1.73493515729
18617.8,1.73493515729
18621.8,1.73493515729
18638.8,1.53622914957
18655.8,1.51327459504
18672.8,1.54919333848
18676.8,1.54919333848
18680.8,1.54919333848
18684.8,1.54919333848
18686.6,1.57797338381
18703.6,1.4
18720.6,1.26885775404
18737.6,1.35646599663
18741.6,1.35646599663
18758.6,1.43178210633
18775.6,1.2
18777.4,1.26885775404
18794.4,1.24899959968
18811.4,1.37477270849
18828.4,1.48323969742
18830.2,1.57797338381
18847.2,1.6
18864.2,1.73493515729
18881.2,1.56204993518
18898.2,1.56524758425
18915.2,1.56204993518
18932.2,1.41774468788
18934.0,1.53622914957
18951.0,1.57797338381
18952.8,1.73205080757
18969.8,1.86815416923
18986.8,1.83303027798
19003.8,2.00249843945
19020.8,2.00997512422
19037.8,2.06155281281
19054.8,2.0591260282
19071.8,1.95192212959
19088.8,2.03960780544
19105.8,1.97230829233
19122.8,1.94935886896
19139.8,1.97230829233
19156.8,1.93907194297
19173.8,1.95192212959
19190.8,2.00997512422
19207.8,2.01246117975
19224.8,1.90787840283
19241.8,1.84661853126
19258.8,1.83303027798
19275.8,1.57797338381
19292.8,1.61245154966
19309.8,1.57797338381
19326.8,1.66132477258
19343.8,1.73493515729
19360.8,1.49666295471
19364.8,1.49666295471
19381.8,1.5
19383.6,1.56204993518
19400.6,1.67630546142
19417.6,1.66132477258
19421.6,1.66132477258
19438.6,1.75783958312
19442.6,1.75783958312
19459.6,1.73205080757
19476.6,1.75783958312
19493.6,1.77763888346
19497.6,1.77763888346
19514.6,1.84661853126
19518.6,1.84661853126
19535.6,1.90787840283
19539.6,1.90787840283
19556.6,1.80277563773
19560.6,1.80277563773
19564.6,1.80277563773
19568.6,1.80277563773
19585.6,1.8
19602.6,1.84661853126
19619.6,1.88679622641
19623.6,1.88679622641
19627.6,1.88679622641
19631.6,1.88679622641
19648.6,1.64012194669
19665.6,1.54919333848
19682.6,1.51327459504
19699.6,1.24899959968
19703.6,1.24899959968
19720.6,1.1874342087
19724.6,1.1874342087
19728.6,1.1874342087
19745.6,1.2
19749.6,1.2
19753.6,1.2
19770.6,0.921954445729
19774.6,0.921954445729
19778.6,0.921954445729
19782.6,0.921954445729
19786.6,0.921954445729
19790.6,0.921954445729
19807.6,0.916515138991
19824.6,0.640312423743
19828.6,0.640312423743
19832.6,0.640312423743
19836.6,0.640312423743
19840.6,0.640312423743
19844.6,0.640312423743
19848.6,0.640312423743
19852.6,0.640312423743
19869.6,0.4
19873.6,0.4
19875.4,0.3
19892.4,0.4472135955
19909.4,0.538516480713
19926.4,0.6
19930.4,0.6
19934.4,0.6
19951.4,0.640312423743
19968.4,0.663324958071
19972.4,0.663324958071
19989.4,0.67082039325
19991.2,0.663324958071
20008.2,0.781024967591
20025.2,0.871779788708
20029.2,0.871779788708
20046.2,0.943398113206
20050.2,0.943398113206
20067.2,0.774596669241
20084.2,0.7
20101.2,0.6
20118.2,0.458257569496
20135.2,0.489897948557
20139.2,0.489897948557
20156.2,0.5
20160.2,0.5
20164.2,0.5
20181.2,0.489897948557
20185.2,0.489897948557
20202.2,0.458257569496
20206.2,0.458257569496
20210.2,0.458257569496
20212.0,0.4
20229.0,0.538516480713
20246.0,0.632455532034
20263.0,0.7
20280.0,0.748331477355
20297.0,0.640312423743
20314.0,0.663324958071
20318.0,0.663324958071
20335.0,0.67082039325
20339.0,0.67082039325
20343.0,0.67082039325
20360.0,0.489897948557
20377.0,0.458257569496
20394.0,0.4
20398.0,0.4
20402.0,0.4
20406.0,0.4
20423.0,0.3
20427.0,0.3
20431.0,0.3
20435.0,0.3
20436.8,0.0
20453.8,0.3
20470.8,0.4
20487.8,0.458257569496
20491.8,0.458257569496
20495.8,0.458257569496
20499.8,0.458257569496
20516.8,0.489897948557
20518.6,0.5
20535.6,0.663324958071
20552.6,0.640312423743
20569.6,0.6
20586.6,0.7
20603.6,0.632455532034
20607.6,0.632455532034
20624.6,0.7
20628.6,0.7
20645.6,0.748331477355
20662.6,0.640312423743
20679.6,0.663324958071
20681.4,0.67082039325
20683.2,0.8
20700.2,0.781024967591
20717.2,0.6
20734.2,0.538516480713
20751.2,0.632455532034
20768.2,0.7
20785.2,0.748331477355
20802.2,0.9
20819.2,0.916515138991
20836.2,1.0246950766
20853.2,1.01980390272
20870.2,1.1
20887.2,0.979795897113
20904.2,0.943398113206
20921.2,0.894427191
20925.2,0.894427191
20942.2,0.830662386292
20946.2,0.830662386292
20950.2,0.830662386292
20954.2,0.830662386292
20958.2,0.830662386292
20962.2,0.830662386292
20979.2,0.871779788708
20996.2,0.9
21000.2,0.9
21004.2,0.9
21008.2,0.9
21012.2,0.9
21016.2,0.9
21020.2,0.9
21024.2,0.9
21028.2,0.9
21032.2,0.9
21036.2,0.9
21040.2,0.9
21044.2,0.9
21048.2,0.9
21052.2,0.9
21069.2,0.916515138991
21086.2,0.67082039325
21103.2,0.663324958071
21107.2,0.663324958071
21111.2,0.663324958071
21115.2,0.663324958071
21132.2,0.640312423743
21136.2,0.640312423743
21140.2,0.640312423743
21157.2,0.4
21161.2,0.4
21165.2,0.4
21169.2,0.4
21173.2,0.4
21177.2,0.4
21181.2,0.4
21185.2,0.4
21189.2,0.4
21193.2,0.4
21197.2,0.4
21201.2,0.4
21205.2,0.4
21222.2,0.3
21224.0,0.0
21241.0,0.3
21258.0,0.4
21275.0,0.458257569496
21292.0,0.489897948557
21309.0,0.5
21326.0,0.489897948557
21343.0,0.458257569496
21360.0,0.4
21364.0,0.4
21368.0,0.4
21372.0,0.4
21376.0,0.4
21380.0,0.4
21384.0,0.4
21388.0,0.4
21389.8,0.3
21406.8,0.4472135955
21423.8,0.538516480713
21440.8,0.6
21444.8,0.6
21461.8,0.640312423743
21463.6,0.663324958071
21480.6,0.67082039325
21497.6,0.8
21514.6,0.9
21518.6,0.9
21535.6,0.979795897113
21539.6,0.979795897113
21541.4,1.04403065089
21558.4,0.894427191
21575.4,0.830662386292
21577.2,0.979795897113
21594.2,0.9
21611.2,0.916515138991
21628.2,0.921954445729
21645.2,0.916515138991
21662.2,0.781024967591
21664.0,0.979795897113
21681.0,0.943398113206
21682.8,1.18321595662
21699.8,1.22065556157
21701.6,1.46969384567
21718.6,1.55241746963
21720.4,1.8
21737.4,1.80277563773
21754.4,1.74355957742
21771.4,1.73493515729
21788.4,1.72046505341
21805.4,1.7
21822.4,1.73205080757
21839.4,1.7
21856.4,1.53622914957
21873.4,1.48660687473
21890.4,1.49666295471
21907.4,1.56524758425
21924.4,1.68522995464
21941.4,1.73493515729
21958.4,1.83303027798
21975.4,1.81383571472
21992.4,1.73205080757
22009.4,1.7
22026.4,1.66132477258
22043.4,1.67630546142
22060.4,1.62480768093
22077.4,1.62788205961
22094.4,1.62480768093
22096.2,1.79164728672
22113.2,1.6
22130.2,1.57797338381
22147.2,1.61245154966
22164.2,1.7
22181.2,1.83303027798
22183.0,2.00249843945
22200.0,2.0591260282
22217.0,2.06155281281
22234.0,2.15406592285
22251.0,2.14709105536
22268.0,2.27156333832
22285.0,2.3
22286.8,2.44948974278
22288.6,2.62488094968
22305.6,2.63818119165
22307.4,2.83019433962
22324.4,2.93938769134
22341.4,2.90688837075
22343.2,3.10483493925
22360.2,3.0347981811
22362.0,3.24961536185
22379.0,3.26955654485
22396.0,3.1304951685
22413.0,3.17647603485
22430.0,3.05941170816
22447.0,3.00166620396
22464.0,2.87054001888
22481.0,2.76586333719
22498.0,2.7276363394
22499.8,2.96816441593
22516.8,2.85657137142
22533.8,2.80891438104
22550.8,2.86356421266
22567.8,2.84429253067
22584.8,2.92574776767
22586.6,3.16385840391
22603.6,3.07245829915
22620.6,3.07408522979
22637.6,2.97321374946
22654.6,2.93428015022
22671.6,2.95972971739
22688.6,2.87923600978
22705.6,2.79284800875
22722.6,2.77308492477
22739.6,2.71293199325
22756.6,2.72213151776
22773.6,2.61533936612
22790.6,2.65518360947
22807.6,2.61533936612
22824.6,2.68514431642
22841.6,2.71293199325
22858.6,2.77308492477
22875.6,2.79284800875
22892.6,2.7
22909.6,2.74954541697
22926.6,2.64764045897
22943.6,2.7276363394
22945.4,2.94108823397
22962.4,2.83548937575
22964.2,3.06757233004
22981.2,2.99332590942
22998.2,2.91376045687
23015.2,2.96647939484
23032.2,2.91376045687
23049.2,2.95972971739
23066.2,3.0347981811
23083.2,2.93938769134
23100.2,2.90688837075
23117.2,2.97321374946
23134.2,2.86530975638
23151.2,2.85657137142
23168.2,2.84429253067
23185.2,2.75680975042
23202.2,2.84429253067
23219.2,2.89136645896
23221.0,3.1
23238.0,3.10483493925
23255.0,3.0083217913
23272.0,3.07245829915
23289.0,3.00166620396
23290.8,3.21869538789
23307.8,3.11287648325
23324.8,3.19374388453
23341.8,3.3
23358.8,3.1874754901
23375.8,3.1
23392.8,3.00665927567
23409.8,2.94108823397
23426.8,2.87054001888
23443.8,3.00166620396
23460.8,2.95972971739
23477.8,2.9478805946
23494.8,2.96647939484
23511.8,2.84429253067
23528.8,2.74954541697
23545.8,2.9
23562.8,2.83548937575
23579.8,2.80178514522
23596.8,2.69072480941
23613.8,2.64764045897
23630.8,2.56124969497
23647.8,2.54754784057
23664.8,2.44948974278
23681.8,2.4269322199
23698.8,2.35796522451
23715.8,2.36854385647
23732.8,2.37486841741
23749.8,2.33452350599
23766.8,2.33238075794
23783.8,2.32594066992
23800.8,2.35796522451
23817.8,2.38537208838
23834.8,2.44948974278
23851.8,2.5079872408
23868.8,2.63818119165
23885.8,2.60959767014
23902.8,2.61533936612
23919.8,2.69258240357
23936.8,2.61533936612
23953.8,2.60959767014
23970.8,2.71293199325
23987.8,2.84429253067
24004.8,2.86356421266
24008.8,2.86356421266
24025.8,2.87923600978
24029.8,2.87923600978
24046.8,2.92574776767
24063.8,2.7946377225
24067.8,2.7946377225
24084.8,2.83548937575
24101.8,2.87228132327
24118.8,2.93938769134
24135.8,2.75862284483
24139.8,2.75862284483
24156.8,2.82134719593
24173.8,2.91376045687
24190.8,2.86356421266
24207.8,2.9478805946
24224.8,2.82134719593
24241.8,2.72213151776
24243.6,2.8
24260.6,2.72946881279
24277.6,2.83548937575
24281.6,2.83548937575
24298.6,2.93428015022
24315.6,2.89136645896
24332.6,2.84429253067
24349.6,2.89827534924
24366.6,2.87923600978
24383.6,2.95972971739
24385.4,3.0347981811
24402.4,3.03973683071
24404.2,3.1384709653
24406.0,3.26190128606
24423.0,3.25729949498
24440.0,3.28024389337
24457.0,3.33016516107
24474.0,3.37638860323
24491.0,3.23882694814
24492.8,3.37045990927
24509.8,3.37786915081
24526.8,3.16859590355
24543.8,2.97489495613
24560.8,3.03973683071
24577.8,2.96816441593
24594.8,2.99332590942
24611.8,3.04795013083
24628.8,3.1304951685
24645.8,3.23882694814
24662.8,3.28024389337
24664.6,3.40734500748
24681.6,3.46987031458
24698.6,3.2939338184
24715.6,3.38230690506
24732.6,3.49428104193
24749.6,3.6
24751.4,3.72692903072
24753.2,3.87298334621
24770.2,3.72692903072
24787.2,3.76297754445
24804.2,3.76961536499
24821.2,3.8
24838.2,3.72155881319
24855.2,3.77359245282
24872.2,3.76961536499
24889.2,3.86781592116
24906.2,3.9862262856
24923.2,3.84707681233
24940.2,3.88458491991
24957.2,3.7094473982
24974.2,3.63455636908
24991.2,3.61109401705
25008.2,3.69459064038
25025.2,3.69323706252
25027.0,3.82230297072
25044.0,3.6551333765
25061.0,3.5902646142
25078.0,3.54964786986
25095.0,3.38969025134
25112.0,3.4
25113.8,3.55105618091
25130.8,3.38230690506
25147.8,3.23264597505
25164.8,3.26190128606
25181.8,3.37786915081
25198.8,3.4
25215.8,3.44818792991
25232.8,3.40587727319
25249.8,3.47706773014
25266.8,3.51567916625
25283.8,3.49428104193
25300.8,3.61109401705
25317.8,3.66742416418
25334.8,3.74699879904
25351.8,3.87427412556
25368.8,3.73630833845
25385.8,3.72692903072
25402.8,3.7947331922
25419.8,3.61801050303
25421.6,3.73630833845
25438.6,3.60693775937
25455.6,3.69323706252
25472.6,3.80131556175
25489.6,3.87814388593
25506.6,4.00124980475
25523.6,3.96988664826
25540.6,4.08533964316
25544.6,4.08533964316
25548.6,4.08533964316
25565.6,4.07430975749
25582.6,3.9102429592
25599.6,3.7894590643
25616.6,3.68917334914
25633.6,3.69323706252
25650.6,3.58468966579
25667.6,3.49857113691
25684.6,3.49428104193
25701.6,3.4
25718.6,3.20780298647
25720.4,3.31662479036
25737.4,3.33016516107
25754.4,3.24961536185
25771.4,3.37786915081
25788.4,3.2
25805.4,3.32415402772
25822.4,3.16859590355
25826.4,3.16859590355
25843.4,3.1
25860.4,3.15594676761
25877.4,3.17647603485
25894.4,3.09838667697
25898.4,3.09838667697
25902.4,3.09838667697
25919.4,2.98161030318
25936.4,2.89136645896
25953.4,2.83019433962
25955.2,2.93938769134
25972.2,3.07408522979
25989.2,3.00665927567
25991.0,3.13209195267
26008.0,3.24961536185
26025.0,3.26955654485
26026.8,3.40587727319
26043.8,3.33016516107
26060.8,3.37045990927
26077.8,3.19530906173
26079.6,3.35261092285
26096.6,3.2939338184
26113.6,3.41174442185
26130.6,3.37786915081
26147.6,3.31058907145
26164.6,3.23882694814
26181.6,3.37638860323
26198.6,3.38969025134
26215.6,3.3406586177
26232.6,3.28785644455
26249.6,3.26190128606
26266.6,3.07408522979
26283.6,3.07245829915
26300.6,3.1
26302.4,3.24961536185
26319.4,3.3
26336.4,3.43511280746
26353.4,3.38969025134
26370.4,3.45832329316
26387.4,3.52278299076
26404.4,3.66606055596
26408.4,3.66606055596
26410.2,3.80131556175
26412.0,3.95474398666
26413.8,4.12431812546
26430.8,4.26145515053
26447.8,4.20594816896
26464.8,4.04969134626
26481.8,4.10974451761
26498.8,4.09389789809
26500.6,4.26731765867
26517.6,4.24735211632
26534.6,4.24852915725
26551.6,4.31740662898
26568.6,4.33704968844
26585.6,4.37721372565
26602.6,4.41474801093
26619.6,4.472135955
26636.6,4.32319326424
26638.4,4.48998886413
26655.4,4.56179789118
26672.4,4.63033476112
26689.4,4.73814309619
26706.4,4.67332857822
26708.2,4.83838816136
26725.2,4.77074417675
26742.2,4.80520551069
26759.2,4.87852436706
26776.2,4.82597140481
26778.0,4.99599839872
26795.0,5.04083326445
26812.0,5.12249938995
26829.0,4.98497743225
26846.0,4.84148737476
26863.0,4.71274866718
26880.0,4.77074417675
26897.0,4.86723740946
26914.0,4.9193495505
26931.0,4.86723740946
26948.0,4.72863616701
26965.0,4.6914816423
26982.0,4.56508488421
26999.0,4.43283205186
27016.0,4.52106182218
27033.0,4.40567815438
27050.0,4.46766158074
27067.0,4.57055795281
27084.0,4.53872228716
27101.0,4.4598206242
27118.0,4.55631429996
27135.0,4.67011777153
27152.0,4.60868744872
27169.0,4.56618002273
27186.0,4.69467783772
27203.0,4.83838816136
27220.0,4.87442304278
27221.8,5.00899191455
27238.8,4.87852436706
27255.8,4.84664832642
27272.8,4.99599839872
27289.8,5.08035431835
27306.8,5.12249938995
27323.8,5.10392006207
27325.6,5.23832034148
27342.6,5.11957029447
27359.6,5.07543101618
27376.6,5.06853035899
27393.6,5.07937003968
27410.6,4.94873721266
27427.6,4.99599839872
27444.6,5.08035431835
27461.6,5.14198405287
27478.6,5.0049975025
27495.6,5.14198405287
27512.6,5.02095608425
27514.4,5.15363949069
27531.4,5.10783711565
27548.4,5.17687164222
27565.4,5.04876222455
27567.2,5.1923019943
27584.2,5.08035431835
27601.2,4.94368283772
27618.2,4.8218253805
27635.2,4.82078831728
27652.2,4.71274866718
27669.2,4.6
27686.2,4.4598206242
27703.2,4.60434577329
27720.2,4.67867502612
27737.2,4.62168800332
27754.2,4.51774279923
27771.2,4.38634243989
27788.2,4.34165866922
27805.2,4.40908153701
27822.2,4.4955533586
27824.0,4.6432747065
27841.0,4.6357307946
27858.0,4.73286382648
27875.0,4.7
27876.8,4.8538644398
27893.8,4.98096376216
27910.8,4.86209831246
27927.8,4.9244289009
27944.8,5.06359556047
27961.8,4.94064773081
27978.8,5.03587132481
27995.8,5.00899191455
28012.8,5.15751878329
28029.8,5.22398315464
28046.8,5.21152568832
28048.6,5.34883164813
28065.6,5.33291665039
28082.6,5.22015325446
28099.6,5.31413210223
28101.4,5.45985347789
28118.4,5.45527267879
28135.4,5.33760245803
28152.4,5.32916503779
28169.4,5.22398315464
28186.4,5.23067873225
28203.4,5.36749476013
28220.4,5.4258639865
28237.4,5.44518135602
28254.4,5.48087584242
28271.4,5.47813836992
28273.2,5.61782876208
28290.2,5.68242905807
28307.2,5.56776436283
28324.2,5.61159513864
28341.2,5.68858506133
28343.0,5.83180932473
28360.0,5.88557558782
28377.0,6.00416522091
28394.0,5.90254182535
28411.0,5.81463670404
28428.0,5.7236352085
28445.0,5.85576638878
28446.8,6.0
28463.8,5.85576638878
28465.6,6.01331855135
28482.6,5.93380147966
28499.6,5.86856030045
28516.6,5.93717104352
28533.6,6.0695963622
28550.6,5.95063021872
28567.6,5.8617403559
28584.6,5.94053869611
28601.6,6.0827625303
28603.4,6.23618473107
28620.4,6.12862137842
28637.4,6.16522505672
28654.4,6.24819974073
28656.2,6.40702739186
28673.2,6.54522726878
28690.2,6.57343137182
28707.2,6.47765389628
28724.2,6.62495283002
28741.2,6.78232998313
28758.2,6.81835757349
28775.2,6.67532770731
28792.2,6.60378679244
28809.2,6.65131565933
28826.2,6.5153664517
28828.0,6.666333325
28845.0,6.72383818961
28862.0,6.67532770731
28879.0,6.57951365984
28896.0,6.51152823844
28913.0,6.67008245826
28914.8,6.82348884369
28931.8,6.69402718847
28948.8,6.60605782597
28965.8,6.48459713475
28982.8,6.43739077577
28999.8,6.40390505863
29016.8,6.56962708226
29033.8,6.45677938294
29050.8,6.51152823844
29067.8,6.44127316608
29084.8,6.32139225171
29101.8,6.37259758654
29118.8,6.26418390535
29135.8,6.32850693292
29152.8,6.23217458035
29169.8,6.16522505672
29186.8,6.12862137842
29203.8,6.12290780594
29220.8,6.06630035524
29224.8,6.06630035524
29228.8,6.06630035524
29245.8,6.12290780594
29262.8,6.19354502688
29279.8,6.14898365586
29283.8,6.14898365586
29287.8,6.14898365586
29304.8,6.05309838017
29321.8,6.11964051232
29338.8,5.98665181884
29355.8,5.86600375042
29372.8,5.75847201956
29389.8,5.66480361531
29406.8,5.74456264654
29423.8,5.61159513864
29440.8,5.52810998443
29457.8,5.47813836992
29459.6,5.62494444417
29476.6,5.5
29478.4,5.66038867923
29495.4,5.55067563455
29497.2,5.7236352085
29499.0,5.90677577025
29516.0,5.98331012066
29533.0,5.88982172905
29550.0,5.82752091373
29567.0,5.91692487699
29584.0,5.86856030045
29601.0,6.00416522091
29602.8,6.1838499335
29619.8,6.22976725087
29636.8,6.36867333124
29653.8,6.28410693735
29670.8,6.22896460096
29687.8,6.37887137353
29704.8,6.3371918071
29721.8,6.30951662174
29738.8,6.26418390535
29755.8,6.13595958266
29772.8,6.10245852096
29789.8,6.0835844697
29806.8,6.1611687203
29823.8,6.13921819127
29840.8,6.1318838867
29857.8,6.28410693735
29874.8,6.36867333124
29891.8,6.27773844629
29908.8,6.26418390535
29925.8,6.36003144646
29942.8,6.23217458035
29959.8,6.341135545
29976.8,6.22575296651
29978.6,6.37887137353
29995.6,6.29285308902
30012.6,6.22012861603
30029.6,6.1611687203
30046.6,6.0835844697
30063.6,5.96992462264
30080.6,5.95399025864
30097.6,6.10245852096
30114.6,6.0835844697
30131.6,5.94642749893
30148.6,5.95734840344
30165.6,5.88217646794
30182.6,5.90677577025
30199.6,5.79309934318
30216.6,5.95063021872
30233.6,5.93632883186
30250.6,5.80086200491
30267.6,5.73061951276
30284.6,5.76281181369
30301.6,5.63560112144
30318.6,5.52177507691
30335.6,5.42217668469
30337.4,5.57584074378
30354.4,5.5641710973
30371.4,5.60446250768
30388.4,5.66038867923
30405.4,5.74891294072
30422.4,5.66038867923
30439.4,5.76281181369
30456.4,5.87877538268
30473.4,6.00749531835
30490.4,5.93295878968
30507.4,6.07371385562
30511.4,6.07371385562
30528.4,6.01331855135
30545.4,5.93380147966
30562.4,5.8
30579.4,5.73149195236
30583.4,5.73149195236
30600.4,5.86856030045
30617.4,5.74543296889
30634.4,5.7236352085
30638.4,5.7236352085
30642.4,5.7236352085
30646.4,5.7236352085
30663.4,5.66480361531
30680.4,5.70964096945
30697.4,5.59374650838
30699.2,5.7236352085
30716.2,5.86600375042
30733.2,5.85149553533
30750.2,5.80086200491
30767.2,5.93632883186
30769.0,6.06712452485
30786.0,5.99666574023
30803.0,5.94053869611
30820.0,5.8991524815
30837.0,6.04069532422
30838.8,6.17737808459
30855.8,6.06712452485
30872.8,5.93632883186
30889.8,5.83523778436
30906.8,5.78273291792
30923.8,5.74543296889
30940.8,5.70613704707
30957.8,5.57584074378
30959.6,5.72712842531
30976.6,5.7
30993.6,5.6
31010.6,5.56866231693
31027.6,5.71314274283
31044.6,5.62583327161
31061.6,5.60713830755
31078.6,5.60446250768
31095.6,5.52810998443
31112.6,5.48543526076
31129.6,5.45893762558
31146.6,5.57584074378
31163.6,5.58211429478
31180.6,5.58659108939
31197.6,5.73061951276
31201.6,5.73061951276
31218.6,5.66127194189
31235.6,5.60713830755
31237.4,5.74543296889
31254.4,5.6
31271.4,5.55787729264
31288.4,5.42217668469
31305.4,5.3
31322.4,5.30659966457
31339.4,5.15848815061
31356.4,5.16139516023
31373.4,5.04479930225
31375.2,5.2
31392.2,5.2163205423
31409.2,5.36283507112
31426.2,5.46717477313
31443.2,5.42217668469
31460.2,5.43046959295
31477.2,5.45527267879
31494.2,5.42309874518
31511.2,5.53534100124
31528.2,5.48178802947
31545.2,5.40740233384
31562.2,5.55067563455
31579.2,5.5641710973
31596.2,5.41202365109
31600.2,5.41202365109
31617.2,5.44058820349
31634.2,5.46717477313
31651.2,5.58211429478
31668.2,5.53263047745
31685.2,5.40740233384
31702.2,5.44518135602
31719.2,5.48087584242
31736.2,5.36749476013
31753.2,5.41848687366
31770.2,5.37494186015
31787.2,5.27257053059
31789.0,5.39351462406
31806.0,5.50999092558
31823.0,5.47813836992
31840.0,5.51724568965
31857.0,5.35256947643
31874.0,5.25737577124
31891.0,5.1778373864
31908.0,5.15363949069
31925.0,5.2810983706
31942.0,5.32916503779
31959.0,5.22398315464
31976.0,5.21152568832
31993.0,5.13906606301
32010.0,4.9638694584
32027.0,4.86312656632
32044.0,4.92341345004
32061.0,5.00099990002
32078.0,4.91528229098
32095.0,4.90815647672
32112.0,4.81663783152
32129.0,4.6357307946
32146.0,4.74973683482
32163.0,4.75499737119
32167.0,4.75499737119
32171.0,4.75499737119
32188.0,4.67332857822
32192.0,4.67332857822
32196.0,4.67332857822
32213.0,4.58802789878
32214.8,4.69467783772
32231.8,4.71274866718
32248.8,4.72863616701
32265.8,4.84664832642
32282.8,4.77493455453
32299.8,4.84664832642
32316.8,4.87442304278
32333.8,4.6914816423
32350.8,4.71593044902
32367.8,4.544227107
32384.8,4.58693797647
32401.8,4.4283179651
32418.8,4.33128156554
32435.8,4.20594816896
32452.8,4.28952211791
32454.6,4.3920382512
32471.6,4.51220566907
32488.6,4.60543157587
32490.4,4.71593044902
32492.2,4.84252000512
32509.2,4.73708771293
32511.0,4.8795491595
32528.0,4.95580467735
32545.0,5.06853035899
32546.8,5.21536192416
32548.6,5.37494186015
32565.6,5.4
32582.6,5.47813836992
32599.6,5.38887743412
32616.6,5.46351535186
32633.6,5.37028863284
32650.6,5.45985347789
32667.6,5.38144961883
32669.4,5.53985559379
32686.4,5.63914887195
32703.4,5.66480361531
32720.4,5.65331761004
32737.4,5.72800139665
32754.4,5.83438085833
32771.4,5.95399025864
32788.4,6.03655530911
32805.4,5.96741149913
32822.4,5.96322060635
32839.4,6.04069532422
32856.4,5.93295878968
32873.4,5.8386642308
32890.4,5.84465567848
32907.4,5.86600375042
32924.4,5.98665181884
32926.2,6.11964051232
32943.2,6.13514466007
32945.0,6.27773844629
32962.0,6.35295206971
32979.0,6.44127316608
32996.0,6.35609943283
32997.8,6.50307619516
33014.8,6.56962708226
33031.8,6.66408283262
33048.8,6.74091981854
33065.8,6.84470598346
33082.8,6.6813172354
33099.8,6.69402718847
33116.8,6.53911308971
33133.8,6.64003012041
33150.8,6.75277720645
33167.8,6.67008245826
33184.8,6.79411510059
33186.6,6.92892488053
33203.6,6.93108938047
33220.6,6.85930025586
33237.6,6.74091981854
33254.6,6.8124885321
33256.4,6.95413546029
33273.4,6.86221538572
33290.4,6.75277720645
33307.4,6.65507325279
33309.2,6.80881781222
33311.0,6.97208720542
33328.0,6.88767014309
33345.0,6.80073525437
33362.0,6.8
33379.0,6.72383818961
33396.0,6.72011904656
33413.0,6.64003012041
33414.8,6.81175454637
33431.8,6.87677249878
33448.8,6.98283610004
33465.8,6.8124885321
33482.8,6.81469001496
33499.8,6.88839603972
33516.8,7.00285656
33533.8,6.84178339324
33550.8,6.76461381012
33567.8,6.75943784645
33569.6,6.92820323028
33586.6,7.00642562224
33603.6,7.06823881883
33620.6,6.98641538988
33637.6,6.98856208386
33654.6,7.06045324324
33671.6,7.1442284398
33688.6,7.04343666118
33705.6,7.12460525222
33707.4,7.28628849278
33724.4,7.28010988928
33741.4,7.36817480792
33758.4,7.46726188104
33775.4,7.57693869581
33777.2,7.73563184233
33794.2,7.57957782465
33811.2,7.67072356431
33828.2,7.57693869581
33845.2,7.49399759808
33862.2,7.34098086089
33879.2,7.44311762637
33896.2,7.3
33913.2,7.22218803411
33930.2,7.33552997404
33947.2,7.44580418759
33964.2,7.37902432575
33981.2,7.28285658241
33998.2,7.26704891961
34015.2,7.38647412505
34032.2,7.3
34034.0,7.45654075292
34051.0,7.44916102659
34068.0,7.50732975165
34085.0,7.62954782408
34102.0,7.76144316477
34103.8,7.91517529812
34105.6,8.07712820252
34122.6,8.17373843477
34139.6,8.10925397309
34141.4,8.27586853448
34158.4,8.24621125124
34160.2,8.41961994392
34177.2,8.36420946653
34194.2,8.35523787812
34211.2,8.3330666624
34228.2,8.24924238946
34245.2,8.36899038116
34262.2,8.49764673307
34279.2,8.44748483278
34296.2,8.40773453434
34313.2,8.25832912883
34330.2,8.3
34347.2,8.15843122175
34364.2,8.13695274658
34381.2,8.10185164021
34398.2,8.15168694198
34415.2,8.21218606706
34432.2,8.12465383878
34449.2,7.98498591107
34466.2,7.96806124474
34468.0,8.13633824272
34485.0,8.10493676718
34502.0,7.9724525712
34519.0,8.1
34536.0,8.01498596381
34537.8,8.18840643837
34539.6,8.36899038116
34556.6,8.34326075345
34573.6,8.41189633793
34590.6,8.39583229942
34607.6,8.37854402626
34624.6,8.34805366538
34641.6,8.20731381147
34658.6,8.1859635963
34675.6,8.17557337439
34692.6,8.04052237109
34709.6,8.08949936646
34726.6,7.96303962065
34743.6,7.95989949685
34760.6,7.96806124474
34777.6,8.08702664766
34794.6,8.10493676718
34811.6,8.13387976307
34813.4,8.30722577038
34830.4,8.21218606706
34847.4,8.12711510931
34849.2,8.30903123114
34866.2,8.3671978583
34883.2,8.29216497665
34900.2,8.22739326883
34917.2,8.27042925125
34934.2,8.3
34951.2,8.36420946653
34968.2,8.33126641034
34985.2,8.40476055578
35002.2,8.4528101836
35019.2,8.416650165
35021.0,8.5912746435
35038.0,8.45931439302
35055.0,8.39583229942
35056.8,8.57904423581
35073.8,8.67698104181
35090.8,8.62322445492
35107.8,8.5912746435
35124.8,8.54634424769
35141.8,8.61684396981
35158.8,8.59302042358
35175.8,8.42674314311
35192.8,8.3880867902
35209.8,8.22739326883
35226.8,8.30662386292
35243.8,8.27586853448
35260.8,8.36420946653
35262.6,8.54458893101
35279.6,8.40476055578
35296.6,8.44097150807
35313.6,8.53463531734
35315.4,8.71837140755
35332.4,8.56504524215
35349.4,8.5375640554
35351.2,8.72926113712
35368.2,8.5842879728
35370.0,8.7840765024
35387.0,8.86622805933
35404.0,8.81135630876
35421.0,8.81192374002
35438.0,8.845337755
35455.0,8.79829528943
35472.0,8.65794432877
35489.0,8.7
35490.8,8.89943818451
35492.6,9.1043945433
35509.6,9.18477000256
35526.6,9.18749149659
35543.6,9.04654630232
35560.6,9.09120454065
35577.6,9.10164820239
35594.6,9.18749149659
35611.6,9.23904756996
35628.6,9.1043945433
35645.6,9.16515138991
35647.4,9.36429388689
35664.4,9.43186089804
35681.4,9.49789450352
35698.4,9.57287835502
35715.4,9.43663075467
35732.4,9.50999474237
35749.4,9.3813645063
35751.2,9.57914401186
35768.2,9.65867485735
35785.2,9.73652915571
35802.2,9.68968523741
35819.2,9.65194280961
35836.2,9.73704267219
35853.2,9.67677632272
35870.2,9.67729300993
35887.2,9.64572444143
35904.2,9.62340895941
35921.2,9.71390755566
35938.2,9.81274681218
35955.2,9.88938825206
35972.2,9.8939375377
35989.2,9.97797574661
36006.2,10.0702532242
36023.2,10.1705457081
36025.0,10.3464969917
36042.0,10.4422219858
36059.0,10.5456152025
36076.0,10.5527247666
36093.0,10.4158533016
36110.0,10.5166534601
36127.0,10.4923781861
36128.8,10.6658333008
36145.8,10.5361283212
36162.8,10.5848948979
36164.6,10.7633637865
36181.6,10.8646214844
36198.6,10.7986110218
36215.6,10.6658333008
36232.6,10.5872564907
36249.6,10.564090117
36266.6,10.6155546252
36268.4,10.796295661
36285.4,10.9
36287.2,11.083320802
36304.2,11.0837719211
36321.2,11.0923396991
36338.2,11.109005356
36355.2,11.0435501538
36372.2,10.9128364782
36389.2,10.890362712
36406.2,10.7652217813
36423.2,10.6470653234
36440.2,10.5834776893
36457.2,10.6883113727
36474.2,10.6324973548
36491.2,10.7443008149
36508.2,10.6306161628
36525.2,10.5811152531
36542.2,10.4732993846
36559.2,10.5166534601
36576.2,10.6343782141
36593.2,10.4861813831
36610.2,10.3831594421
36627.2,10.3942291681
36644.2,10.4139329746
36661.2,10.4899952336
36678.2,10.3445637897
36695.2,10.4670912865
36712.2,10.5494075663
36729.2,10.677078252
36746.2,10.7
36748.0,10.8701425934
36765.0,10.9091704543
36782.0,10.9927248669
36799.0,10.855873986
36816.0,10.8830142883
36833.0,10.7522090753
36834.8,10.925200227
36851.8,10.8208132781
36868.8,10.945318634
36885.8,10.9767937031
36902.8,11.0163514831
36919.8,10.9549075761
36936.8,10.9927248669
36953.8,10.9476024773
36970.8,10.8461974904
36987.8,10.9731490467
37004.8,11.1067547015
37021.8,11.1485425056
37038.8,11.2249721603
37055.8,11.2734200667
37057.6,11.4350338871
37074.6,11.3934191532
37091.6,11.297787394
37093.4,11.4651646303
37110.4,11.3507708989
37127.4,11.2165056947
37144.4,11.1247471881
37161.4,11.0584809083
37178.4,11.0905365064
37195.4,11.130588484
37212.4,11.2053558623
37229.4,11.2521109131
37246.4,11.3331372532
37263.4,11.4564392374
37265.2,11.6206712371
37282.2,11.489560479
37299.2,11.4437756007
37316.2,11.4930413729
37333.2,11.3754120804
37350.2,11.2467773162
37367.2,11.3296072306
37384.2,11.4546933612
37401.2,11.3331372532
37405.2,11.3331372532
37409.2,11.3331372532
37426.2,11.2361025271
37428.0,11.4035082321
37445.0,11.2876038201
37449.0,11.2876038201
37466.0,11.3736537665
37467.8,11.5451288429
37484.8,11.5758369028
37501.8,11.4669089122
37518.8,11.3912246927
37535.8,11.4284732139
37552.8,11.3771701227
37569.8,11.4214710086
37586.8,11.3507708989
37603.8,11.3934191532
37620.8,11.347246362
37622.6,11.5191145493
37626.6,11.5191145493
37643.6,11.5671949927
37660.6,11.4669089122
37677.6,11.4262854857
37679.4,11.6021549722
37683.4,11.6021549722
37685.2,11.7830386573
37702.2,11.6554708185
37719.2,11.7320075008
37723.2,11.7320075008
37740.2,11.7732748205
37757.2,11.7029910707
37774.2,11.5797236582
37791.2,11.541230437
37795.2,11.541230437
37812.2,11.5883562251
37829.2,11.6430236623
37833.2,11.6430236623
37850.2,11.7051270818
37867.2,11.6034477635
37869.0,11.7834629884
37886.0,11.7149477165
37903.0,11.7817655723
37920.0,11.7200682592
37937.0,11.5969823661
37954.0,11.5585466214
37971.0,11.4581848475
37988.0,11.5308282443
37989.8,11.7136672311
38006.8,11.7830386573
38023.8,11.8173601113
38025.6,12.0016665509
38042.6,12.0751811581
38059.6,11.9816526406
38076.6,11.8612815496
38078.4,12.0498962651
38095.4,11.9620232402
38099.4,11.9620232402
38103.4,11.9620232402
38120.4,11.8473625757
38137.4,11.764777941
38139.2,11.9599331102
38156.2,11.8258192105
38173.2,11.7575507654
38190.2,11.7136672311
38207.2,11.745637488
38224.2,11.6828934772
38241.2,11.5671949927
38258.2,11.6314229568
38275.2,11.5913761047
38292.2,11.6623325283
38296.2,11.6623325283
38300.2,11.6623325283
38304.2,11.6623325283
38308.2,11.6623325283
38325.2,11.5775645107
38327.0,11.7749734607
38344.0,11.7405280972
38361.0,11.7732748205
38365.0,11.7732748205
38382.0,11.745637488
38399.0,11.6828934772
38416.0,11.5671949927
38433.0,11.6314229568
38437.0,11.6314229568
38438.8,11.8304691369
38442.8,11.8304691369
38459.8,11.7732748205
38463.8,11.7732748205
38467.8,11.7732748205
38484.8,11.7490425142
38488.8,11.7490425142
38492.8,11.7490425142
38496.8,11.7490425142
38500.8,11.7490425142
38517.8,11.664047325
38521.8,11.664047325
38525.8,11.664047325
38529.8,11.664047325
38546.8,11.6464586892
38563.8,11.679469166
38580.8,11.6258333035
38584.8,11.6258333035
38601.8,11.5104300528
38605.8,11.5104300528
38622.8,11.3578166916
38626.8,11.3578166916
38643.8,11.308846095
38660.8,11.2231902773
38677.8,11.2609946275
38681.8,11.2609946275
38698.8,11.3066352201
38715.8,11.1557160236
38719.8,11.1557160236
38723.8,11.1557160236
38727.8,11.1557160236
38744.8,11.0381157812
38761.8,10.927488275
38763.6,11.1337325278
38780.6,11.0855762142
38797.6,11.0453610172
38814.6,11.022250224
38831.6,10.9160432392
38848.6,10.8816359064
38850.4,11.0923396991
38867.4,11.0747460467
38884.4,10.9745159347
38901.4,10.964032105
38918.4,10.9343495463
38920.2,11.1485425056
38937.2,11.1445053726
38941.2,11.1445053726
38958.2,11.1485425056
38962.2,11.1485425056
38966.2,11.1485425056
38983.2,11.0526015037
39000.2,10.964032105
39004.2,10.964032105
39021.2,11.0018180316
39038.2,10.9201648339
39055.2,10.818502669
39059.2,10.818502669
39076.2,10.724271537
39080.2,10.724271537
39084.2,10.724271537
39086.0,10.9434912162
39103.0,10.8669222874
39120.0,10.8719823399
39137.0,10.7837841225
39154.0,10.7126093927
39158.0,10.7126093927
39175.0,10.6306161628
39179.0,10.6306161628
39180.8,10.8554133961
39184.8,10.8554133961
39201.8,10.8189648303
39203.6,11.0471715837
39205.4,11.2787410645
39222.4,11.2142766151
39226.4,11.2142766151
39230.4,11.2142766151
39234.4,11.2142766151
39236.2,11.4494541355
39240.2,11.4494541355
39257.2,11.4542568506
39274.2,11.396929411
39278.2,11.396929411
39295.2,11.4087685576
39312.2,11.4284732139
39316.2,11.4284732139
39320.2,11.4284732139
39337.2,11.3771701227
39354.2,11.2004464197
39358.2,11.2004464197
39375.2,11.0290525432
39379.2,11.0290525432
39383.2,11.0290525432
39387.2,11.0290525432
39391.2,11.0290525432
39395.2,11.0290525432
39412.2,10.9457754408
39416.2,10.9457754408
39420.2,10.9457754408
39437.2,10.9068785635
39441.2,10.9068785635
39445.2,10.9068785635
39449.2,10.9068785635
39451.0,11.1485425056
39468.0,11.0995495404
39485.0,10.9311481556
39502.0,10.8977061807
39519.0,10.8171160667
39523.0,10.8171160667
39527.0,10.8171160667
39544.0,10.7721864076
39548.0,10.7721864076
39552.0,10.7721864076
39569.0,10.6042444332
39573.0,10.6042444332
39590.0,10.5280577506
39594.0,10.5280577506
39598.0,10.5280577506
39602.0,10.5280577506
39606.0,10.5280577506
39607.8,10.7800742112
39609.6,11.0344913793
39626.6,10.9676797911
39643.6,10.9087121146
39647.6,10.9087121146
39664.6,10.8577161503
39668.6,10.8577161503
39672.6,10.8577161503
39689.6,10.6939235082
39706.6,10.6587991819
39710.6,10.6587991819
39727.6,10.4995237987
39744.6,10.4522724802
39748.6,10.4522724802
39752.6,10.4522724802
39769.6,10.2975725295
39786.6,10.2571925984
39790.6,10.2571925984
39807.6,10.1074230148
39824.6,10.0742245359
39828.6,10.0742245359
39845.6,10.0399203184
39862.6,9.98448796884
39864.4,10.2547549946
39881.4,10.2279030109
39885.4,10.2279030109
39887.2,10.4995237987
39904.2,10.3561575886
39908.2,10.3561575886
39925.2,10.3072789814
39929.2,10.3072789814
39933.2,10.3072789814
39937.2,10.3072789814
39954.2,10.2669372259
39958.2,10.2669372259
39975.2,10.2449987799
39979.2,10.2449987799
39996.2,10.2122475489
40000.2,10.2122475489
40017.2,10.17840852
40021.2,10.17840852
40038.2,10.1533245787
40055.2,10.137060718
40059.2,10.137060718
40063.2,10.137060718
40080.2,10.1098961419
40097.2,10.0915806492
40101.2,10.0915806492
40105.2,10.0915806492
40109.2,10.0915806492
40113.2,10.0915806492
40117.2,10.0915806492
40121.2,10.0915806492
40138.2,10.0722390758
40142.2,10.0722390758
40146.2,10.0722390758
40150.2,10.0722390758
40154.2,10.0722390758
40158.2,10.0722390758
40162.2,10.0722390758
40166.2,10.0722390758
40168.0,10.3460137251
40185.0,10.1985293057
40189.0,10.1985293057
40193.0,10.1985293057
40197.0,10.1985293057
40201.0,10.1985293057
40205.0,10.1985293057
40209.0,10.1985293057
40210.8,10.476640683
40214.8,10.476640683
40231.8,10.3387620149
40235.8,10.3387620149
40239.8,10.3387620149
40243.8,10.3387620149
40260.8,10.2078401241
40264.8,10.2078401241
40268.8,10.2078401241
40285.8,10.0841459728
40289.8,10.0841459728
40293.8,10.0841459728
40297.8,10.0841459728
40301.8,10.0841459728
40305.8,10.0841459728
40322.8,9.9679486355
40326.8,9.9679486355
40330.8,9.9679486355
40334.8,9.9679486355
40351.8,9.85951317257
40353.6,10.1508620324
40357.6,10.1508620324
40361.6,10.1508620324
40365.6,10.1508620324
40369.6,10.1508620324
40373.6,10.1508620324
40377.6,10.1508620324
40381.6,10.1508620324
40398.6,10.0523629063
40402.6,10.0523629063
40406.6,10.0523629063
40410.6,10.0523629063
40427.6,9.96192752433
40431.6,9.96192752433
40435.6,9.96192752433
40452.6,9.87977732543
40456.6,9.87977732543
40460.6,9.87977732543
40464.6,9.87977732543
40468.6,9.87977732543
40472.6,9.87977732543
40476.6,9.87977732543
40480.6,9.87977732543
40484.6,9.87977732543
40488.6,9.87977732543
40492.6,9.87977732543
40496.6,9.87977732543
40500.6,9.87977732543
40504.6,9.87977732543
40506.4,10.1764433866
40510.4,10.1764433866
40514.4,10.1764433866
40518.4,10.1764433866
40522.4,10.1764433866
40526.4,10.1764433866
40530.4,10.1764433866
40534.4,10.1764433866
40551.4,10.1039596199
40555.4,10.1039596199
40559.4,10.1039596199
40563.4,10.1039596199
40567.4,10.1039596199
40569.2,10.4019228992
40573.2,10.4019228992
40577.2,10.4019228992
40581.2,10.4019228992
40585.2,10.4019228992
40589.2,10.4019228992
40593.2,10.4019228992
40597.2,10.4019228992
40601.2,10.4019228992
40605.2,10.4019228992
40607.0,10.7
40608.8,10.9981816679
40612.8,10.9981816679
40616.8,10.9981816679
40620.8,10.9981816679
40624.8,10.9981816679
40628.8,10.9981816679
40632.8,10.9981816679
40636.8,10.9981816679
40640.8,10.9981816679
40644.8,10.9981816679
40648.8,10.9981816679
40665.8,10.9366356801
40669.8,10.9366356801
40673.8,10.9366356801
40690.8,10.8830142883
40694.8,10.8830142883
40698.8,10.8830142883
40702.8,10.8830142883
40706.8,10.8830142883
40710.8,10.8830142883
40714.8,10.8830142883
40718.8,10.8830142883
40722.8,10.8830142883
40726.8,10.8830142883
40730.8,10.8830142883
40747.8,10.8374351209
40751.8,10.8374351209
40755.8,10.8374351209
40759.8,10.8374351209
40763.8,10.8374351209
40767.8,10.8374351209
40771.8,10.8374351209
40775.8,10.8374351209
40779.8,10.8374351209
40783.8,10.8374351209
40787.8,10.8374351209
40789.6,11.1373246339
40793.6,11.1373246339
40797.6,11.1373246339
40801.6,11.1373246339
40805.6,11.1373246339
40809.6,11.1373246339
40813.6,11.1373246339
40817.6,11.1373246339
40821.6,11.1373246339
40825.6,11.1373246339
40829.6,11.1373246339
40833.6,11.1373246339
40837.6,11.1373246339
40841.6,11.1373246339
40845.6,11.1373246339
40849.6,11.1373246339
40866.6,11.1