Time,std
17.0,0.3
34.0,0.4
51.0,0.458257569496
68.0,0.489897948557
72.0,0.489897948557
76.0,0.489897948557
80.0,0.489897948557
97.0,0.5
114.0,0.489897948557
118.0,0.489897948557
122.0,0.489897948557
123.8,0.458257569496
140.8,0.6
142.6,0.7
159.6,0.774596669241
176.6,0.7
193.6,0.6
210.6,0.781024967591
227.6,0.8
244.6,0.67082039325
261.6,0.663324958071
265.6,0.663324958071
282.6,0.640312423743
299.6,0.748331477355
316.6,0.830662386292
333.6,0.894427191
350.6,0.830662386292
367.6,0.748331477355
384.6,0.781024967591
388.6,0.781024967591
392.6,0.781024967591
394.4,0.8
411.4,0.921954445729
428.4,0.916515138991
445.4,1.00498756211
447.2,1.07703296143
464.2,1.13578166916
481.2,1.18321595662
498.2,1.3
515.2,1.4
532.2,1.48660687473
536.2,1.48660687473
553.2,1.35646599663
570.2,1.36014705087
574.2,1.36014705087
591.2,1.42828568571
595.2,1.42828568571
599.2,1.42828568571
603.2,1.42828568571
620.2,1.26885775404
624.2,1.26885775404
641.2,1.32664991614
645.2,1.32664991614
662.2,1.3
664.0,1.3416407865
681.0,1.22065556157
698.0,1.24899959968
715.0,1.1
732.0,1.01980390272
749.0,0.80622577483
766.0,0.663324958071
783.0,0.781024967591
800.0,0.6
817.0,0.7
821.0,0.7
838.0,0.774596669241
855.0,0.7
872.0,0.748331477355
889.0,0.640312423743
893.0,0.640312423743
910.0,0.663324958071
911.8,0.67082039325
913.6,0.8
930.6,0.781024967591
947.6,0.748331477355
964.6,0.830662386292
981.6,0.894427191
998.6,0.943398113206
1015.6,0.748331477355
1032.6,0.781024967591
1049.6,0.8
1066.6,0.80622577483
1083.6,0.916515138991
1100.6,1.00498756211
1117.6,1.07703296143
1134.6,1.13578166916
1151.6,1.18321595662
1168.6,1.04403065089
1170.4,1.07703296143
1187.4,1.1874342087
1204.4,1.28062484749
1221.4,1.20415945788
1238.4,1.2
1242.4,1.2
1259.4,1.1874342087
1276.4,1.24899959968
1278.2,1.3
1295.2,1.3416407865
1312.2,1.44568322948
1314.0,1.53622914957
1331.0,1.55241746963
1348.0,1.42828568571
1365.0,1.36014705087
1382.0,1.42828568571
1399.0,1.1874342087
1416.0,1.24899959968
1433.0,1.04403065089
1450.0,1.0
1467.0,0.830662386292
1484.0,0.748331477355
1501.0,0.640312423743
1518.0,0.663324958071
1535.0,0.67082039325
1536.8,0.8
1553.8,0.9
1570.8,0.871779788708
1587.8,1.04403065089
1604.8,1.09544511501
1621.8,1.04403065089
1638.8,1.07703296143
1655.8,1.1
1659.8,1.1
1676.8,0.916515138991
1693.8,0.80622577483
1710.8,0.8
1714.8,0.8
1731.8,0.9
1748.8,0.979795897113
1750.6,1.04403065089
1767.6,1.0
1784.6,0.943398113206
1786.4,1.07703296143
1803.4,1.00498756211
1820.4,1.01980390272
1837.4,1.11803398875
1854.4,0.916515138991
1871.4,1.1
1888.4,1.07703296143
1892.4,1.07703296143
1909.4,1.13578166916
1926.4,1.09544511501
1943.4,1.13578166916
1960.4,1.07703296143
1962.2,1.1874342087
1979.2,1.11355287257
1996.2,1.28452325787
2000.2,1.28452325787
2017.2,1.28062484749
2034.2,1.26885775404
2051.2,1.24899959968
2068.2,1.3
2085.2,1.3416407865
2102.2,1.37477270849
2119.2,1.46969384567
2123.2,1.46969384567
2140.2,1.48660687473
2157.2,1.56204993518
2174.2,1.56524758425
2178.2,1.56524758425
2195.2,1.62480768093
2199.2,1.62480768093
2216.2,1.67630546142
2218.0,1.72046505341
2219.8,1.81383571472
2236.8,1.8973665961
2253.8,1.81383571472
2270.8,1.83303027798
2287.8,1.61554944214
2289.6,1.74355957742
2306.6,1.56524758425
2323.6,1.62480768093
2340.6,1.67630546142
2357.6,1.77763888346
2374.6,1.7
2391.6,1.73205080757
2408.6,1.57797338381
2425.6,1.46969384567
2442.6,1.55241746963
2459.6,1.49666295471
2476.6,1.5
2493.6,1.28062484749
2510.6,1.34536240471
2527.6,1.46969384567
2544.6,1.37477270849
2561.6,1.18321595662
2578.6,1.04403065089
2595.6,1.07703296143
2612.6,1.00498756211
2629.6,1.11355287257
2646.6,1.0246950766
2663.6,1.11355287257
2680.6,1.00498756211
2697.6,0.979795897113
2701.6,0.979795897113
2718.6,0.943398113206
2722.6,0.943398113206
2739.6,1.0
2743.6,1.0
2745.4,1.04403065089
2762.4,1.07703296143
2779.4,1.1874342087
2796.4,1.28062484749
2813.4,1.36014705087
2817.4,1.36014705087
2819.2,1.42828568571
2836.2,1.55241746963
2853.2,1.66132477258
2870.2,1.57797338381
2887.2,1.61245154966
2904.2,1.57797338381
2921.2,1.4
2938.2,1.41774468788
2955.2,1.28062484749
2972.2,1.11803398875
2989.2,1.01980390272
3006.2,0.9
3010.2,0.9
3027.2,0.748331477355
3044.2,0.7
3048.2,0.7
3052.2,0.7
3069.2,0.774596669241
3073.2,0.774596669241
3090.2,0.7
3094.2,0.7
3111.2,0.748331477355
3115.2,0.748331477355
3119.2,0.748331477355
3123.2,0.748331477355
3125.0,0.781024967591
3142.0,0.916515138991
3146.0,0.916515138991
3163.0,1.0246950766
3180.0,0.916515138991
3197.0,0.781024967591
3198.8,0.871779788708
3200.6,1.04403065089
3217.6,1.0
3234.6,0.943398113206
3251.6,1.07703296143
3268.6,1.1874342087
3285.6,1.2
3302.6,1.11803398875
3319.6,1.28062484749
3336.6,1.1874342087
3353.6,1.16619037897
3370.6,1.13578166916
3387.6,1.09544511501
3404.6,1.13578166916
3421.6,1.16619037897
3423.4,1.26885775404
3440.4,1.35646599663
3457.4,1.5
3459.2,1.62480768093
3461.0,1.79164728672
3478.0,1.88679622641
3495.0,1.75783958312
3512.0,1.67332005307
3529.0,1.64012194669
3530.8,1.83303027798
3547.8,1.73493515729
3564.8,1.68522995464
3581.8,1.80277563773
3598.8,1.8
3615.8,1.79164728672
3632.8,1.72046505341
3649.8,1.81383571472
3666.8,1.84390889146
3683.8,1.81383571472
3700.8,1.72046505341
3717.8,1.67630546142
3734.8,1.8
3751.8,1.62788205961
3768.8,1.68522995464
3785.8,1.61554944214
3802.8,1.6
3819.8,1.7
3836.8,1.73205080757
3853.8,1.57797338381
3870.8,1.53622914957
3887.8,1.48660687473
3904.8,1.62480768093
3921.8,1.62788205961
3938.8,1.68522995464
3955.8,1.67630546142
3972.8,1.53622914957
3976.8,1.53622914957
3980.8,1.53622914957
3997.8,1.57797338381
4014.8,1.41421356237
4031.8,1.51327459504
4048.8,1.4
4052.8,1.4
4069.8,1.34536240471
4086.8,1.2
4103.8,1.0246950766
4120.8,1.01980390272
4124.8,1.01980390272
4141.8,1.1
4143.6,1.16619037897
4145.4,1.3
4162.4,1.18321595662
4179.4,1.3
4196.4,1.4
4213.4,1.26885775404
4230.4,1.2
4247.4,1.20415945788
4264.4,1.11355287257
4281.4,1.1
4298.4,1.16619037897
4315.4,1.3
4332.4,1.3416407865
4349.4,1.22065556157
4366.4,1.07703296143
4383.4,1.00498756211
4387.4,1.00498756211
4404.4,1.01980390272
4408.4,1.01980390272
4425.4,0.921954445729
4442.4,0.916515138991
4459.4,1.00498756211
4476.4,0.871779788708
4478.2,0.943398113206
4495.2,1.0
4512.2,1.13578166916
4529.2,0.979795897113
4546.2,0.9
4563.2,0.916515138991
4580.2,1.0246950766
4584.2,1.0246950766
4588.2,1.0246950766
4605.2,1.01980390272
4622.2,1.00498756211
4626.2,1.00498756211
4643.2,1.07703296143
4647.2,1.07703296143
4651.2,1.07703296143
4655.2,1.07703296143
4672.2,1.04403065089
4689.2,1.09544511501
4706.2,0.943398113206
4710.2,0.943398113206
4714.2,0.943398113206
4731.2,0.871779788708
4748.2,0.9
4752.2,0.9
4756.2,0.9
4760.2,0.9
4777.2,0.916515138991
4781.2,0.916515138991
4798.2,0.67082039325
4815.2,0.663324958071
4832.2,0.640312423743
4836.2,0.640312423743
4840.2,0.640312423743
4857.2,0.4
4861.2,0.4
4878.2,0.3
4882.2,0.3
4886.2,0.3
4890.2,0.3
4894.2,0.3
4898.2,0.3
4902.2,0.3
4906.2,0.3
4910.2,0.3
4914.2,0.3
4918.2,0.3
4922.2,0.3
4926.2,0.3
4930.2,0.3
4932.0,0.0
4949.0,0.3
4966.0,0.4
4983.0,0.458257569496
5000.0,0.489897948557
5017.0,0.5
5034.0,0.489897948557
5038.0,0.489897948557
5055.0,0.458257569496
5059.0,0.458257569496
5076.0,0.4
5080.0,0.4
5081.8,0.3
5098.8,0.4472135955
5115.8,0.538516480713
5132.8,0.6
5136.8,0.6
5140.8,0.6
5157.8,0.640312423743
5161.8,0.640312423743
5178.8,0.663324958071
5195.8,0.67082039325
5199.8,0.67082039325
5203.8,0.67082039325
5220.8,0.663324958071
5237.8,0.458257569496
5241.8,0.458257569496
5258.8,0.4
5262.8,0.4
5266.8,0.4
5270.8,0.4
5274.8,0.4
5276.6,0.3
5293.6,0.4472135955
5295.4,0.538516480713
5312.4,0.6
5314.2,0.781024967591
5331.2,0.8
5348.2,0.80622577483
5365.2,0.8
5382.2,0.781024967591
5399.2,0.748331477355
5416.2,0.830662386292
5433.2,1.0
5450.2,1.04403065089
5467.2,1.07703296143
5484.2,1.1
5488.2,1.1
5505.2,1.01980390272
5522.2,1.11803398875
5524.0,1.2
5541.0,1.34536240471
5558.0,1.46969384567
5562.0,1.46969384567
5579.0,1.44568322948
5596.0,1.48323969742
5613.0,1.44568322948
5630.0,1.4
5647.0,1.1874342087
5664.0,1.2
5668.0,1.2
5669.8,1.28452325787
5671.6,1.42828568571
5688.6,1.41774468788
5705.6,1.53622914957
5722.6,1.37477270849
5724.4,1.54919333848
5741.4,1.64012194669
5758.4,1.66132477258
5775.4,1.73493515729
5792.4,1.62480768093
5809.4,1.74642491966
5826.4,1.68522995464
5843.4,1.67630546142
5860.4,1.83303027798
5864.4,1.83303027798
5881.4,1.81383571472
5898.4,1.8973665961
5915.4,1.92093727123
5932.4,1.77763888346
5949.4,1.67630546142
5966.4,1.74355957742
5983.4,1.68819430161
6000.4,1.8
6017.4,1.9
6034.4,1.88679622641
6038.4,1.88679622641
6055.4,1.75783958312
6072.4,1.67332005307
6076.4,1.67332005307
6080.4,1.67332005307
6084.4,1.67332005307
6101.4,1.51327459504
6118.4,1.46969384567
6122.4,1.46969384567
6126.4,1.46969384567
6128.2,1.55241746963
6145.2,1.42828568571
6162.2,1.36014705087
6179.2,1.35646599663
6196.2,1.34536240471
6213.2,1.16619037897
6230.2,1.13578166916
6247.2,1.18321595662
6264.2,1.3
6281.2,1.4
6298.2,1.34536240471
6315.2,1.2
6332.2,1.20415945788
6349.2,1.28062484749
6366.2,1.26885775404
6383.2,1.32664991614
6387.2,1.32664991614
6391.2,1.32664991614
6395.2,1.32664991614
6412.2,1.37477270849
6429.2,1.41421356237
6446.2,1.3
6463.2,1.07703296143
6465.0,1.1
6482.0,1.2
6499.0,1.28452325787
6503.0,1.28452325787
6507.0,1.28452325787
6524.0,1.35646599663
6528.0,1.35646599663
6545.0,1.41774468788
6562.0,1.46969384567
6566.0,1.46969384567
6583.0,1.3
6600.0,1.18321595662
6604.0,1.18321595662
6608.0,1.18321595662
6609.8,1.22065556157
6626.8,1.07703296143
6643.8,1.1874342087
6660.8,1.2
6677.8,1.11803398875
6679.6,1.2
6696.6,1.34536240471
6713.6,1.24899959968
6730.6,1.04403065089
6747.6,1.09544511501
6764.6,1.13578166916
6781.6,1.16619037897
6798.6,1.1874342087
6815.6,1.28062484749
6832.6,1.28452325787
6849.6,1.35646599663
6851.4,1.41774468788
6868.4,1.53622914957
6885.4,1.44568322948
6902.4,1.48323969742
6906.4,1.48323969742
6923.4,1.51327459504
6940.4,1.32664991614
6957.4,1.1874342087
6974.4,1.28062484749
6978.4,1.28062484749
6995.4,1.36014705087
6999.4,1.36014705087
7016.4,1.28062484749
7033.4,1.34536240471
7050.4,1.4
7052.2,1.44568322948
7069.2,1.41421356237
7086.2,1.22065556157
7103.2,1.32664991614
7105.0,1.41774468788
7122.0,1.42828568571
7123.8,1.56524758425
7140.8,1.68522995464
7157.8,1.61554944214
7174.8,1.66132477258
7191.8,1.51327459504
7208.8,1.41421356237
7225.8,1.44568322948
7227.6,1.6
7244.6,1.67630546142
7261.6,1.8
7278.6,1.62788205961
7295.6,1.56204993518
7312.6,1.73493515729
7329.6,1.72046505341
7346.6,1.7
7363.6,1.73205080757
7380.6,1.81383571472
7397.6,1.72046505341
7414.6,1.55241746963
7416.4,1.68522995464
7433.4,1.74642491966
7450.4,1.74355957742
7467.4,1.67630546142
7484.4,1.72046505341
7501.4,1.64012194669
7518.4,1.54919333848
7535.4,1.51327459504
7552.4,1.6
7569.4,1.41774468788
7586.4,1.42828568571
7603.4,1.36014705087
7620.4,1.42828568571
7637.4,1.55241746963
7641.4,1.55241746963
7645.4,1.55241746963
7662.4,1.53622914957
7679.4,1.57797338381
7696.4,1.67332005307
7713.4,1.57797338381
7730.4,1.66132477258
7747.4,1.48660687473
7751.4,1.48660687473
7755.4,1.48660687473
7772.4,1.49666295471
7774.2,1.56524758425
7791.2,1.62480768093
7808.2,1.61554944214
7825.2,1.72046505341
7842.2,1.81383571472
7859.2,1.67332005307
7863.2,1.67332005307
7867.2,1.67332005307
7871.2,1.67332005307
7888.2,1.51327459504
7905.2,1.4
7922.2,1.26885775404
7939.2,1.35646599663
7941.0,1.43178210633
7958.0,1.56204993518
7975.0,1.48660687473
7992.0,1.4
8009.0,1.44568322948
8026.0,1.54919333848
8030.0,1.54919333848
8047.0,1.51327459504
8048.8,1.6
8065.8,1.55241746963
8082.8,1.56204993518
8099.8,1.5
8116.8,1.49666295471
8133.8,1.41774468788
8150.8,1.46969384567
8167.8,1.57797338381
8184.8,1.3416407865
8186.6,1.44568322948
8203.6,1.24899959968
8220.6,1.41774468788
8237.6,1.42828568571
8254.6,1.43178210633
8271.6,1.35646599663
8275.6,1.35646599663
8277.4,1.48660687473
8279.2,1.66132477258
8296.2,1.7
8313.2,1.67332005307
8330.2,1.57797338381
8347.2,1.72046505341
8364.2,1.55241746963
8366.0,1.74355957742
8383.0,1.91049731745
8400.0,1.8547236991
8417.0,1.79164728672
8434.0,1.77763888346
8451.0,1.81383571472
8452.8,2.0
8469.8,1.97230829233
8486.8,1.98997487421
8503.8,2.00249843945
8520.8,2.0591260282
8537.8,2.20227155455
8554.8,2.37486841741
8571.8,2.32594066992
8573.6,2.4819347292
8590.6,2.5079872408
8592.4,2.683281573
8609.4,2.62488094968
8626.4,2.6
8643.4,2.53179778023
8660.4,2.49799919936
8662.2,2.69258240357
8679.2,2.69072480941
8681.0,2.9
8698.0,2.85657137142
8715.0,2.87923600978
8732.0,2.86356421266
8749.0,2.87923600978
8766.0,2.99332590942
8783.0,3.0347981811
8800.0,3.03973683071
8817.0,2.94108823397
8834.0,3.07245829915
8851.0,3.06757233004
8868.0,2.89136645896
8885.0,2.91376045687
8902.0,2.96647939484
8919.0,2.98161030318
8936.0,2.82134719593
8953.0,2.68514431642
8970.0,2.69072480941
8987.0,2.76586333719
9004.0,2.69072480941
9005.8,2.86530975638
9007.6,3.05941170816
9024.6,3.08058436015
9041.6,3.0
9058.6,2.9478805946
9075.6,2.92574776767
9092.6,2.7946377225
9109.6,2.8
9126.6,2.83725219182
9143.6,2.7276363394
9160.6,2.64764045897
9177.6,2.71293199325
9194.6,2.80891438104
9211.6,2.79284800875
9228.6,2.73678643668
9245.6,2.74954541697
9262.6,2.72213151776
9279.6,2.53771550809
9281.4,2.72946881279
9298.4,2.61533936612
9300.2,2.83019433962
9317.2,2.82134719593
9319.0,3.04795013083
9336.0,3.09838667697
9353.0,2.9478805946
9370.0,2.85657137142
9371.8,3.1
9388.8,3.10483493925
9405.8,3.07408522979
9422.8,3.07245829915
9439.8,3.00166620396
9456.8,2.99332590942
9473.8,3.04795013083
9490.8,3.06594194335
9507.8,3.11287648325
9524.8,3.1874754901
9541.8,3.13209195267
9558.8,3.13687742827
9575.8,3.04138126515
9592.8,3.00665927567
9609.8,2.83019433962
9626.8,2.82134719593
9643.8,2.84429253067
9660.8,2.86356421266
9677.8,2.77308492477
9694.8,2.85657137142
9711.8,2.83019433962
9728.8,2.93938769134
9745.8,2.87228132327
9762.8,2.90516780927
9779.8,2.93428015022
9796.8,2.92574776767
9813.8,2.9478805946
9830.8,3.0
9847.8,3.01496268634
9864.8,2.92574776767
9881.8,2.96816441593
9898.8,2.90516780927
9915.8,2.94108823397
9932.8,2.90516780927
9949.8,2.9
9966.8,2.92574776767
9983.8,2.7
9985.6,2.86356421266
10002.6,2.91376045687
10019.6,2.95972971739
10036.6,2.75862284483
10053.6,2.83548937575
10055.4,3.0083217913
10072.4,3.07245829915
10089.4,3.16385840391
10106.4,3.15594676761
10108.2,3.33016516107
10110.0,3.52136337233
10127.0,3.41906419946
10144.0,3.4292856399
10161.0,3.25729949498
10178.0,3.29241552663
10195.0,3.1384709653
10212.0,3.00665927567
10229.0,3.00166620396
10246.0,3.02654919008
10263.0,3.01496268634
10280.0,3.03315017762
10297.0,3.11287648325
10314.0,3.15594676761
10331.0,3.16385840391
10348.0,3.2
10365.0,3.07408522979
10382.0,3.13687742827
10399.0,3.22645316098
10416.0,3.09192496675
10433.0,2.98161030318
10450.0,3.09838667697
10467.0,2.9478805946
10484.0,2.82134719593
10501.0,2.86530975638
10518.0,2.87054001888
10535.0,2.72946881279
10552.0,2.61533936612
10569.0,2.53179778023
10586.0,2.4
10603.0,2.46779253585
10620.0,2.4899799196
10637.0,2.38537208838
10654.0,2.31516738056
10671.0,2.41039415864
10688.0,2.45764114549
10705.0,2.57875939165
10722.0,2.65329983228
10739.0,2.60959767014
10756.0,2.74954541697
10757.8,2.87923600978
10774.8,2.96647939484
10791.8,3.11287648325
10808.8,2.95972971739
10825.8,2.96816441593
10842.8,2.93938769134
10844.6,3.07408522979
10861.6,3.00665927567
10878.6,3.0347981811
10895.6,2.92574776767
10912.6,2.87923600978
10929.6,2.79284800875
10931.4,2.9478805946
10948.4,2.99332590942
10965.4,3.06757233004
10982.4,3.2
10984.2,3.35410196625
11001.2,3.32264954517
11003.0,3.49428104193
11020.0,3.45832329316
11037.0,3.47706773014
11054.0,3.40587727319
11071.0,3.44818792991
11088.0,3.4
11089.8,3.57910603363
11106.8,3.55527776693
11108.6,3.7483329628
11125.6,3.58329457343
11127.4,3.79605057922
11144.4,3.6823905279
11161.4,3.53411940941
11178.4,3.43511280746
11195.4,3.38969025134
11212.4,3.4
11229.4,3.43656805549
11246.4,3.35261092285
11248.2,3.58468966579
11265.2,3.52703841771
11282.2,3.55105618091
11299.2,3.51567916625
11316.2,3.5902646142
11333.2,3.60555127546
11335.0,3.83275357935
11336.8,4.06939798988
11353.8,4.02616442784
11370.8,3.95474398666
11387.8,3.93064880141
11404.8,3.87814388593
11421.8,3.95094925303
11438.8,3.96988664826
11455.8,3.96106046407
11472.8,3.92428337407
11489.8,3.9102429592
11506.8,3.86781592116
11508.6,4.1
11525.6,3.92937654088
11542.6,3.95600808897
11559.6,3.95474398666
11576.6,4.00124980475
11593.6,3.99499687109
11610.6,3.9862262856
11627.6,3.82099463491
11644.6,3.83275357935
11646.4,4.06939798988
11663.4,3.92555728528
11680.4,3.97994974843
11697.4,3.93064880141
11714.4,3.82622529394
11731.4,3.82230297072
11748.4,3.73630833845
11765.4,3.75366487582
11767.2,4.0
11784.2,4.01123422403
11801.2,3.86781592116
11818.2,3.82230297072
11835.2,3.69323706252
11852.2,3.61247837364
11869.2,3.63868107973
11886.2,3.68917334914
11903.2,3.7094473982
11920.2,3.67287353444
11937.2,3.54964786986
11954.2,3.47706773014
11971.2,3.4
11988.2,3.34813380856
12005.2,3.35261092285
12022.2,3.41320963318
12039.2,3.44093010682
12056.2,3.46554469023
12073.2,3.4
12090.2,3.36005952328
12107.2,3.40587727319
12124.2,3.36005952328
12141.2,3.21869538789
12158.2,3.28785644455
12175.2,3.32264954517
12192.2,3.41320963318
12194.0,3.63868107973
12211.0,3.63455636908
12228.0,3.6823905279
12245.0,3.61801050303
12262.0,3.7148351242
12279.0,3.75366487582
12296.0,3.62767142944
12313.0,3.63455636908
12314.8,3.85227205685
12331.8,3.95600808897
12333.6,4.17612260356
12350.6,4.19642705167
12367.6,4.09389789809
12384.6,4.01123422403
12386.4,4.24264068712
12403.4,4.18210473327
12420.4,4.21426150114
12437.4,4.26731765867
12454.4,4.29418211072
12456.2,4.52216762184
12473.2,4.56508488421
12490.2,4.4955533586
12507.2,4.5782092569
12524.2,4.6357307946
12541.2,4.73286382648
12558.2,4.67867502612
12575.2,4.79165942028
12592.2,4.73392015142
12609.2,4.86209831246
12626.2,4.8218253805
12643.2,4.86209831246
12660.2,4.81767578818
12677.2,4.79165942028
12694.2,4.84664832642
12711.2,4.9193495505
12728.2,4.90815647672
12730.0,5.09509568114
12747.0,5.08035431835
12764.0,4.98397431775
12781.0,5.10392006207
12798.0,5.00399840128
12815.0,4.96084670192
12832.0,5.03587132481
12849.0,5.02891638427
12866.0,5.05964425627
12883.0,5.02891638427
12884.8,5.21152568832
12886.6,5.40462764675
12903.6,5.31413210223
12920.6,5.22015325446
12937.6,5.06359556047
12954.6,4.98096376216
12971.6,4.95580467735
12988.6,5.02891638427
13005.6,5.11859355683
13007.4,5.31883445879
13024.4,5.17300686255
13041.4,5.27351874937
13058.4,5.14198405287
13075.4,5.10392006207
13092.4,5.00399840128
13109.4,4.98096376216
13126.4,4.95580467735
13128.2,5.16623654124
13145.2,5.03984126734
13162.2,5.14684369298
13179.2,5.15363949069
13196.2,5.1778373864
13213.2,5.25737577124
13215.0,5.46351535186
13232.0,5.55337735077
13249.0,5.51452627158
13266.0,5.54616984954
13283.0,5.43046959295
13300.0,5.40370243444
13317.0,5.39351462406
13334.0,5.4918120871
13351.0,5.45985347789
13352.8,5.66038867923
13369.8,5.5542776308
13386.8,5.58927544499
13403.8,5.55067563455
13420.8,5.63560112144
13437.8,5.53985559379
13454.8,5.63914887195
13471.8,5.68242905807
13488.8,5.6709787515
13505.8,5.55067563455
13507.6,5.74804314528
13524.6,5.66127194189
13541.6,5.62494444417
13558.6,5.72800139665
13575.6,5.6
13592.6,5.68242905807
13609.6,5.67450438364
13626.6,5.62938717802
13643.6,5.50999092558
13660.6,5.47813836992
13677.6,5.57135531087
13694.6,5.60802995712
13711.6,5.60713830755
13728.6,5.65773806393
13745.6,5.61782876208
13762.6,5.48543526076
13779.6,5.366563146
13796.6,5.37494186015
13813.6,5.24976189936
13815.4,5.44150714417
13832.4,5.53534100124
13849.4,5.5
13866.4,5.48087584242
13883.4,5.36749476013
13900.4,5.47357287336
13917.4,5.43046959295
13934.4,5.31036721894
13951.4,5.3
13968.4,5.38144961883
13985.4,5.3860932038
14002.4,5.49909083395
14019.4,5.3712196008
14036.4,5.25737577124
14053.4,5.13906606301
14070.4,5.23067873225
14087.4,5.12737749732
14104.4,5.0199601592
14121.4,4.96890329952
14138.4,4.87442304278
14155.4,4.8590122453
14172.4,4.9638694584
14189.4,4.88364617883
14206.4,4.90306026885
14223.4,4.79687398208
14240.4,4.79165942028
14257.4,4.90815647672
14274.4,4.7539457296
14291.4,4.67867502612
14308.4,4.79165942028
14325.4,4.73392015142
14342.4,4.69467783772
14344.2,4.86312656632
14361.2,4.88262224629
14378.2,5.00099990002
14380.0,5.17300686255
14397.0,5.06853035899
14414.0,4.9799598392
14431.0,4.90815647672
14448.0,5.01597448159
14449.8,5.19711458407
14466.8,5.04380808517
14483.8,5.16236379966
14485.6,5.3516352641
14502.6,5.33010318849
14519.6,5.34415568635
14536.6,5.44885309033
14553.6,5.44058820349
14570.6,5.39351462406
14587.6,5.36283507112
14604.6,5.3860932038
14621.6,5.33291665039
14638.6,5.33385414124
14640.4,5.51724568965
14657.4,5.53263047745
14674.4,5.63560112144
14691.4,5.53985559379
14708.4,5.65685424949
14725.4,5.57584074378
14742.4,5.70613704707
14759.4,5.79741321625
14776.4,5.8172158289
14793.4,5.95399025864
14810.4,5.88557558782
14827.4,5.98414572015
14844.4,6.09590026165
14861.4,6.04069532422
14878.4,6.16441400297
14895.4,6.12290780594
14912.4,6.25779513886
14929.4,6.1
14946.4,6.03655530911
14963.4,6.18465843843
14980.4,6.03655530911
14997.4,6.16522505672
15014.4,6.11228271597
15016.2,6.25219961294
15033.2,6.2449979984
15050.2,6.25219961294
15067.2,6.14491659829
15084.2,6.0835844697
15101.2,6.03655530911
15118.2,5.98748695197
15135.2,6.11882341631
15152.2,6.11637147335
15154.0,6.25779513886
15171.0,6.22012861603
15188.0,6.06630035524
15205.0,6.04069532422
15222.0,6.04648658313
15239.0,6.18142378421
15256.0,6.0695963622
15273.0,6.07042008431
15290.0,6.08604962188
15307.0,5.98414572015
15324.0,5.99666574023
15341.0,5.8386642308
15358.0,5.96657355607
15359.8,6.10655385631
15376.8,6.07947366143
15393.8,6.21369455316
15410.8,6.2
15412.6,6.34428877022
15429.6,6.28012738724
15446.6,6.29364759102
15463.6,6.14491659829
15465.4,6.3
15482.4,6.2449979984
15499.4,6.26817357769
15516.4,6.27375485654
15533.4,6.30951662174
15550.4,6.2
15567.4,6.05392434707
15584.4,5.95315042645
15601.4,6.00083327547
15618.4,6.01331855135
15635.4,6.07371385562
15652.4,6.18061485614
15669.4,6.3
15686.4,6.2096698785
15703.4,6.32534584035
15720.4,6.45290632196
15737.4,6.57647321898
15739.2,6.71118469423
15756.2,6.57343137182
15773.2,6.4930732323
15790.2,6.54904573201
15807.2,6.67832314283
15824.2,6.56429737291
15841.2,6.7052218457
15858.2,6.60378679244
15875.2,6.666333325
15892.2,6.62193325246
15909.2,6.74091981854
15926.2,6.66408283262
15943.2,6.6
15960.2,6.56429737291
15964.2,6.56429737291
15981.2,6.4652919501
15998.2,6.37887137353
16015.2,6.35295206971
16019.2,6.35295206971
16036.2,6.29364759102
16040.2,6.29364759102
16057.2,6.35924523823
16074.2,6.28092349898
16091.2,6.23217458035
16108.2,6.19758017294
16125.2,6.09590026165
16127.0,6.22012861603
16144.0,6.0497933849
16161.0,6.18789140176
16178.0,6.11228271597
16195.0,6.01747455333
16212.0,6.13514466007
16229.0,6.20080639917
16246.0,6.16765757804
16263.0,6.1
16280.0,6.04648658313
16297.0,6.02411819273
16298.8,6.14817045958
16300.6,6.28410693735
16302.4,6.43117407633
16319.4,6.41950153828
16336.4,6.54522726878
16353.4,6.60681466366
16370.4,6.56048778674
16387.4,6.38827050147
16404.4,6.3843558798
16406.2,6.53375848957
16423.2,6.48074069841
16440.2,6.54904573201
16457.2,6.6302337817
16474.2,6.63400331625
16491.2,6.57571288911
16508.2,6.40702739186
16525.2,6.4218377432
16542.2,6.37259758654
16544.0,6.52380257212
16561.0,6.36317530797
16578.0,6.48074069841
16595.0,6.36317530797
16612.0,6.32139225171
16629.0,6.40390505863
16646.0,6.24819974073
16663.0,6.34428877022
16680.0,6.28012738724
16697.0,6.38827050147
16714.0,6.50845603811
16715.8,6.65507325279
16732.8,6.61815684311
16749.8,6.62495283002
16766.8,6.64529909033
16783.8,6.57343137182
16800.8,6.54522726878
16817.8,6.42261628933
16834.8,6.52993108693
16851.8,6.46606526413
16868.8,6.52380257212
16885.8,6.59469483752
16902.8,6.52686754883
16919.8,6.50307619516
16936.8,6.4930732323
16953.8,6.60378679244
16970.8,6.72606868832
16987.8,6.56124988093
17004.8,6.43739077577
17021.8,6.45058136915
17038.8,6.3843558798
17055.8,6.48768063332
17072.8,6.5574385243
17074.6,6.68505796534
17091.6,6.79411510059
17108.6,6.91447756523
17125.6,6.93108938047
17142.6,7.00357051796
17159.6,6.94550214167
17176.6,7.07177488329
17193.6,7.0256672281
17210.6,6.90579466825
17227.6,6.87022561493
17244.6,6.97782200977
17246.4,7.09647799968
17263.4,7.07177488329
17280.4,6.98856208386
17297.4,6.87386354243
17314.4,6.88767014309
17331.4,7.00071424927
17348.4,7.12460525222
17365.4,7.02068372739
17382.4,7.14142842854
17386.4,7.14142842854
17403.4,6.96347614342
17420.4,6.98283610004
17437.4,6.8124885321
17454.4,6.87313611098
17456.2,6.989277502
17473.2,7.05974503789
17490.2,6.95772951472
17507.2,6.86731388536
17524.2,6.7
17541.2,6.72309452559
17558.2,6.67008245826
17575.2,6.7052218457
17577.0,6.82715167548
17578.8,6.95988505652
17595.8,6.91736944221
17612.8,6.95988505652
17629.8,6.79779375974
17646.8,6.91086101727
17663.8,6.81835757349
17680.8,6.94262198308
17697.8,7.04911341943
17714.8,6.89637585983
17731.8,6.75351760196
17748.8,6.63626400921
17750.6,6.77126280689
17767.6,6.666333325
17784.6,6.78306715284
17801.6,6.91086101727
17818.6,7.03491293478
17835.6,6.94262198308
17837.4,7.07742891169
17854.4,6.99714227381
17871.4,6.94334213474
17888.4,6.84397545291
17905.4,6.6970142601
17922.4,6.6211781429
17939.4,6.52763356815
17956.4,6.66033032214
17973.4,6.60984114786
17990.4,6.52686754883
18007.4,6.67008245826
18024.4,6.6
18028.4,6.6
18045.4,6.45058136915
18062.4,6.35924523823
18079.4,6.28092349898
18083.4,6.28092349898
18085.2,6.4218377432
18102.2,6.35688603013
18119.2,6.3843558798
18136.2,6.31585306986
18153.2,6.32455532034
18170.2,6.34744042902
18187.2,6.46219776856
18204.2,6.49692234831
18221.2,6.43739077577
18238.2,6.28092349898
18255.2,6.31189353522
18257.0,6.45058136915
18274.0,6.35295206971
18291.0,6.3945289115
18308.0,6.52686754883
18325.0,6.67008245826
18342.0,6.52380257212
18343.8,6.66408283262
18345.6,6.81469001496
18362.6,6.74166151627
18379.6,6.77052435192
18396.6,6.70894924709
18413.6,6.66033032214
18430.6,6.80367547727
18447.6,6.72309452559
18464.6,6.75943784645
18466.4,6.91086101727
18483.4,7.05761999544
18500.4,7.08801805867
18502.2,7.2422372234
18519.2,7.17216843082
18536.2,7.02922470832
18553.2,7.06823881883
18570.2,6.93469537903
18587.2,6.98569967863
18604.2,6.90579466825
18621.2,6.8527366796
18638.2,6.73869423553
18655.2,6.88767014309
18672.2,6.78601503093
18689.2,6.74091981854
18706.2,6.79779375974
18723.2,6.82348884369
18740.2,6.68505796534
18757.2,6.60302960769
18774.2,6.51843539509
18776.0,6.67532770731
18793.0,6.70894924709
18810.0,6.63626400921
18827.0,6.56124988093
18844.0,6.51459898996
18861.0,6.55820097283
18878.0,6.61513416342
18895.0,6.54904573201
18912.0,6.69328021227
18929.0,6.57951365984
18946.0,6.50845603811
18963.0,6.57343137182
18980.0,6.4218377432
18997.0,6.46915759585
19014.0,6.51459898996
19031.0,6.66408283262
19048.0,6.6
19065.0,6.54904573201
19082.0,6.51152823844
19099.0,6.57951365984
19100.8,6.72011904656
19117.8,6.87095335452
19134.8,6.91664658632
19151.8,6.84470598346
19168.8,6.88767014309
19185.8,6.94334213474
19202.8,6.88186021363
19206.8,6.88186021363
19223.8,6.75943784645
19240.8,6.82641926635
19242.6,6.96347614342
19259.6,6.8527366796
19276.6,6.8124885321
19293.6,6.88767014309
19310.6,7.0320693967
19327.6,6.87313611098
19344.6,6.92892488053
19361.6,6.77938050267
19378.6,6.67008245826
19395.6,6.63324958071
19412.6,6.60984114786
19429.6,6.6
19446.6,6.60378679244
19463.6,6.52993108693
19480.6,6.46915759585
19484.6,6.46915759585
19488.6,6.46915759585
19492.6,6.46915759585
19509.6,6.4218377432
19511.4,6.55820097283
19528.4,6.4
19545.4,6.47224845011
19562.4,6.37181292883
19579.4,6.22012861603
19596.4,6.09590026165
19613.4,5.95063021872
19630.4,6.10245852096
19647.4,6.11964051232
19664.4,6.00333240792
19681.4,6.03406993662
19698.4,5.92958683215
19715.4,5.82151183113
19719.4,5.82151183113
19736.4,5.8991524815
19753.4,5.75239080731
19770.4,5.79309934318
19787.4,5.65773806393
19804.4,5.71314274283
19821.4,5.69649014745
19838.4,5.58927544499
19855.4,5.45985347789
19872.4,5.38144961883
19889.4,5.37494186015
19906.4,5.40370243444
19923.4,5.46717477313
19940.4,5.50999092558
19957.4,5.56866231693
19974.4,5.64269439187
19991.4,5.73149195236
20008.4,5.83438085833
20010.2,5.95063021872
20027.2,5.82752091373
20044.2,5.75239080731
20061.2,5.86515131945
20078.2,5.92368128785
20095.2,5.97996655509
20112.2,6.1
20129.2,6.16765757804
20146.2,6.05392434707
20163.2,6.03655530911
20180.2,5.96741149913
20197.2,5.91269819964
20214.2,6.02411819273
20218.2,6.02411819273
20235.2,6.0827625303
20252.2,5.9741108125
20256.2,5.9741108125
20273.2,5.92958683215
20290.2,6.00083327547
20307.2,6.08604962188
20324.2,5.95399025864
20328.2,5.95399025864
20345.2,6.05309838017
20349.2,6.05309838017
20366.2,6.01747455333
20383.2,6.07947366143
20387.2,6.07947366143
20404.2,5.95734840344
20421.2,5.84807660689
20425.2,5.84807660689
20442.2,5.68242905807
20446.2,5.68242905807
20463.2,5.65331761004
20480.2,5.55067563455
20497.2,5.53534100124
20514.2,5.3712196008
20518.2,5.3712196008
20535.2,5.23832034148
20539.2,5.23832034148
20556.2,5.19711458407
20573.2,5.07543101618
20575.0,5.16623654124
20592.0,5.0
20609.0,5.10783711565
20626.0,5.17300686255
20630.0,5.17300686255
20647.0,5.02095608425
20664.0,5.12249938995
20681.0,5.0049975025
20682.8,5.10294032887
20699.8,4.96084670192
20716.8,4.9355850717
20733.8,4.82597140481
20750.8,4.81663783152
20767.8,4.92848861214
20784.8,4.9355850717
20801.8,5.04083326445
20805.8,5.04083326445
20822.8,4.94368283772
20839.8,4.96487663492
20843.8,4.96487663492
20860.8,4.82078831728
20877.8,4.73392015142
20894.8,4.66476151588
20911.8,4.7
20915.8,4.7
20932.8,4.62601340249
20949.8,4.57055795281
20953.8,4.57055795281
20970.8,4.51220566907
20987.8,4.56179789118
21004.8,4.40908153701
21021.8,4.47772263545
21038.8,4.54312667664
21055.8,4.4955533586
21057.6,4.5782092569
21074.6,4.65725240888
21091.6,4.7539457296
21108.6,4.84664832642
21112.6,4.84664832642
21116.6,4.84664832642
21120.6,4.84664832642
21137.6,4.81248376621
21154.6,4.75499737119
21171.6,4.82078831728
21188.6,4.9040799341
21192.6,4.9040799341
21196.6,4.9040799341
21213.6,4.71593044902
21230.6,4.67011777153
21247.6,4.74973683482
21251.6,4.74973683482
21268.6,4.72122865365
21285.6,4.71168759576
21302.6,4.54862616622
21306.6,4.54862616622
21310.6,4.54862616622
21314.6,4.54862616622
21318.6,4.54862616622
21335.6,4.55631429996
21339.6,4.55631429996
21343.6,4.55631429996
21347.6,4.55631429996
21364.6,4.58366665455
21381.6,4.43170396123
21385.6,4.43170396123
21389.6,4.43170396123
21406.6,4.43283205186
21410.6,4.43283205186
21414.6,4.43283205186
21431.6,4.29418211072
21448.6,4.17252920901
21465.6,4.21426150114
21482.6,4.15812457726
21499.6,4.17133072292
21503.6,4.17133072292
21505.4,4.22965719651
21522.4,4.11825205639
21539.4,4.14849370254
21556.4,3.90384425919
21573.4,3.98120584748
21575.2,4.05462698654
21592.2,4.1
21609.2,4.1665333312
21626.2,3.93573373083
21628.0,4.0249223595
21645.0,3.9102429592
21662.0,3.94461658466
21679.0,4.00124980475
21696.0,4.07921561087
21713.0,4.15331193146
21730.0,4.2
21747.0,4.24381903478
21764.0,4.30813184571
21781.0,4.36921045499
21798.0,4.44971909226
21815.0,4.36921045499
21832.0,4.30813184571
21833.8,4.38292140016
21835.6,4.47660585712
21852.6,4.43283205186
21869.6,4.45421149026
21886.6,4.4283179651
21903.6,4.48998886413
21920.6,4.57055795281
21937.6,4.44971909226
21954.6,4.50444225182
21971.6,4.5343136195
21988.6,4.58366665455
21990.4,4.67332857822
22007.4,4.69574275275
22024.4,4.75815090135
22041.4,4.81767578818
22058.4,4.5782092569
22075.4,4.54862616622
22092.4,4.58257569496
22109.4,4.34626276242
22126.4,4.33128156554
22143.4,4.40567815438
22160.4,4.17612260356
22177.4,4.24852915725
22194.4,4.02988833592
22196.2,4.12431812546
22213.2,4.1665333312
22230.2,4.01123422403
22247.2,4.0249223595
22264.2,3.88458491991
22281.2,3.76297754445
22298.2,3.79605057922
22315.2,3.87814388593
22332.2,3.93064880141
22349.2,4.02988833592
22366.2,4.1
22368.0,4.19046536795
22385.0,4.08533964316
22402.0,4.14728827067
22419.0,4.10974451761
22436.0,4.14246303544
22453.0,3.9
22470.0,3.92937654088
22487.0,4.0062451248
22504.0,4.07921561087
22521.0,4.12431812546
22538.0,4.21426150114
22555.0,4.25323406363
22572.0,4.31277173057
22589.0,4.36921045499
22606.0,4.44522215418
22623.0,4.51774279923
22640.0,4.47660585712
22644.0,4.47660585712
22645.8,4.544227107
22647.6,4.63033476112
22649.4,4.73392015142
22666.4,4.81248376621
22683.4,4.86723740946
22700.4,4.83735464898
22717.4,4.88773976394
22734.4,4.77074417675
22751.4,4.83838816136
22768.4,4.92341345004
22770.2,5.02493781056
22787.2,5.08330601086
22804.2,5.15848815061
22821.2,5.23067873225
22838.2,5.18555686499
22855.2,5.15751878329
22872.2,5.20480547187
22889.2,5.28772162656
22906.2,5.36749476013
22923.2,5.40740233384
22940.2,5.5
22942.0,5.58927544499
22959.0,5.47813836992
22976.0,5.45527267879
22993.0,5.55787729264
23010.0,5.60357029045
23027.0,5.50363516233
23044.0,5.5641710973
23061.0,5.64003546088
23078.0,5.62494444417
23095.0,5.53624421427
23099.0,5.53624421427
23116.0,5.62494444417
23117.8,5.71051661411
23134.8,5.81033561853
23138.8,5.81033561853
23155.8,5.87281874401
23172.8,5.9160797831
23189.8,5.85576638878
23206.8,5.61782876208
23223.8,5.692978131
23240.8,5.4626001135
23257.8,5.23927475897
23274.8,5.33291665039
23291.8,5.42309874518
23295.8,5.42309874518
23299.8,5.42309874518
23303.8,5.42309874518
23320.8,5.47357287336
23337.8,5.53985559379
23354.8,5.51361950084
23371.8,5.50363516233
23375.8,5.50363516233
23379.8,5.50363516233
23383.8,5.50363516233
23400.8,5.50999092558
23404.8,5.50999092558
23408.8,5.50999092558
23425.8,5.58659108939
23427.6,5.66038867923
23444.6,5.74891294072
23446.4,5.83438085833
23463.4,5.62227711875
23480.4,5.7236352085
23497.4,5.6471231614
23501.4,5.6471231614
23518.4,5.63914887195
23535.4,5.71751694357
23539.4,5.71751694357
23556.4,5.65331761004
23558.2,5.74543296889
23575.2,5.74804314528
23592.2,5.69649014745
23609.2,5.8
23626.2,5.58659108939
23628.0,5.68858506133
23645.0,5.7
23662.0,5.76194411636
23679.0,5.62938717802
23696.0,5.50999092558
23713.0,5.40462764675
23730.0,5.48087584242
23747.0,5.5722526863
23764.0,5.51724568965
23781.0,5.58659108939
23798.0,5.54616984954
23815.0,5.52177507691
23832.0,5.29150262213
23849.0,5.3
23866.0,5.07543101618
23883.0,5.15848815061
23900.0,5.25737577124
23917.0,5.04479930225
23934.0,4.84148737476
23951.0,4.79687398208
23968.0,4.89489530021
23985.0,4.86723740946
23986.8,4.95983870705
24003.8,5.06853035899
24020.8,5.15363949069
24037.8,5.15848815061
24054.8,5.02394267483
24071.8,4.98497743225
24088.8,4.77912125814
24105.8,4.79687398208
24122.8,4.83321838944
24139.8,4.88773976394
24156.8,4.89897948557
24173.8,4.7
24177.8,4.7
24194.8,4.79165942028
24198.8,4.79165942028
24215.8,4.8795491595
24232.8,4.69467783772
24249.8,4.71699056603
24251.6,4.8
24268.6,4.64865571967
24270.4,4.74973683482
24287.4,4.84664832642
24304.4,4.79583152331
24321.4,4.65725240888
24338.4,4.74973683482
24355.4,4.8590122453
24372.4,4.90306026885
24374.2,5.0049975025
24391.2,5.02394267483
24408.2,4.83838816136
24425.2,4.66476151588
24442.2,4.5265881191
24459.2,4.58257569496
24476.2,4.65725240888
24493.2,4.6
24510.2,4.4283179651
24527.2,4.34050688284
24544.2,4.29534631898
24561.2,4.40908153701
24578.2,4.47325384927
24595.2,4.33128156554
24612.2,4.15812457726
24629.2,4.24264068712
24646.2,4.08533964316
24663.2,4.19046536795
24667.2,4.19046536795
24671.2,4.19046536795
24688.2,4.1
24705.2,3.95474398666
24709.2,3.95474398666
24726.2,4.03112887415
24743.2,4.02988833592
24760.2,3.9
24764.2,3.9
24781.2,3.81575680567
24798.2,3.75366487582
24800.0,3.84707681233
24817.0,3.96106046407
24834.0,3.91918358845
24851.0,3.9
24868.0,3.97994974843
24869.8,4.08044115262
24886.8,4.07921561087
24903.8,4.07553677446
24920.8,4.09389789809
24937.8,4.01123422403
24939.6,4.12310562562
24956.6,3.9862262856
24973.6,3.7894590643
24990.6,3.82230297072
25007.6,3.90384425919
25024.6,3.90512483795
25041.6,3.95474398666
25058.6,3.97617907041
25075.6,3.84187454246
25092.6,3.9102429592
25109.6,4.0
25126.6,4.08533964316
25143.6,4.14246303544
25145.4,4.24381903478
25147.2,4.36348484585
25164.2,4.27200187266
25181.2,4.2
25198.2,4.26731765867
25215.2,4.06939798988
25217.0,4.20594816896
25234.0,4.19523539268
25251.0,4.20594816896
25268.0,4.23792402008
25285.0,4.17252920901
25302.0,4.17612260356
25319.0,3.98120584748
25336.0,4.05462698654
25337.8,4.19642705167
25354.8,4.01995024845
25371.8,4.03608721412
25388.8,4.09878030638
25405.8,4.13400532172
25422.8,4.19046536795
25439.8,4.26731765867
25456.8,4.29418211072
25473.8,4.3874821937
25490.8,4.45421149026
25507.8,4.4955533586
25524.8,4.51220566907
25541.8,4.61410879802
25558.8,4.66904701197
25575.8,4.74236228055
25592.8,4.8538644398
25609.8,4.92036584006
25613.8,4.92036584006
25630.8,4.9638694584
25632.6,5.06458290484
25649.6,4.90306026885
25666.6,4.96084670192
25683.6,4.81248376621
25700.6,4.67867502612
25717.6,4.69041575982
25734.6,4.50444225182
25751.6,4.5343136195
25768.6,4.60543157587
25785.6,4.47660585712
25802.6,4.47772263545
25804.4,4.58693797647
25821.4,4.40567815438
25838.4,4.23792402008
25855.4,4.10974451761
25872.4,4.0
25889.4,4.06078810085
25906.4,3.96988664826
25923.4,3.79605057922
25940.4,3.90384425919
25957.4,3.7483329628
25974.4,3.82622529394
25991.4,3.92555728528
26008.4,3.94461658466
26025.4,4.01123422403
26042.4,4.09878030638
26059.4,4.20594816896
26076.4,4.06939798988
26080.4,4.06939798988
26082.2,4.17252920901
26099.2,4.2
26116.2,4.03112887415
26133.2,4.05462698654
26150.2,4.02616442784
26167.2,3.89358446679
26184.2,3.93573373083
26201.2,3.82099463491
26218.2,3.80657326213
26235.2,3.86781592116
26252.2,3.97617907041
26254.0,4.07921561087
26271.0,3.90512483795
26288.0,3.74699879904
26305.0,3.82230297072
26322.0,3.84187454246
26339.0,3.96106046407
26356.0,4.04969134626
26373.0,3.9102429592
26390.0,3.7894590643
26407.0,3.84837628098
26411.0,3.84837628098
26428.0,3.87814388593
26445.0,3.93064880141
26462.0,4.0049968789
26479.0,3.87427412556
26496.0,3.96988664826
26513.0,4.03608721412
26530.0,4.12310562562
26534.0,4.12310562562
26551.0,4.08533964316
26555.0,4.08533964316
26572.0,3.96988664826
26589.0,3.79605057922
26606.0,3.63868107973
26610.0,3.63868107973
26614.0,3.63868107973
26631.0,3.5
26635.0,3.5
26639.0,3.5
26656.0,3.38230690506
26673.0,3.22645316098
26674.8,3.31058907145
26691.8,3.38969025134
26708.8,3.40587727319
26725.8,3.50570962859
26742.8,3.37045990927
26759.8,3.40734500748
26776.8,3.29241552663
26793.8,3.23264597505
26797.8,3.23264597505
26814.8,3.32264954517
26818.8,3.32264954517
26835.8,3.16385840391
26852.8,3.12409987036
26869.8,2.98161030318
26871.6,3.06594194335
26888.6,3.17647603485
26892.6,3.17647603485
26909.6,3.05941170816
26926.6,2.96816441593
26943.6,3.00665927567
26945.4,3.1064449134
26962.4,2.97321374946
26979.4,3.0347981811
26996.4,3.09192496675
27013.4,3.17647603485
27015.2,3.28633534503
27032.2,3.36005952328
27049.2,3.4
27066.2,3.46554469023
27068.0,3.58329457343
27085.0,3.47131099154
27102.0,3.41174442185
27119.0,3.49428104193
27136.0,3.45832329316
27153.0,3.53411940941
27154.8,3.66060104354
27171.8,3.64554522671
27188.8,3.7094473982
27205.8,3.60693775937
27222.8,3.66606055596
27239.8,3.55668384876
27256.8,3.46987031458
27273.8,3.55105618091
27290.8,3.5721142199
27307.8,3.36005952328
27324.8,3.25576411922
27341.8,3.33016516107
27358.8,3.4
27360.6,3.52278299076
27377.6,3.61109401705
27394.6,3.69459064038
27411.6,3.72021504755
27428.6,3.63455636908
27445.6,3.73630833845
27462.6,3.80657326213
27479.6,3.92428337407
27483.6,3.92428337407
27500.6,3.72692903072
27517.6,3.6551333765
27534.6,3.74299345444
27551.6,3.63868107973
27568.6,3.55668384876
27585.6,3.58329457343
27602.6,3.37786915081
27619.6,3.4292856399
27636.6,3.36005952328
27653.6,3.16227766017
27655.4,3.26955654485
27672.4,3.37045990927
27689.4,3.49428104193
27706.4,3.41174442185
27723.4,3.23264597505
27740.4,3.29241552663
27757.4,3.34813380856
27759.2,3.45832329316
27776.2,3.38969025134
27793.2,3.34664010614
27810.2,3.44818792991
27827.2,3.3406586177
27844.2,3.40734500748
27861.2,3.32264954517
27863.0,3.44238289561
27864.8,3.58329457343
27866.6,3.74299345444
27883.6,3.6823905279
27900.6,3.50570962859
27902.4,3.68781778292
27919.4,3.5902646142
27936.4,3.54400902933
27953.4,3.46554469023
27970.4,3.55527776693
27987.4,3.38378486314
28004.4,3.46987031458
28021.4,3.40734500748
28038.4,3.37045990927
28055.4,3.33016516107
28072.4,3.43511280746
28089.4,3.53411940941
28106.4,3.6551333765
28123.4,3.63455636908
28140.4,3.66606055596
28157.4,3.77491721764
28174.4,3.77359245282
28191.4,3.82230297072
28193.2,3.96988664826
28210.2,3.88458491991
28227.2,3.94968353163
28244.2,4.03608721412
28261.2,4.14246303544
28278.2,4.24381903478
28295.2,4.34050688284
28312.2,4.27200187266
28329.2,4.10365690574
28331.0,4.24381903478
28348.0,4.23792402008
28365.0,4.34626276242
28382.0,4.472135955
28399.0,4.4821869662
28416.0,4.5782092569
28433.0,4.6914816423
28450.0,4.71593044902
28451.8,4.84252000512
28468.8,4.77912125814
28485.8,4.71274866718
28502.8,4.66476151588
28519.8,4.50444225182
28536.8,4.472135955
28553.8,4.32319326424
28570.8,4.44522215418
28587.8,4.38292140016
28604.8,4.36348484585
28621.8,4.3874821937
28638.8,4.34050688284
28655.8,4.47325384927
28672.8,4.44522215418
28689.8,4.4821869662
28706.8,4.472135955
28723.8,4.5265881191
28727.8,4.5265881191
28744.8,4.44522215418
28761.8,4.4955533586
28778.8,4.34050688284
28795.8,4.20119030752
28799.8,4.20119030752
28816.8,4.07921561087
28833.8,4.17252920901
28850.8,4.06939798988
28867.8,3.9862262856
28884.8,3.89871773792
28901.8,3.7
28918.8,3.62767142944
28935.8,3.57910603363
28937.6,3.69323706252
28954.6,3.5
28971.6,3.41174442185
28988.6,3.37786915081
29005.6,3.1874754901
29022.6,3.3
29039.6,3.28633534503
29056.6,3.3
29073.6,3.21869538789
29090.6,3.34813380856
29107.6,3.38230690506
29124.6,3.41320963318
29141.6,3.46987031458
29158.6,3.40734500748
29175.6,3.3406586177
29179.6,3.3406586177
29196.6,3.38969025134
29200.6,3.38969025134
29217.6,3.34664010614
29234.6,3.41906419946
29238.6,3.41906419946
29255.6,3.4292856399
29272.6,3.46554469023
29289.6,3.41174442185
29306.6,3.47131099154
29323.6,3.55527776693
29340.6,3.63455636908
29344.6,3.63455636908
29361.6,3.6
29365.6,3.6
29367.4,3.67287353444
29369.2,3.76828873628
29386.2,3.72692903072
29403.2,3.7094473982
29420.2,3.68917334914
29437.2,3.69323706252
29454.2,3.77491721764
29471.2,3.8
29488.2,3.79605057922
29505.2,3.6551333765
29522.2,3.72692903072
29539.2,3.76828873628
29556.2,3.78021163429
29573.2,3.81575680567
29590.2,3.9
29607.2,3.97994974843
29609.0,4.05585995813
29626.0,4.10365690574
29643.0,4.19642705167
29660.0,4.28485705713
29664.0,4.28485705713
29681.0,4.27668095607
29698.0,4.14728827067
29702.0,4.14728827067
29706.0,4.14728827067
29710.0,4.14728827067
29727.0,4.18210473327
29744.0,4.19046536795
29748.0,4.19046536795
29765.0,4.07553677446
29782.0,4.12795348811
29799.0,4.12916456441
29816.0,4.15210789841
29833.0,3.9
29834.8,3.96988664826
29836.6,4.06078810085
29838.4,4.17133072292
29855.4,4.06078810085
29872.4,4.14246303544
29889.4,4.17252920901
29906.4,4.22374241639
29923.4,4.22492603486
29940.4,4.31740662898
29957.4,4.4283179651
29974.4,4.4226688775
29991.4,4.43734154647
30008.4,4.49444101085
30012.4,4.49444101085
30029.4,4.57055795281
30046.4,4.66476151588
30050.4,4.66476151588
30054.4,4.66476151588
30071.4,4.4283179651
30088.4,4.45421149026
30090.2,4.544227107
30107.2,4.43170396123
30124.2,4.19642705167
30141.2,4.19046536795
30143.0,4.3
30160.0,4.40454310911
30177.0,4.43734154647
30178.8,4.55631429996
30195.8,4.56179789118
30197.6,4.69467783772
30214.6,4.47772263545
30231.6,4.45421149026
30248.6,4.56179789118
30265.6,4.5782092569
30267.4,4.72122865365
30269.2,4.87852436706
30286.2,4.67867502612
30303.2,4.48998886413
30320.2,4.47325384927
30337.2,4.49888875168
30354.2,4.544227107
30356.0,4.71593044902
30373.0,4.53982378513
30390.0,4.55631429996
30407.0,4.41474801093
30424.0,4.472135955
30441.0,4.34626276242
30458.0,4.33128156554
30475.0,4.4283179651
30492.0,4.43170396123
30509.0,4.47772263545
30510.8,4.65188133985
30527.8,4.53982378513
30544.8,4.6432747065
30561.8,4.54862616622
30578.8,4.60434577329
30580.6,4.78434948556
30582.4,4.97594212185
30599.4,5.02095608425
30616.4,4.98397431775
30633.4,5.04479930225
30650.4,4.9638694584
30667.4,4.96084670192
30669.2,5.15363949069
30686.2,5.12737749732
30703.2,5.19615242271
30720.2,5.12737749732
30722.0,5.32541078228
30723.8,5.53263047745
30740.8,5.51724568965
30742.6,5.73149195236
30744.4,5.95315042645
30761.4,6.01747455333
30778.4,6.09590026165
30795.4,6.09015599143
30812.4,6.18061485614
30829.4,6.12290780594
30846.4,6.04648658313
30848.2,6.26178888178
30850.0,6.48382603098
30867.0,6.42261628933
30884.0,6.4218377432
30901.0,6.38827050147
30918.0,6.43117407633
30935.0,6.44127316608
30952.0,6.44980619864
30969.0,6.42572953057
30970.8,6.64529909033
30972.6,6.87095335452
30989.6,6.69626761711
30991.4,6.93181073025
31008.4,6.97423830967
31025.4,7.02922470832
31042.4,7.09647799968
31059.4,7.1056315694
31076.4,7.11336769751
31093.4,7.17565328036
31095.2,7.4
31112.2,7.47060907825
31129.2,7.43236167042
31131.0,7.65832879942
31148.0,7.67072356431
31149.8,7.9
31166.8,7.92212092814
31168.6,8.15414005276
31170.4,8.39047078536
31172.2,8.63075894693
31189.2,8.6
31206.2,8.6029064856
31223.2,8.66256313108
31240.2,8.73212459829
31257.2,8.777243303
31274.2,8.70689382042
31291.2,8.76127844552
31308.2,8.6884981441
31325.2,8.62554346114
31342.2,8.64233764672
31359.2,8.66948672068
31376.2,8.7412813706
31393.2,8.68562030024
31410.2,8.61684396981
31427.2,8.67409937688
31444.2,8.62612311528
31461.2,8.7040220588
31478.2,8.64233764672
31495.2,8.72926113712
31512.2,8.72295821382
31529.2,8.66948672068
31546.2,8.61452262171
31563.2,8.61626369142
31580.2,8.57029754443
31597.2,8.59302042358
31614.2,8.41486779456
31631.2,8.50646812725
31648.2,8.56095789033
31665.2,8.50881895447
31682.2,8.4669947443
31699.2,8.42377587546
31716.2,8.45044377533
31733.2,8.416650165
31750.2,8.38152730712
31767.2,8.35703296631
31784.2,8.41486779456
31801.2,8.2316462509
31803.0,8.44334057112
31820.0,8.37854402626
31837.0,8.4669947443
31854.0,8.43563868359
31871.0,8.37914076741
31872.8,8.59302042358
31889.8,8.52349693494
31906.8,8.49941174435
31923.8,8.52115015711
31940.8,8.47112743382
31957.8,8.52584306682
31974.8,8.34266144585
31991.8,8.27586853448
32008.8,8.2316462509
32025.8,8.25893455598
32042.8,8.29698740508
32059.8,8.26135582093
32076.8,8.30903123114
32093.8,8.28311535595
32110.8,8.25590697622
32127.8,8.21522975942
32144.8,8.14861951499
32161.8,8.12957563468
32178.8,8.10925397309
32195.8,7.91264810288
32212.8,7.90189850606
32229.8,7.95298686029
32246.8,7.93977329651
32248.6,8.14923309275
32265.6,8.19512049942
32282.6,8.15414005276
32299.6,8.12403840464
32316.6,8.19084855189
32333.6,7.99749960925
32350.6,7.98811617342
32367.6,7.93977329651
32384.6,7.91517529812
32386.4,8.12649986156
32403.4,8.08764489824
32420.4,7.89683480896
32437.4,7.87972080724
32454.4,7.92464510246
32471.4,7.89240140895
32488.4,7.88416133777
32505.4,7.92527602043
32522.4,7.90189850606
32539.4,7.81344994225
32541.2,8.02745289616
32558.2,8.02558409089
32575.2,8.07217442824
32592.2,8.05543294926
32609.2,8.09938269253
32611.0,8.31203946093
32628.0,8.2316462509
32645.0,8.22253002427
32662.0,8.27284715198
32679.0,8.32165848855
32696.0,8.32105762509
32713.0,8.3671978583
32714.8,8.57671265696
32731.8,8.57263086806
32748.8,8.62554346114
32765.8,8.63075894693
32782.8,8.63481325797
32799.8,8.64927742647
32816.8,8.56971411425
32833.8,8.61684396981
32850.8,8.67409937688
32852.6,8.87749964799
32869.6,8.93084542471
32871.4,9.13728624921
32888.4,8.94427191
32905.4,9.00499861188
32922.4,8.93084542471
32939.4,8.96716231592
32956.4,9.02441133814
32973.4,8.95823643358
32990.4,8.96883492991
33007.4,8.77553417178
33024.4,8.72696969171
33041.4,8.74585616163
33058.4,8.70631954387
33075.4,8.51410594249
33092.4,8.57671265696
33094.2,8.78692210049
33111.2,8.60464990572
33128.2,8.53522114535
33145.2,8.49941174435
33162.2,8.31925477432
33179.2,8.3880867902
33196.2,8.37197706638
33213.2,8.34266144585
33230.2,8.26377637645
33247.2,8.24378553821
33264.2,8.17373843477
33281.2,8.2
33298.2,8.27345151675
33315.2,8.2
33332.2,8.13695274658
33349.2,8.17067928633
33366.2,8.21522975942
33383.2,8.25832912883
33400.2,8.26377637645
33417.2,8.07217442824
33434.2,8.14923309275
33451.2,8.16333265278
33468.2,8.13941029805
33485.2,8.18779579618
33502.2,8.1614949611
33504.0,8.36420946653
33521.0,8.34805366538
33538.0,8.16088230524
33555.0,8.08022276921
33572.0,8.0099937578
33589.0,8.06287789812
33606.0,8.0024996095
33623.0,7.95298686029
33640.0,7.98999374218
33641.8,8.19817052762
33658.8,8.25590697622
33675.8,8.21522975942
33692.8,8.19756061277
33709.8,8.19084855189
33726.8,8.19512049942
33743.8,8.1614949611
33760.8,8.07712820252
33777.8,8.05294977012
33794.8,8.05232885568
33811.8,8.01311425103
33828.8,8.04735981549
33845.8,8.01810451416
33862.8,8.07465169527
33879.8,8.14186710773
33896.8,8.18290901819
33913.8,8.23468275042
33930.8,8.21218606706
33947.8,8.28552955459
33964.8,8.28492607088
33981.8,8.19817052762
33998.8,8.28009661779
34015.8,8.27586853448
34032.8,8.25832912883
34049.8,8.22739326883
34051.6,8.41189633793
34068.6,8.41486779456
34085.6,8.40476055578
34087.4,8.59360227146
34104.4,8.51116913238
34121.4,8.48587060943
34138.4,8.48292402418
34155.4,8.47879708449
34172.4,8.52056336166
34189.4,8.59592926914
34206.4,8.51821577562
34223.4,8.6029064856
34240.4,8.3809307359
34257.4,8.30963296422
34274.4,8.28492607088
34276.2,8.47407812095
34293.2,8.25590697622
34310.2,8.23953882205
34327.2,8.28251169634
34344.2,8.06783738061
34346.0,8.26801064344
34363.0,8.25893455598
34380.0,8.26075057123
34397.0,8.27345151675
34414.0,8.26075057123
34431.0,8.28311535595
34448.0,8.20731381147
34465.0,8.19084855189
34466.8,8.39047078536
34483.8,8.38391316749
34500.8,8.37615663655
34517.8,8.37914076741
34534.8,8.30903123114
34551.8,8.24924238946
34568.8,8.24863625092
34570.6,8.45044377533
34587.6,8.42377587546
34604.6,8.43148859929
34621.6,8.42614977318
34638.6,8.49058301885
34655.6,8.26801064344
34672.6,8.2710337927
34689.6,8.27284715198
34706.6,8.21279489577
34723.6,7.98999374218
34740.6,7.77238702073
34742.4,7.98498591107
34759.4,8.00562302385
34776.4,8.0124902496
34793.4,8.01810451416
34810.4,8.03492377064
34827.4,8.00062497559
34844.4,8.0024996095
34861.4,7.78781098898
34878.4,7.72269383052
34895.4,7.73369252039
34912.4,7.7045441137
34929.4,7.71297607931
34931.2,7.92464510246
34948.2,7.94292137692
34965.2,7.99749960925
34982.2,7.93788384899
34999.2,7.95235814083
35016.2,8.01560977094
35033.2,8.0399004969
35050.2,8.05046582503
35067.2,8.1215762017
35084.2,8.12957563468
35101.2,8.09938269253
35118.2,8.04300938704
35135.2,8.07217442824
35152.2,8.08764489824
35169.2,8.10185164021
35186.2,8.05294977012
35188.0,8.24863625092
35189.8,8.45044377533
35206.8,8.42377587546
35208.6,8.63075894693
35225.6,8.64869932418
35242.6,8.6075548212
35259.6,8.63481325797
35276.6,8.63770802933
35293.6,8.61626369142
35310.6,8.58195781859
35327.6,8.54634424769
35344.6,8.31925477432
35361.6,8.32826512546
35378.6,8.31203946093
35380.4,8.52056336166
35397.4,8.49058301885
35414.4,8.50646812725
35431.4,8.5094065598
35448.4,8.28492607088
35465.4,8.27345151675
35467.2,8.48763806957
35484.2,8.49764673307
35501.2,8.45931439302
35518.2,8.47879708449
35520.0,8.69482604771
35537.0,8.71148666991
35554.0,8.7040220588
35571.0,8.67236991831
35572.8,8.89044430836
35574.6,9.1131772725
35591.6,9.11262859992
35608.6,9.13290753265
35625.6,9.14111590562
35642.6,9.1043945433
35659.6,9.13236004546
35661.4,9.35360892918
35678.4,9.38935567544
35695.4,9.3600213675
35712.4,9.36162379077
35729.4,9.37283308291
35746.4,9.39361485265
35763.4,9.17660067781
35780.4,8.96437393241
35797.4,8.99388681272
35814.4,9.0
35831.4,8.98276126812
35848.4,9.01997782702
35865.4,9.05593727893
35882.4,9.02441133814
35899.4,9.01387818866
35916.4,9.01332347139
35933.4,9.02274902677
35950.4,8.80681554252
35967.4,8.84816365129
35984.4,8.85437744847
36001.4,8.80284045067
36018.4,8.58836422143
36020.2,8.80965379569
36037.2,8.81135630876
36054.2,8.85720046064
36056.0,9.07964757025
36073.0,9.08900434591
36090.0,9.09725233244
36107.0,9.12633551871
36124.0,9.13236004546
36141.0,9.08240056373
36142.8,9.30376267969
36159.8,9.31718841711
36176.8,9.32952303175
36193.8,9.37283308291
36210.8,9.35093578205
36227.8,9.37069901341
36244.8,9.38935567544
36261.8,9.41753683295
36278.8,9.3701654201
36295.8,9.37496666661
36312.8,9.41063228481
36329.8,9.37069901341
36331.6,9.58331884057
36348.6,9.56294933585
36365.6,9.53100204596
36382.6,9.55039266208
36399.6,9.57914401186
36416.6,9.52312973764
36418.4,9.73652915571
36435.4,9.71030380575
36452.4,9.66229786334
36469.4,9.69587541174
36486.4,9.70772887961
36503.4,9.73909646733
36520.4,9.77957054272
36537.4,9.7575611707
36554.4,9.73447481891
36571.4,9.7205966895
36588.4,9.70566844684
36605.4,9.7
36622.4,9.71390755566
36639.4,9.70618359604
36656.4,9.70772887961
36673.4,9.72882315596
36690.4,9.759098319
36707.4,9.74730732049
36724.4,9.76524449259
36741.4,9.79234394821
36758.4,9.56033472217
36760.2,9.76165969495
36777.2,9.75499871861
36794.2,9.52942810456
36811.2,9.55196314901
36828.2,9.58384056629
36845.2,9.61457227338
36862.2,9.55039266208
36879.2,9.58957767579
36896.2,9.6275645934
36898.0,9.82852990024
36899.8,10.0344406919
36901.6,10.2449987799
36918.6,10.1887192522
36935.6,10.1803732741
36952.6,10.2004901843
36969.6,10.2391405889
36986.6,10.2571925984
37003.6,10.2547549946
37020.6,10.2805641869
37037.6,10.256705124
37054.6,10.3
37071.6,10.3324730825
37088.6,10.3155222844
37105.6,10.2586548826
37122.6,10.2786185842
37139.6,10.229369482
37141.4,10.4312031904
37158.4,10.4096109437
37175.4,10.4350371346
37192.4,10.4690018626
37209.4,10.5019045892
37211.2,10.7032705282
37228.2,10.6869078783
37245.2,10.6789512594
37262.2,10.4522724802
37279.2,10.4899952336
37296.2,10.52663289
37313.2,10.476640683
37330.2,10.4350371346
37347.2,10.4019228992
37364.2,10.4446158378
37366.0,10.6470653234
37383.0,10.640018797
37384.8,10.8461974904
37401.8,10.8834737102
37418.8,10.9288608739
37435.8,10.9
37452.8,10.6752049161
37469.8,10.6531685427
37486.8,10.6395488626
37488.6,10.8485022008
37505.6,10.8240473022
37522.6,10.844814429
37539.6,10.8369737473
37556.6,10.800462953
37573.6,10.7907367682
37590.6,10.7893465975
37607.6,10.8240473022
37624.6,10.7930533215
37641.6,10.7888831674
37658.6,10.7837841225
37675.6,10.8240473022
37692.6,10.7986110218
37709.6,10.8369737473
37726.6,10.8374351209
37743.6,10.8369737473
37760.6,10.8078675047
37777.6,10.8148046677
37794.6,10.8300507847
37811.6,10.8258948822
37828.6,10.8669222874
37845.6,10.8425089347
37862.6,10.8632407688
37879.6,10.8461974904
37896.6,10.855873986
37913.6,10.8921990434
37930.6,10.8816359064
37932.4,11.0706820025
37949.4,11.0945932778
37966.4,11.0634533488
37983.4,11.07655181
38000.4,11.0526015037
38017.4,11.0458136866
38034.4,11.083320802
38051.4,11.0747460467
38068.4,10.8277421469
38085.4,10.8078675047
38102.4,10.796295661
38119.4,10.7930533215
38136.4,10.8351280565
38153.4,10.8577161503
38170.4,10.8701425934
38187.4,10.8908218239
38204.4,10.9197069558
38221.4,10.9476024773
38238.4,10.9927248669
38255.4,11.0458136866
38272.4,11.0706820025
38289.4,11.1036030188
38306.4,11.1445053726
38323.4,11.1216006042
38340.4,11.1157545853
38357.4,11.1
38361.4,11.1
38378.4,11.0923396991
38395.4,11.0927904515
38412.4,11.0742945599
38429.4,10.8171160667
38431.2,10.9890854943
38448.2,10.9767937031
38450.0,11.1534747949
38467.0,11.130588484
38484.0,11.1516814876
38488.0,11.1516814876
38505.0,11.1807870922
38522.0,10.9288608739
38539.0,10.9293183685
38556.0,10.9197069558
38573.0,10.9549075761
38590.0,10.7032705282
38607.0,10.7186752913
38624.0,10.7424392016
38625.8,10.9219961545
38642.8,10.9526252561
38644.6,11.1359777299
38661.6,10.8921990434
38665.6,10.8921990434
38682.6,10.9201648339
38699.6,10.9013760599
38716.6,10.9
38733.6,10.8701425934
38737.6,10.8701425934
38754.6,10.6249705882
38758.6,10.6249705882
38762.6,10.6249705882
38766.6,10.6249705882
38770.6,10.6249705882
38787.6,10.6301458127
38804.6,10.3870111197
38808.6,10.3870111197
38812.6,10.3870111197
38814.4,10.5811152531
38831.4,10.5645634079
38835.4,10.5645634079
38837.2,10.7628992377
38854.2,10.7726505559
38856.0,10.9745159347
38860.0,10.9745159347
38861.8,11.1807870922
38865.8,11.1807870922
38882.8,11.1696016044
38899.8,10.9402925007
38901.6,11.1534747949
38905.6,11.1534747949
38909.6,11.1534747949
38913.6,11.1534747949
38917.6,11.1534747949
38934.6,11.1485425056
38951.6,11.1516814876
38968.6,11.1180034179
38970.4,11.3331372532
38987.4,11.3070774296
39004.4,11.3154761279
39008.4,11.3154761279
39025.4,11.2964596224
39029.4,11.2964596224
39031.2,11.5134703717
39035.2,11.5134703717
39052.2,11.4843371598
39069.2,11.2605506082
39086.2,11.0403804282
39088.0,11.2676528168
39089.8,11.498260738
39093.8,11.498260738
39097.8,11.498260738
39101.8,11.498260738
39118.8,11.2889326333
39135.8,11.2627705295
39139.8,11.2627705295
39143.8,11.2627705295
39147.8,11.2627705295
39149.6,11.4995652092
39153.6,11.4995652092
39170.6,11.498260738
39187.6,11.4786758818
39189.4,11.7170815479
39193.4,11.7170815479
39210.4,11.7046999107
39214.4,11.7046999107
39218.4,11.7046999107
39220.2,11.9452919596
39224.2,11.9452919596
39228.2,11.9452919596
39230.0,12.1885191882
39234.0,12.1885191882
39238.0,12.1885191882
39255.0,11.9920807202
39259.0,11.9920807202
39276.0,11.9682914403
39293.0,11.9603511654
39310.0,11.7660528641
39327.0,11.747765745
39331.0,11.747765745
39348.0,11.7371206009
39365.0,11.5451288429
39369.0,11.5451288429
39373.0,11.5451288429
39377.0,11.5451288429
39381.0,11.5451288429
39385.0,11.5451288429
39389.0,11.5451288429
39406.0,11.3578166916
39410.0,11.3578166916
39414.0,11.3578166916
39418.0,11.3578166916
39422.0,11.3578166916
39426.0,11.3578166916
39427.8,11.6142154277
39431.8,11.6142154277
39435.8,11.6142154277
39439.8,11.6142154277
39443.8,11.6142154277
39460.8,11.4350338871
39464.8,11.4350338871
39468.8,11.4350338871
39472.8,11.4350338871
39476.8,11.4350338871
39480.8,11.4350338871
39484.8,11.4350338871
39488.8,11.4350338871
39492.8,11.4350338871
39496.8,11.4350338871
39500.8,11.4350338871
39504.8,11.4350338871
39521.8,11.2609946275
39523.6,11.5256236274
39527.6,11.5256236274
39531.6,11.5256236274
39535.6,11.5256236274
39539.6,11.5256236274
39543.6,11.5256236274
39547.6,11.5256236274
39551.6,11.5256236274
39553.4,11.7919464042
39555.2,12.0598507453
39559.2,12.0598507453
39563.2,12.0598507453
39567.2,12.0598507453
39571.2,12.0598507453
39575.2,12.0598507453
39592.2,11.9
39596.2,11.9
39600.2,11.9
39604.2,11.9
39621.2,11.745637488
39638.2,11.5969823661
39642.2,11.5969823661
39646.2,11.5969823661
39650.2,11.5969823661
39654.2,11.5969823661
39658.2,11.5969823661
39662.2,11.5969823661
39666.2,11.5969823661
39670.2,11.5969823661
39674.2,11.5969823661
39678.2,11.5969823661
39682.2,11.5969823661
39684.0,11.874342087
39688.0,11.874342087
39689.8,12.1527774603
39693.8,12.1527774603
39710.8,12.0149906367
39714.8,12.0149906367
39718.8,12.0149906367
39722.8,12.0149906367
39726.8,12.0149906367
39730.8,12.0149906367
39734.8,12.0149906367
39751.8,11.8831813922
39755.8,11.8831813922
39759.8,11.8831813922
39763.8,11.8831813922
39765.6,12.1671689394
39769.6,12.1671689394
39773.6,12.1671689394
39777.6,12.1671689394
39781.6,12.1671689394
39785.6,12.1671689394
39789.6,12.1671689394
39793.6,12.1671689394
39797.6,12.1671689394
39801.6,12.1671689394
39805.6,12.1671689394
39822.6,12.0436705368
39824.4,12.3304501134
39828.4,12.3304501134
39832.4,12.3304501134
39836.4,12.3304501134
39840.4,12.3304501134
39857.4,12.2151545221
39861.4,12.2151545221
39865.4,12.2151545221
39869.4,12.2151545221
39873.4,12.2151545221
39877.4,12.2151545221
39881.4,12.2151545221
39885.4,12.2151545221
39889.4,12.2151545221
39893.4,12.2151545221
39897.4,12.2151545221
39901.4,12.2151545221
39905.4,12.2151545221
39909.4,12.2151545221
39913.4,12.2151545221
39917.4,12.2151545221
39934.4,12.1061967603
39938.4,12.1061967603
39942.4,12.1061967603
39946.4,12.1061967603
39950.4,12.1061967603
39967.4,12.0037494142
39971.4,12.0037494142
39973.2,12.2963409192
39990.2,12.2020490083
39994.2,12.2020490083
39996.0,12.4963994815
40000.0,12.4963994815
40001.8,12.7910124697
40005.8,12.7910124697
40022.8,12.7059041394
40026.8,12.7059041394
40030.8,12.7059041394
40034.8,12.7059041394
40038.8,12.7059041394
40055.8,12.6273512662
40057.6,12.9243955371
40059.4,13.2215732801
40061.2,13.5188756929
40078.2,13.449535308
40082.2,13.449535308
40086.2,13.449535308
40090.2,13.449535308
40094.2,13.449535308
40096.0,13.7477270849
40100.0,13.7477270849
40117.0,13.6853936735
40121.0,13.6853936735
40125.0,13.6853936735
40129.0,13.6853936735
40133.0,13.6853936735
40137.0,13.6853936735
40141.0,13.6853936735
40145.0,13.6853936735
40149.0,13.6853936735
40153.0,13.6853936735
40157.0,13.6853936735
40161.0,13.6853936735
40165.0,13.6853936735
40169.0,13.6853936735
40170.8,13.9842768851
40174.8,13.9842768851
40178.8,13.9842768851
40182.8,13.9842768851
40186.8,13.9842768851
40190.8,13.9842768851
40207.8,13.9287472516
40211.8,13.9287472516
40215.8,13.9287472516
40219.8,13.9287472516
40223.8,13.9287472516
40227.8,13.9287472516
40231.8,13.9287472516
40235.8,13.9287472516
40252.8,13.8794812583
40254.6,14.1792101331
40256.4,14.4789502382
40260.4,14.4789502382
40264.4,14.4789502382
40268.4,14.4789502382
40272.4,14.4789502382
40276.4,14.4789502382
40280.4,14.4789502382
40284.4,14.4789502382
40288.4,14.4789502382
40290.2,14.7787008901
40294.2,14.7787008901
40311.2,14.7363496158
40315.2,14.7363496158
40319.2,14.7363496158
40323.2,14.7363496158
40340.2,14.7