Time,RejRate,AcceptRate
127.666666667,0.0,1.0
255.333333333,0.0,1.0
265.809865667,0.333333333333,0.666666666667
393.476532333,0.25,0.75
521.143199,0.2,0.8
648.809865667,0.166666666667,0.833333333333
776.476532333,0.142857142857,0.857142857143
904.143199,0.125,0.875
914.619731333,0.222222222222,0.777777777778
1042.286398,0.2,0.8
1169.95306467,0.181818181818,0.818181818182
1297.61973133,0.166666666667,0.833333333333
1308.09626367,0.230769230769,0.769230769231
1435.76293033,0.214285714286,0.785714285714
1563.429597,0.2,0.8
1573.90612933,0.25,0.75
1584.38266167,0.294117647059,0.705882352941
1594.859194,0.333333333333,0.666666666667
1722.52586067,0.315789473684,0.684210526316
1733.002393,0.35,0.65
1743.47892533,0.380952380952,0.619047619048
1753.95545767,0.409090909091,0.590909090909
1764.43199,0.434782608696,0.565217391304
1774.90852233,0.458333333333,0.541666666667
1785.38505467,0.48,0.52
1795.861587,0.5,0.5
1923.52825367,0.481481481481,0.518518518519
1934.004786,0.5,0.5
2061.67145267,0.48275862069,0.51724137931
2072.147985,0.5,0.5
2199.81465167,0.483870967742,0.516129032258
2327.48131833,0.46875,0.53125
2337.95785067,0.484848484848,0.515151515152
2465.62451733,0.470588235294,0.529411764706
2476.10104967,0.485714285714,0.514285714286
2486.577582,0.5,0.5
2497.05411433,0.513513513514,0.486486486486
2507.53064667,0.526315789474,0.473684210526
2635.19731333,0.512820512821,0.487179487179
2762.86398,0.5,0.5
2890.53064667,0.487804878049,0.512195121951
3018.19731333,0.47619047619,0.52380952381
3145.86398,0.46511627907,0.53488372093
3273.53064667,0.454545454545,0.545454545455
3401.19731333,0.444444444444,0.555555555556
3411.67384567,0.45652173913,0.54347826087
3539.34051233,0.446808510638,0.553191489362
3667.007179,0.4375,0.5625
3794.67384567,0.428571428571,0.571428571429
3922.34051233,0.42,0.58
4050.007179,0.411764705882,0.588235294118
4060.48371133,0.423076923077,0.576923076923
4188.150378,0.415094339623,0.584905660377
4198.62691033,0.425925925926,0.574074074074
4326.293577,0.418181818182,0.581818181818
4453.96024367,0.410714285714,0.589285714286
4581.62691033,0.40350877193,0.59649122807
4709.293577,0.396551724138,0.603448275862
4836.96024367,0.389830508475,0.610169491525
4847.436776,0.4,0.6
4975.10344267,0.393442622951,0.606557377049
5102.77010933,0.387096774194,0.612903225806
5230.436776,0.380952380952,0.619047619048
5240.91330833,0.390625,0.609375
5368.579975,0.384615384615,0.615384615385
5379.05650733,0.393939393939,0.606060606061
5389.53303967,0.402985074627,0.597014925373
5400.009572,0.411764705882,0.588235294118
5410.48610433,0.420289855072,0.579710144928
5420.96263667,0.428571428571,0.571428571429
5548.62930333,0.422535211268,0.577464788732
5559.10583567,0.430555555556,0.569444444444
5569.582368,0.438356164384,0.561643835616
5580.05890033,0.445945945946,0.554054054054
5590.53543267,0.453333333333,0.546666666667
5601.011965,0.460526315789,0.539473684211
5728.67863167,0.454545454545,0.545454545455
5856.34529833,0.448717948718,0.551282051282
5984.011965,0.443037974684,0.556962025316
6111.67863167,0.4375,0.5625
6122.155164,0.444444444444,0.555555555556
6132.63169633,0.451219512195,0.548780487805
6143.10822867,0.457831325301,0.542168674699
6270.77489533,0.452380952381,0.547619047619
6281.25142767,0.458823529412,0.541176470588
6291.72796,0.46511627907,0.53488372093
6302.20449233,0.471264367816,0.528735632184
6429.871159,0.465909090909,0.534090909091
6440.34769133,0.47191011236,0.52808988764
6568.014358,0.466666666667,0.533333333333
6578.49089033,0.472527472527,0.527472527473
6588.96742267,0.478260869565,0.521739130435
6599.443955,0.483870967742,0.516129032258
6727.11062167,0.478723404255,0.521276595745
6737.587154,0.484210526316,0.515789473684
6748.06368633,0.489583333333,0.510416666667
6758.54021867,0.494845360825,0.505154639175
6769.016751,0.5,0.5
6779.49328333,0.505050505051,0.494949494949
6789.96981567,0.51,0.49
6917.63648233,0.50495049505,0.49504950495
6928.11301467,0.509803921569,0.490196078431
6938.589547,0.514563106796,0.485436893204
6949.06607933,0.519230769231,0.480769230769
6959.54261167,0.52380952381,0.47619047619
6970.019144,0.528301886792,0.471698113208
7097.68581067,0.523364485981,0.476635514019
7108.162343,0.527777777778,0.472222222222
7118.63887533,0.532110091743,0.467889908257
7129.11540767,0.536363636364,0.463636363636
7139.59194,0.540540540541,0.459459459459
7150.06847233,0.544642857143,0.455357142857
7160.54500467,0.548672566372,0.451327433628
7171.021537,0.552631578947,0.447368421053
7181.49806933,0.55652173913,0.44347826087
7191.97460167,0.560344827586,0.439655172414
7202.451134,0.564102564103,0.435897435897
7212.92766633,0.567796610169,0.432203389831
7223.40419867,0.571428571429,0.428571428571
7233.880731,0.575,0.425
7244.35726333,0.578512396694,0.421487603306
7254.83379567,0.581967213115,0.418032786885
7265.310328,0.585365853659,0.414634146341
7275.78686033,0.588709677419,0.411290322581
7286.26339267,0.592,0.408
7413.93005933,0.587301587302,0.412698412698
7424.40659167,0.590551181102,0.409448818898
7434.883124,0.59375,0.40625
7445.35965633,0.596899224806,0.403100775194
7455.83618867,0.6,0.4
7466.312721,0.603053435115,0.396946564885
7476.78925333,0.606060606061,0.393939393939
7487.26578567,0.609022556391,0.390977443609
7497.742318,0.611940298507,0.388059701493
7508.21885033,0.614814814815,0.385185185185
7518.69538267,0.617647058824,0.382352941176
7529.171915,0.620437956204,0.379562043796
7539.64844733,0.623188405797,0.376811594203
7550.12497967,0.625899280576,0.374100719424
7560.601512,0.628571428571,0.371428571429
7571.07804433,0.631205673759,0.368794326241
7698.744711,0.62676056338,0.37323943662
7709.22124333,0.629370629371,0.370629370629
7719.69777567,0.631944444444,0.368055555556
7730.174308,0.634482758621,0.365517241379
7857.84097467,0.630136986301,0.369863013699
7985.50764133,0.625850340136,0.374149659864
8113.174308,0.621621621622,0.378378378378
8240.84097467,0.61744966443,0.38255033557
8368.50764133,0.613333333333,0.386666666667
8378.98417367,0.615894039735,0.384105960265
8506.65084033,0.611842105263,0.388157894737
8517.12737267,0.614379084967,0.385620915033
8644.79403933,0.61038961039,0.38961038961
8655.27057167,0.612903225806,0.387096774194
8782.93723833,0.608974358974,0.391025641026
8793.41377067,0.611464968153,0.388535031847
8803.890303,0.613924050633,0.386075949367
8931.55696967,0.610062893082,0.389937106918
8942.033502,0.6125,0.3875
8952.51003433,0.614906832298,0.385093167702
9080.176701,0.611111111111,0.388888888889
9207.84336767,0.60736196319,0.39263803681
9218.3199,0.609756097561,0.390243902439
9228.79643233,0.612121212121,0.387878787879
9239.27296467,0.614457831325,0.385542168675
9249.749497,0.616766467066,0.383233532934
9260.22602933,0.619047619048,0.380952380952
9270.70256167,0.621301775148,0.378698224852
9281.179094,0.623529411765,0.376470588235
9291.65562633,0.625730994152,0.374269005848
9419.322293,0.622093023256,0.377906976744
9546.98895967,0.618497109827,0.381502890173
9557.465492,0.620689655172,0.379310344828
9685.13215867,0.617142857143,0.382857142857
9695.608691,0.619318181818,0.380681818182
9823.27535767,0.61581920904,0.38418079096
9950.94202433,0.612359550562,0.387640449438
10078.608691,0.608938547486,0.391061452514
10206.2753577,0.605555555556,0.394444444444
10333.9420243,0.602209944751,0.397790055249
10344.4185567,0.604395604396,0.395604395604
10354.895089,0.606557377049,0.393442622951
10365.3716213,0.608695652174,0.391304347826
10375.8481537,0.610810810811,0.389189189189
10503.5148203,0.60752688172,0.39247311828
10513.9913527,0.609625668449,0.390374331551
10641.6580193,0.606382978723,0.393617021277
10652.1345517,0.608465608466,0.391534391534
10779.8012183,0.605263157895,0.394736842105
10790.2777507,0.607329842932,0.392670157068
10800.754283,0.609375,0.390625
10811.2308153,0.611398963731,0.388601036269
10821.7073477,0.613402061856,0.386597938144
10832.18388,0.615384615385,0.384615384615
10842.6604123,0.617346938776,0.382653061224
10853.1369447,0.619289340102,0.380710659898
10863.613477,0.621212121212,0.378787878788
10874.0900093,0.623115577889,0.376884422111
10884.5665417,0.625,0.375
10895.043074,0.626865671642,0.373134328358
10905.5196063,0.628712871287,0.371287128713
10915.9961387,0.630541871921,0.369458128079
10926.472671,0.632352941176,0.367647058824
10936.9492033,0.634146341463,0.365853658537
10947.4257357,0.635922330097,0.364077669903
10957.902268,0.63768115942,0.36231884058
10968.3788003,0.639423076923,0.360576923077
10978.8553327,0.641148325359,0.358851674641
10989.331865,0.642857142857,0.357142857143
10999.8083973,0.644549763033,0.355450236967
11010.2849297,0.646226415094,0.353773584906
11020.761462,0.647887323944,0.352112676056
11031.2379943,0.64953271028,0.35046728972
11041.7145267,0.651162790698,0.348837209302
11052.191059,0.652777777778,0.347222222222
11062.6675913,0.654377880184,0.345622119816
11073.1441237,0.655963302752,0.344036697248
11083.620656,0.657534246575,0.342465753425
11094.0971883,0.659090909091,0.340909090909
11221.763855,0.656108597285,0.343891402715
11349.4305217,0.653153153153,0.346846846847
11359.907054,0.654708520179,0.345291479821
11487.5737207,0.651785714286,0.348214285714
11615.2403873,0.648888888889,0.351111111111
11742.907054,0.646017699115,0.353982300885
11753.3835863,0.647577092511,0.352422907489
11881.050253,0.644736842105,0.355263157895
11891.5267853,0.646288209607,0.353711790393
11902.0033177,0.647826086957,0.352173913043
12029.6699843,0.645021645022,0.354978354978
12157.336651,0.64224137931,0.35775862069
12167.8131833,0.643776824034,0.356223175966
12178.2897157,0.645299145299,0.354700854701
12188.766248,0.646808510638,0.353191489362
12199.2427803,0.648305084746,0.351694915254
12209.7193127,0.649789029536,0.350210970464
12220.195845,0.651260504202,0.348739495798
12230.6723773,0.652719665272,0.347280334728
12241.1489097,0.654166666667,0.345833333333
12368.8155763,0.651452282158,0.348547717842
12379.2921087,0.652892561983,0.347107438017
12389.768641,0.654320987654,0.345679012346
12400.2451733,0.655737704918,0.344262295082
12410.7217057,0.657142857143,0.342857142857
12421.198238,0.658536585366,0.341463414634
12431.6747703,0.65991902834,0.34008097166
12442.1513027,0.661290322581,0.338709677419
12569.8179693,0.658634538153,0.341365461847
12580.2945017,0.66,0.34
12590.771034,0.661354581673,0.338645418327
12601.2475663,0.662698412698,0.337301587302
12728.914233,0.660079051383,0.339920948617
12739.3907653,0.661417322835,0.338582677165
12749.8672977,0.662745098039,0.337254901961
12760.34383,0.6640625,0.3359375
12770.8203623,0.665369649805,0.334630350195
12781.2968947,0.666666666667,0.333333333333
12791.773427,0.667953667954,0.332046332046
12802.2499593,0.669230769231,0.330769230769
12812.7264917,0.670498084291,0.329501915709
12823.203024,0.671755725191,0.328244274809
12833.6795563,0.673003802281,0.326996197719
12844.1560887,0.674242424242,0.325757575758
12854.632621,0.675471698113,0.324528301887
12865.1091533,0.676691729323,0.323308270677
12875.5856857,0.677902621723,0.322097378277
12886.062218,0.679104477612,0.320895522388
12896.5387503,0.68029739777,0.31970260223
12907.0152827,0.681481481481,0.318518518519
12917.491815,0.682656826568,0.317343173432
12927.9683473,0.683823529412,0.316176470588
12938.4448797,0.684981684982,0.315018315018
12948.921412,0.686131386861,0.313868613139
12959.3979443,0.687272727273,0.312727272727
12969.8744767,0.688405797101,0.311594202899
13097.5411433,0.685920577617,0.314079422383
13108.0176757,0.687050359712,0.312949640288
13118.494208,0.688172043011,0.311827956989
13128.9707403,0.689285714286,0.310714285714
13139.4472727,0.690391459075,0.309608540925
13149.923805,0.691489361702,0.308510638298
13160.4003373,0.6925795053,0.3074204947
13170.8768697,0.693661971831,0.306338028169
13181.353402,0.694736842105,0.305263157895
13191.8299343,0.695804195804,0.304195804196
13202.3064667,0.696864111498,0.303135888502
13212.782999,0.697916666667,0.302083333333
13223.2595313,0.698961937716,0.301038062284
13233.7360637,0.7,0.3
13244.212596,0.701030927835,0.298969072165
13254.6891283,0.702054794521,0.297945205479
13265.1656607,0.703071672355,0.296928327645
13275.642193,0.704081632653,0.295918367347
13286.1187253,0.705084745763,0.294915254237
13296.5952577,0.706081081081,0.293918918919
13307.07179,0.707070707071,0.292929292929
13317.5483223,0.708053691275,0.291946308725
13328.0248547,0.709030100334,0.290969899666
13338.501387,0.71,0.29
13348.9779193,0.71096345515,0.28903654485
13359.4544517,0.711920529801,0.288079470199
13369.930984,0.712871287129,0.287128712871
13380.4075163,0.713815789474,0.286184210526
13390.8840487,0.714754098361,0.285245901639
13401.360581,0.71568627451,0.28431372549
13529.0272477,0.71335504886,0.28664495114
13656.6939143,0.711038961039,0.288961038961
13784.360581,0.708737864078,0.291262135922
13794.8371133,0.709677419355,0.290322580645
13922.50378,0.707395498392,0.292604501608
14050.1704467,0.705128205128,0.294871794872
14177.8371133,0.702875399361,0.297124600639
14188.3136457,0.703821656051,0.296178343949
14315.9803123,0.701587301587,0.298412698413
14326.4568447,0.70253164557,0.29746835443
14454.1235113,0.700315457413,0.299684542587
14581.790178,0.698113207547,0.301886792453
14709.4568447,0.69592476489,0.30407523511
14837.1235113,0.69375,0.30625
14847.6000437,0.694704049844,0.305295950156
14858.076576,0.695652173913,0.304347826087
14985.7432427,0.693498452012,0.306501547988
15113.4099093,0.691358024691,0.308641975309
15241.076576,0.689230769231,0.310769230769
15368.7432427,0.687116564417,0.312883435583
15379.219775,0.688073394495,0.311926605505
15389.6963073,0.689024390244,0.310975609756
15400.1728397,0.689969604863,0.310030395137
15527.8395063,0.687878787879,0.312121212121
15655.506173,0.68580060423,0.31419939577
15665.9827053,0.686746987952,0.313253012048
15676.4592377,0.687687687688,0.312312312312
15686.93577,0.688622754491,0.311377245509
15697.4123023,0.689552238806,0.310447761194
15707.8888347,0.690476190476,0.309523809524
15835.5555013,0.688427299703,0.311572700297
15846.0320337,0.689349112426,0.310650887574
15856.508566,0.690265486726,0.309734513274
15984.1752327,0.688235294118,0.311764705882
15994.651765,0.689149560117,0.310850439883
16122.3184317,0.687134502924,0.312865497076
16249.9850983,0.685131195335,0.314868804665
16377.651765,0.683139534884,0.316860465116
16505.3184317,0.68115942029,0.31884057971
16515.794964,0.682080924855,0.317919075145
16526.2714963,0.682997118156,0.317002881844
16536.7480287,0.683908045977,0.316091954023
16664.4146953,0.681948424069,0.318051575931
16792.081362,0.68,0.32
16802.5578943,0.680911680912,0.319088319088
16930.224561,0.678977272727,0.321022727273
17057.8912277,0.677053824363,0.322946175637
17185.5578943,0.675141242938,0.324858757062
17313.224561,0.67323943662,0.32676056338
17323.7010933,0.674157303371,0.325842696629
17334.1776257,0.675070028011,0.324929971989
17461.8442923,0.673184357542,0.326815642458
17589.510959,0.671309192201,0.328690807799
17717.1776257,0.669444444444,0.330555555556
17727.654158,0.670360110803,0.329639889197
17738.1306903,0.671270718232,0.328729281768
17748.6072227,0.67217630854,0.32782369146
17759.083755,0.673076923077,0.326923076923
17769.5602873,0.67397260274,0.32602739726
17780.0368197,0.674863387978,0.325136612022
17790.513352,0.675749318801,0.324250681199
17800.9898843,0.676630434783,0.323369565217
17811.4664167,0.677506775068,0.322493224932
17821.942949,0.678378378378,0.321621621622
17832.4194813,0.679245283019,0.320754716981
17842.8960137,0.680107526882,0.319892473118
17853.372546,0.680965147453,0.319034852547
17863.8490783,0.681818181818,0.318181818182
17874.3256107,0.682666666667,0.317333333333
17884.802143,0.683510638298,0.316489361702
17895.2786753,0.684350132626,0.315649867374
17905.7552077,0.685185185185,0.314814814815
17916.23174,0.686015831135,0.313984168865
17926.7082723,0.686842105263,0.313157894737
17937.1848047,0.687664041995,0.312335958005
17947.661337,0.688481675393,0.311518324607
17958.1378693,0.689295039164,0.310704960836
17968.6144017,0.690104166667,0.309895833333
17979.090934,0.690909090909,0.309090909091
17989.5674663,0.69170984456,0.30829015544
18000.0439987,0.692506459948,0.307493540052
18010.520531,0.693298969072,0.306701030928
18138.1871977,0.691516709512,0.308483290488
18148.66373,0.692307692308,0.307692307692
18159.1402623,0.693094629156,0.306905370844
18286.806929,0.691326530612,0.308673469388
18414.4735957,0.689567430025,0.310432569975
18542.1402623,0.687817258883,0.312182741117
18669.806929,0.686075949367,0.313924050633
18680.2834613,0.686868686869,0.313131313131
18690.7599937,0.68765743073,0.31234256927
18818.4266603,0.685929648241,0.314070351759
18828.9031927,0.68671679198,0.31328320802
18839.379725,0.6875,0.3125
18967.0463917,0.68578553616,0.31421446384
19094.7130583,0.68407960199,0.31592039801
19105.1895907,0.684863523573,0.315136476427
19115.666123,0.685643564356,0.314356435644
19243.3327897,0.683950617284,0.316049382716
19253.809322,0.684729064039,0.315270935961
19264.2858543,0.685503685504,0.314496314496
19391.952521,0.683823529412,0.316176470588
19519.6191877,0.682151589242,0.317848410758
19530.09572,0.682926829268,0.317073170732
19540.5722523,0.683698296837,0.316301703163
19551.0487847,0.684466019417,0.315533980583
19678.7154513,0.682808716707,0.317191283293
19806.382118,0.68115942029,0.31884057971
19934.0487847,0.679518072289,0.320481927711
20061.7154513,0.677884615385,0.322115384615
20189.382118,0.676258992806,0.323741007194
20199.8586503,0.677033492823,0.322966507177
20210.3351827,0.677804295943,0.322195704057
20338.0018493,0.67619047619,0.32380952381
20465.668516,0.67458432304,0.32541567696
20593.3351827,0.672985781991,0.327014218009
20603.811715,0.673758865248,0.326241134752
20731.4783817,0.672169811321,0.327830188679
20741.954914,0.672941176471,0.327058823529
20869.6215807,0.671361502347,0.328638497653
20997.2882473,0.669789227166,0.330210772834
21007.7647797,0.670560747664,0.329439252336
21018.241312,0.671328671329,0.328671328671
21028.7178443,0.672093023256,0.327906976744
21039.1943767,0.672853828306,0.327146171694
21049.670909,0.673611111111,0.326388888889
21060.1474413,0.674364896074,0.325635103926
21187.814108,0.672811059908,0.327188940092
21198.2906403,0.673563218391,0.326436781609
21208.7671727,0.674311926606,0.325688073394
21219.243705,0.675057208238,0.324942791762
21229.7202373,0.675799086758,0.324200913242
21240.1967697,0.676537585421,0.323462414579
21367.8634363,0.675,0.325
21495.530103,0.673469387755,0.326530612245
21623.1967697,0.671945701357,0.328054298643
21750.8634363,0.670428893905,0.329571106095
21761.3399687,0.671171171171,0.328828828829
21771.816501,0.67191011236,0.32808988764
21899.4831677,0.670403587444,0.329596412556
22027.1498343,0.668903803132,0.331096196868
22154.816501,0.667410714286,0.332589285714
22282.4831677,0.665924276169,0.334075723831
22410.1498343,0.664444444444,0.335555555556
22537.816501,0.662971175166,0.337028824834
22665.4831677,0.661504424779,0.338495575221
22675.9597,0.662251655629,0.337748344371
22686.4362323,0.662995594714,0.337004405286
22814.102899,0.661538461538,0.338461538462
22941.7695657,0.660087719298,0.339912280702
23069.4362323,0.658643326039,0.341356673961
23079.9127647,0.659388646288,0.340611353712
23090.389297,0.660130718954,0.339869281046
23100.8658293,0.660869565217,0.339130434783
23228.532496,0.659436008677,0.340563991323
23356.1991627,0.658008658009,0.341991341991
23366.675695,0.658747300216,0.341252699784
23377.1522273,0.659482758621,0.340517241379
23504.818894,0.658064516129,0.341935483871
23515.2954263,0.658798283262,0.341201716738
23525.7719587,0.659528907923,0.340471092077
23536.248491,0.660256410256,0.339743589744
23546.7250233,0.660980810235,0.339019189765
23557.2015557,0.66170212766,0.33829787234
23684.8682223,0.660297239915,0.339702760085
23695.3447547,0.661016949153,0.338983050847
23705.821287,0.661733615222,0.338266384778
23716.2978193,0.662447257384,0.337552742616
23726.7743517,0.663157894737,0.336842105263
23737.250884,0.663865546218,0.336134453782
23747.7274163,0.664570230608,0.335429769392
23875.394083,0.663179916318,0.336820083682
24003.0607497,0.661795407098,0.338204592902
24130.7274163,0.660416666667,0.339583333333
24258.394083,0.659043659044,0.340956340956
24386.0607497,0.657676348548,0.342323651452
24513.7274163,0.656314699793,0.343685300207
24641.394083,0.654958677686,0.345041322314
24651.8706153,0.655670103093,0.344329896907
24662.3471477,0.656378600823,0.343621399177
24790.0138143,0.655030800821,0.344969199179
24917.680481,0.65368852459,0.34631147541
25045.3471477,0.652351738241,0.347648261759
25173.0138143,0.651020408163,0.348979591837
25183.4903467,0.651731160896,0.348268839104
25311.1570133,0.650406504065,0.349593495935
25321.6335457,0.651115618661,0.348884381339
25332.110078,0.651821862348,0.348178137652
25459.7767447,0.650505050505,0.349494949495
25470.253277,0.651209677419,0.348790322581
25480.7298093,0.651911468813,0.348088531187
25491.2063417,0.652610441767,0.347389558233
25501.682874,0.653306613226,0.346693386774
25512.1594063,0.654,0.346
25639.826073,0.652694610778,0.347305389222
25650.3026053,0.653386454183,0.346613545817
25777.969272,0.652087475149,0.347912524851
25905.6359387,0.650793650794,0.349206349206
26033.3026053,0.649504950495,0.350495049505
26160.969272,0.648221343874,0.351778656126
26288.6359387,0.646942800789,0.353057199211
26299.112471,0.647637795276,0.352362204724
26426.7791377,0.646365422397,0.353634577603
26437.25567,0.647058823529,0.352941176471
26447.7322023,0.647749510763,0.352250489237
26458.2087347,0.6484375,0.3515625
26468.685267,0.649122807018,0.350877192982
26596.3519337,0.647859922179,0.352140077821
26724.0186003,0.646601941748,0.353398058252
26734.4951327,0.647286821705,0.352713178295
26744.971665,0.647969052224,0.352030947776
26755.4481973,0.648648648649,0.351351351351
26765.9247297,0.649325626204,0.350674373796
26893.5913963,0.648076923077,0.351923076923
26904.0679287,0.648752399232,0.351247600768
26914.544461,0.649425287356,0.350574712644
26925.0209933,0.650095602294,0.349904397706
26935.4975257,0.650763358779,0.349236641221
27063.1641923,0.649523809524,0.350476190476
27190.830859,0.648288973384,0.351711026616
27201.3073913,0.648956356736,0.351043643264
27211.7839237,0.649621212121,0.350378787879
27222.260456,0.650283553875,0.349716446125
27232.7369883,0.650943396226,0.349056603774
27360.403655,0.649717514124,0.350282485876
27488.0703217,0.648496240602,0.351503759398
27615.7369883,0.647279549719,0.352720450281
27743.403655,0.64606741573,0.35393258427
27871.0703217,0.644859813084,0.355140186916
27881.546854,0.64552238806,0.35447761194
27892.0233863,0.646182495345,0.353817504655
27902.4999187,0.646840148699,0.353159851301
27912.976451,0.647495361781,0.352504638219
27923.4529833,0.648148148148,0.351851851852
27933.9295157,0.648798521257,0.351201478743
28061.5961823,0.647601476015,0.352398523985
28072.0727147,0.648250460405,0.351749539595
28082.549247,0.648897058824,0.351102941176
28093.0257793,0.649541284404,0.350458715596
28220.692446,0.648351648352,0.351648351648
28348.3591127,0.647166361974,0.352833638026
28358.835645,0.647810218978,0.352189781022
28369.3121773,0.648451730419,0.351548269581
28496.978844,0.647272727273,0.352727272727
28507.4553763,0.647912885662,0.352087114338
28517.9319087,0.648550724638,0.351449275362
28645.5985753,0.647377938517,0.352622061483
28773.265242,0.646209386282,0.353790613718
28900.9319087,0.645045045045,0.354954954955
29028.5985753,0.643884892086,0.356115107914
29156.265242,0.642728904847,0.357271095153
29166.7417743,0.643369175627,0.356630824373
29177.2183067,0.644007155635,0.355992844365
29304.8849733,0.642857142857,0.357142857143
29432.55164,0.641711229947,0.358288770053
29443.0281723,0.642348754448,0.357651245552
29453.5047047,0.64298401421,0.35701598579
29463.981237,0.643617021277,0.356382978723
29474.4577693,0.644247787611,0.355752212389
29484.9343017,0.644876325088,0.355123674912
29495.410834,0.645502645503,0.354497354497
29505.8873663,0.646126760563,0.353873239437
29633.554033,0.644991212654,0.355008787346
29761.2206997,0.643859649123,0.356140350877
29888.8873663,0.642732049037,0.357267950963
29899.3638987,0.643356643357,0.356643356643
29909.840431,0.643979057592,0.356020942408
30037.5070977,0.642857142857,0.357142857143
30165.1737643,0.641739130435,0.358260869565
30292.840431,0.640625,0.359375
30420.5070977,0.639514731369,0.360485268631
30430.98363,0.640138408304,0.359861591696
30558.6502967,0.639032815199,0.360967184801
30686.3169633,0.637931034483,0.362068965517
30813.98363,0.636833046472,0.363166953528
30824.4601623,0.637457044674,0.362542955326
30834.9366947,0.63807890223,0.36192109777
30962.6033613,0.63698630137,0.36301369863
31090.270028,0.635897435897,0.364102564103
31217.9366947,0.634812286689,0.365187713311
31228.413227,0.635434412266,0.364565587734
31356.0798937,0.634353741497,0.365646258503
31366.556426,0.634974533107,0.365025466893
31377.0329583,0.635593220339,0.364406779661
31387.5094907,0.636209813875,0.363790186125
31397.986023,0.636824324324,0.363175675676
31408.4625553,0.637436762226,0.362563237774
31418.9390877,0.638047138047,0.361952861953
31429.41562,0.638655462185,0.361344537815
31439.8921523,0.639261744966,0.360738255034
31450.3686847,0.63986599665,0.36013400335
31460.845217,0.640468227425,0.359531772575
31588.5118837,0.639398998331,0.360601001669
31598.988416,0.64,0.36
31609.4649483,0.640599001664,0.359400998336
31619.9414807,0.641196013289,0.358803986711
31630.418013,0.641791044776,0.358208955224
31640.8945453,0.64238410596,0.35761589404
31651.3710777,0.642975206612,0.357024793388
31661.84761,0.643564356436,0.356435643564
31672.3241423,0.644151565074,0.355848434926
31682.8006747,0.644736842105,0.355263157895
31693.277207,0.645320197044,0.354679802956
31703.7537393,0.645901639344,0.354098360656
31714.2302717,0.646481178396,0.353518821604
31724.706804,0.647058823529,0.352941176471
31852.3734707,0.646003262643,0.353996737357
31862.850003,0.64657980456,0.35342019544
31873.3265353,0.647154471545,0.352845528455
31883.8030677,0.647727272727,0.352272727273
31894.2796,0.64829821718,0.35170178282
31904.7561323,0.648867313916,0.351132686084
31915.2326647,0.64943457189,0.35056542811
31925.709197,0.65,0.35
31936.1857293,0.650563607085,0.349436392915
31946.6622617,0.651125401929,0.348874598071
31957.138794,0.651685393258,0.348314606742
31967.6153263,0.652243589744,0.347756410256
31978.0918587,0.6528,0.3472
31988.568391,0.653354632588,0.346645367412
31999.0449233,0.653907496013,0.346092503987
32009.5214557,0.654458598726,0.345541401274
32019.997988,0.655007949126,0.344992050874
32030.4745203,0.655555555556,0.344444444444
32040.9510527,0.656101426307,0.343898573693
32051.427585,0.65664556962,0.34335443038
32061.9041173,0.657187993681,0.342812006319
32072.3806497,0.657728706625,0.342271293375
32082.857182,0.658267716535,0.341732283465
32093.3337143,0.658805031447,0.341194968553
32103.8102467,0.659340659341,0.340659340659
32114.286779,0.65987460815,0.34012539185
32124.7633113,0.660406885759,0.339593114241
32135.2398437,0.6609375,0.3390625
32145.716376,0.661466458658,0.338533541342
32273.3830427,0.660436137072,0.339563862928
32283.859575,0.660964230171,0.339035769829
32294.3361073,0.66149068323,0.33850931677
32304.8126397,0.662015503876,0.337984496124
32315.289172,0.66253869969,0.33746130031
32325.7657043,0.663060278207,0.336939721793
32336.2422367,0.663580246914,0.336419753086
32463.9089033,0.662557781202,0.337442218798
32474.3854357,0.663076923077,0.336923076923
32484.861968,0.663594470046,0.336405529954
32612.5286347,0.662576687117,0.337423312883
32740.1953013,0.66156202144,0.33843797856
32867.861968,0.660550458716,0.339449541284
32995.5286347,0.659541984733,0.340458015267
33123.1953013,0.658536585366,0.341463414634
33250.861968,0.657534246575,0.342465753425
33378.5286347,0.656534954407,0.343465045593
33506.1953013,0.655538694992,0.344461305008
33516.6718337,0.656060606061,0.343939393939
33527.148366,0.656580937973,0.343419062027
33537.6248983,0.657099697885,0.342900302115
33548.1014307,0.657616892911,0.342383107089
33558.577963,0.65813253012,0.34186746988
33686.2446297,0.657142857143,0.342857142857
33696.721162,0.657657657658,0.342342342342
33824.3878287,0.656671664168,0.343328335832
33952.0544953,0.655688622754,0.344311377246
34079.721162,0.654708520179,0.345291479821
34207.3878287,0.653731343284,0.346268656716
34335.0544953,0.652757078987,0.347242921013
34462.721162,0.651785714286,0.348214285714
34473.1976943,0.652303120357,0.347696879643
34483.6742267,0.652818991098,0.347181008902
34494.150759,0.653333333333,0.346666666667
34504.6272913,0.653846153846,0.346153846154
34515.1038237,0.65435745938,0.34564254062
34642.7704903,0.653392330383,0.346607669617
34653.2470227,0.653902798233,0.346097201767
34663.723555,0.654411764706,0.345588235294
34791.3902217,0.653450807636,0.346549192364
34801.866754,0.653958944282,0.346041055718
34812.3432863,0.654465592972,0.345534407028
34822.8198187,0.654970760234,0.345029239766
34833.296351,0.655474452555,0.344525547445
34843.7728833,0.655976676385,0.344023323615
34854.2494157,0.656477438137,0.343522561863
34864.725948,0.656976744186,0.343023255814
34875.2024803,0.657474600871,0.342525399129
34885.6790127,0.657971014493,0.342028985507
34896.155545,0.658465991317,0.341534008683
34906.6320773,0.658959537572,0.341040462428
34917.1086097,0.659451659452,0.340548340548
34927.585142,0.659942363112,0.340057636888
35055.2518087,0.658992805755,0.341007194245
35065.728341,0.659482758621,0.340517241379
35076.2048733,0.659971305595,0.340028694405
35086.6814057,0.660458452722,0.339541547278
35214.3480723,0.659513590844,0.340486409156
35224.8246047,0.66,0.34
35235.301137,0.660485021398,0.339514978602
35245.7776693,0.660968660969,0.339031339031
35256.2542017,0.661450924609,0.338549075391
35266.730734,0.661931818182,0.338068181818
35277.2072663,0.662411347518,0.337588652482
35404.873933,0.661473087819,0.338526912181
35532.5405997,0.66053748232,0.33946251768
35543.017132,0.661016949153,0.338983050847
35553.4936643,0.66149506347,0.33850493653
35563.9701967,0.661971830986,0.338028169014
35691.6368633,0.661040787623,0.338959212377
35819.30353,0.660112359551,0.339887640449
35946.9701967,0.659186535764,0.340813464236
35957.446729,0.659663865546,0.340336134454
35967.9232613,0.66013986014,0.33986013986
36095.589928,0.659217877095,0.340782122905
36223.2565947,0.65829846583,0.34170153417
36350.9232613,0.657381615599,0.342618384401
36478.589928,0.656467315716,0.343532684284
36489.0664603,0.656944444444,0.343055555556
36616.733127,0.656033287101,0.343966712899
36627.2096593,0.656509695291,0.343490304709
36754.876326,0.655601659751,0.344398340249
36882.5429927,0.654696132597,0.345303867403
37010.2096593,0.653793103448,0.346206896552
37137.876326,0.652892561983,0.347107438017
37265.5429927,0.651994497937,0.348005502063
37276.019525,0.652472527473,0.347527472527
37403.6861917,0.651577503429,0.348422496571
37531.3528583,0.650684931507,0.349315068493
37659.019525,0.649794801642,0.350205198358
37786.6861917,0.648907103825,0.351092896175
37914.3528583,0.648021828104,0.351978171896
37924.8293907,0.648501362398,0.351498637602
37935.305923,0.648979591837,0.351020408163
37945.7824553,0.649456521739,0.350543478261
37956.2589877,0.649932157395,0.350067842605
37966.73552,0.650406504065,0.349593495935
38094.4021867,0.649526387009,0.350473612991
38104.878719,0.65,0.35
38115.3552513,0.650472334683,0.349527665317
38243.021918,0.649595687332,0.350404312668
38253.4984503,0.650067294751,0.349932705249
38381.165117,0.649193548387,0.350806451613
38508.8317837,0.648322147651,0.351677852349
38519.308316,0.648793565684,0.351206434316
38529.7848483,0.649263721553,0.350736278447
38540.2613807,0.649732620321,0.350267379679
38550.737913,0.650200267023,0.349799732977
38561.2144453,0.650666666667,0.349333333333
38571.6909777,0.651131824234,0.348868175766
38582.16751,0.651595744681,0.348404255319
38592.6440423,0.652058432935,0.347941567065
38603.1205747,0.652519893899,0.347480106101
38613.597107,0.65298013245,0.34701986755
38624.0736393,0.653439153439,0.346560846561
38634.5501717,0.653896961691,0.346103038309
38645.026704,0.654353562005,0.345646437995
38772.6933707,0.6534914361,0.3465085639
38783.169903,0.653947368421,0.346052631579
38793.6464353,0.654402102497,0.345597897503
38804.1229677,0.654855643045,0.345144356955
38814.5995,0.655307994758,0.344692005242
38825.0760323,0.655759162304,0.344240837696
38835.5525647,0.656209150327,0.343790849673
38846.029097,0.656657963446,0.343342036554
38856.5056293,0.657105606258,0.342894393742
38866.9821617,0.657552083333,0.342447916667
38877.458694,0.65799739922,0.34200260078
38887.9352263,0.658441558442,0.341558441558
38898.4117587,0.658884565499,0.341115434501
38908.888291,0.65932642487,0.34067357513
38919.3648233,0.659767141009,0.340232858991
38929.8413557,0.660206718346,0.339793281654
38940.317888,0.66064516129,0.33935483871
38950.7944203,0.661082474227,0.338917525773
38961.2709527,0.661518661519,0.338481338481
38971.747485,0.661953727506,0.338046272494
38982.2240173,0.662387676508,0.337612323492
38992.7005497,0.662820512821,0.337179487179
39003.177082,0.663252240717,0.336747759283
39013.6536143,0.66368286445,0.33631713555
39024.1301467,0.66411238825,0.33588761175
39034.606679,0.664540816327,0.335459183673
39045.0832113,0.664968152866,0.335031847134
39055.5597437,0.665394402036,0.334605597964
39066.036276,0.66581956798,0.33418043202
39076.5128083,0.666243654822,0.333756345178
39086.9893407,0.666666666667,0.333333333333
39097.465873,0.667088607595,0.332911392405
39107.9424053,0.667509481669,0.332490518331
39118.4189377,0.667929292929,0.332070707071
39128.89547,0.668348045397,0.331651954603
39139.3720023,0.668765743073,0.331234256927
39149.8485347,0.669182389937,0.330817610063
39160.325067,0.66959798995,0.33040201005
39170.8015993,0.670012547051,0.329987452949
39181.2781317,0.670426065163,0.329573934837
39191.754664,0.670838548185,0.329161451815
39202.2311963,0.67125,0.32875
39212.7077287,0.671660424469,0.328339575531
39223.184261,0.672069825436,0.327930174564
39233.6607933,0.672478206725,0.327521793275
39244.1373257,0.672885572139,0.327114427861
39254.613858,0.673291925466,0.326708074534
39265.0903903,0.673697270471,0.326302729529
39392.757057,0.672862453532,0.327137546468
39520.4237237,0.67202970297,0.32797029703
39648.0903903,0.671199011125,0.328800988875
39775.757057,0.67037037037,0.32962962963
39903.4237237,0.66954377312,0.33045622688
40031.0903903,0.668719211823,0.331280788177
40041.5669227,0.669126691267,0.330873308733
40169.2335893,0.668304668305,0.331695331695
40296.900256,0.667484662577,0.332515337423
40424.5669227,0.666666666667,0.333333333333
40552.2335893,0.665850673195,0.334149326805
40679.900256,0.665036674817,0.334963325183
40690.3767883,0.665445665446,0.334554334554
40818.043455,0.664634146341,0.335365853659
40945.7101217,0.663824604141,0.336175395859
41073.3767883,0.66301703163,0.33698296837
41083.8533207,0.663426488457,0.336573511543
41094.329853,0.663834951456,0.336165048544
41104.8063853,0.664242424242,0.335757575758
41232.473052,0.663438256659,0.336561743341
41242.9495843,0.6638452237,0.3361547763
41253.4261167,0.664251207729,0.335748792271
41263.902649,0.664656212304,0.335343787696
41274.3791813,0.665060240964,0.334939759036
41284.8557137,0.665463297232,0.334536702768
41295.332246,0.665865384615,0.334134615385
41305.8087783,0.666266506603,0.333733493397
41316.2853107,0.666666666667,0.333333333333
41326.761843,0.667065868263,0.332934131737
41337.2383753,0.667464114833,0.332535885167
41464.905042,0.666666666667,0.333333333333
41475.3815743,0.667064439141,0.332935560859
41603.048241,0.666269368296,0.333730631704
41613.5247733,0.666666666667,0.333333333333
41741.19144,0.665873959572,0.334126040428
41751.6679723,0.666270783848,0.333729216152
41762.1445047,0.666666666667,0.333333333333
41772.621037,0.667061611374,0.332938388626
41783.0975693,0.667455621302,0.332544378698
41910.764236,0.666666666667,0.333333333333
41921.2407683,0.667060212515,0.332939787485
42048.907435,0.666273584906,0.333726415094
42059.3839673,0.666666666667,0.333333333333
42187.050634,0.665882352941,0.334117647059
42314.7173007,0.665099882491,0.334900117509
42325.193833,0.665492957746,0.334507042254
42335.6703653,0.665885111372,0.334114888628
42346.1468977,0.666276346604,0.333723653396
42473.8135643,0.665497076023,0.334502923977
42484.2900967,0.665887850467,0.334112149533
42611.9567633,0.665110851809,0.334889148191
42622.4332957,0.665501165501,0.334498834499
42750.0999623,0.664726426077,0.335273573923
42760.5764947,0.66511627907,0.33488372093
42771.053027,0.665505226481,0.334494773519
42781.5295593,0.665893271462,0.334106728538
42909.196226,0.665121668598,0.334878331402
43036.8628927,0.664351851852,0.335648148148
43047.339425,0.664739884393,0.335260115607
43057.8159573,0.665127020785,0.334872979215
43068.2924897,0.665513264129,0.334486735871
43078.769022,0.665898617512,0.334101382488
43089.2455543,0.666283084005,0.333716915995
43099.7220867,0.666666666667,0.333333333333
43110.198619,0.667049368542,0.332950631458
43120.6751513,0.667431192661,0.332568807339
43248.341818,0.666666666667,0.333333333333
43258.8183503,0.66704805492,0.33295194508
43269.2948827,0.667428571429,0.332571428571
43396.9615493,0.666666666667,0.333333333333
43407.4380817,0.667046750285,0.332953249715
43417.914614,0.667425968109,0.332574031891
43428.3911463,0.667804323094,0.332195676906
43438.8676787,0.668181818182,0.331818181818
43566.5343453,0.66742338252,0.33257661748
43577.0108777,0.667800453515,0.332199546485
43587.48741,0.668176670442,0.331823329558
43715.1540767,0.66742081448,0.33257918552
43842.8207433,0.666666666667,0.333333333333
43970.48741,0.665914221219,0.334085778781
43980.9639423,0.666290868095,0.333709131905
44108.630609,0.665540540541,0.334459459459
44236.2972757,0.664791901012,0.335208098988
44363.9639423,0.66404494382,0.33595505618
44491.630609,0.6632996633,0.3367003367
44619.2972757,0.662556053812,0.337443946188
44746.9639423,0.661814109742,0.338185890258
44874.630609,0.661073825503,0.338926174497
44885.1071413,0.661452513966,0.338547486034
45012.773808,0.660714285714,0.339285714286
45023.2503403,0.661092530658,0.338907469342
45150.917007,0.660356347439,0.339643652561
45278.5836737,0.659621802002,0.340378197998
45406.2503403,0.658888888889,0.341111111111
45416.7268727,0.659267480577,0.340732519423
45427.203405,0.659645232816,0.340354767184
45554.8700717,0.658914728682,0.341085271318
45682.5367383,0.658185840708,0.341814159292
45810.203405,0.657458563536,0.342541436464
45820.6799373,0.657836644592,0.342163355408
45948.346604,0.657111356119,0.342888643881
46076.0132707,0.656387665198,0.343612334802
46086.489803,0.656765676568,0.343234323432
46214.1564697,0.656043956044,0.343956043956
46224.633002,0.656421514819,0.343578485181
46235.1095343,0.656798245614,0.343201754386
46362.776201,0.656078860898,0.343921139102
46373.2527333,0.656455142232,0.343544857768
46383.7292657,0.656830601093,0.343169398907
46394.205798,0.657205240175,0.342794759825
46404.6823303,0.657579062159,0.342420937841
46532.348997,0.656862745098,0.343137254902
46542.8255293,0.657236126224,0.342763873776
46553.3020617,0.657608695652,0.342391304348
46563.778594,0.657980456026,0.342019543974
46574.2551263,0.658351409978,0.341648590022
46584.7316587,0.65872156013,0.34127843987
46712.3983253,0.658008658009,0.341991341991
46840.064992,0.657297297297,0.342702702703
46850.5415243,0.657667386609,0.342332613391
46978.208191,0.656957928803,0.343042071197
47105.8748577,0.65625,0.34375
47116.35139,0.656620021529,0.343379978471
47244.0180567,0.655913978495,0.344086021505
47371.6847233,0.655209452202,0.344790547798
47382.1612557,0.655579399142,0.344420600858
47392.637788,0.655948553055,0.344051446945
47520.3044547,0.655246252677,0.344753747323
47530.780987,0.655614973262,0.344385026738
47541.2575193,0.655982905983,0.344017094017
47551.7340517,0.656350053362,0.343649946638
47562.210584,0.65671641791,0.34328358209
47689.8772507,0.656017039404,0.343982960596
47817.5439173,0.655319148936,0.344680851064
47945.210584,0.654622741764,0.345377258236
47955.6871163,0.654989384289,0.345010615711
47966.1636487,0.655355249205,0.344644750795
48093.8303153,0.654661016949,0.345338983051
48221.496982,0.653968253968,0.346031746032
48231.9735143,0.654334038055,0.345665961945
48242.4500467,0.65469904963,0.34530095037
48252.926579,0.655063291139,0.344936708861
48380.5932457,0.654373024236,0.345626975764
48391.069778,0.654736842105,0.345263157895
48401.5463103,0.655099894848,0.344900105152
48412.0228427,0.655462184874,0.344537815126
48422.499375,0.655823714586,0.344176285414
48432.9759073,0.656184486373,0.343815513627
48443.4524397,0.656544502618,0.343455497382
48453.928972,0.65690376569,0.34309623431
48464.4055043,0.657262277952,0.342737722048
48474.8820367,0.657620041754,0.342379958246
48485.358569,0.657977059437,0.342022940563
48495.8351013,0.658333333333,0.341666666667
48623.501768,0.657648283039,0.342351716961
48633.9783003,0.658004158004,0.341995841996
48644.4548327,0.658359293873,0.341640706127
48654.931365,0.658713692946,0.341286307054
48665.4078973,0.659067357513,0.340932642487
48675.8844297,0.659420289855,0.340579710145
48686.360962,0.659772492244,0.340227507756
48696.8374943,0.660123966942,0.339876033058
48707.3140267,0.660474716202,0.339525283798
48717.790559,0.660824742268,0.339175257732
48728.2670913,0.661174047374,0.338825952626
48738.7436237,0.661522633745,0.338477366255
48749.220156,0.661870503597,0.338129496403
48759.6966883,0.662217659138,0.337782340862
48887.363355,0.661538461538,0.338461538462
49015.0300217,0.660860655738,0.339139344262
49142.6966883,0.660184237462,0.339815762538
49270.363355,0.659509202454,0.340490797546
49398.0300217,0.658835546476,0.341164453524
49525.6966883,0.658163265306,0.341836734694
49653.363355,0.65749235474,0.34250764526
49781.0300217,0.656822810591,0.343177189409
49908.6966883,0.656154628688,0.343845371312
50036.363355,0.655487804878,0.344512195122
50164.0300217,0.654822335025,0.345177664975
50174.506554,0.655172413793,0.344827586207
50302.1732207,0.654508611955,0.345491388045
50312.649753,0.654858299595,0.345141700405
50323.1262853,0.655207280081,0.344792719919
50450.792952,0.654545454545,0.345454545455
50578.4596187,0.653884964682,0.346115035318
50706.1262853,0.653225806452,0.346774193548
50716.6028177,0.653575025176,0.346424974824
50844.2694843,0.65291750503,0.34708249497
50854.7460167,0.653266331658,0.346733668342
50865.222549,0.653614457831,0.346385542169
50992.8892157,0.65295887663,0.34704112337
51003.365748,0.653306613226,0.346693386774
51013.8422803,0.653653653654,0.346346346346
51141.508947,0.653,0.347
51151.9854793,0.653346653347,0.346653346653
51162.4620117,0.65369261477,0.34630738523
51172.938544,0.654037886341,0.345962113659
51183.4150763,0.65438247012,0.34561752988
51193.8916087,0.654726368159,0.345273631841
51204.368141,0.655069582505,0.344930417495
51214.8446733,0.655412115194,0.344587884806
51225.3212057,0.655753968254,0.344246031746
51235.797738,0.656095143707,0.343904856293
51246.2742703,0.656435643564,0.343564356436
51256.7508027,0.656775469832,0.343224530168
51384.4174693,0.656126482213,0.343873517787
51394.8940017,0.656465942744,0.343534057256
51405.370534,0.656804733728,0.343195266272
51533.0372007,0.656157635468,0.343842364532
51543.513733,0.656496062992,0.343503937008
51553.9902653,0.656833824975,0.343166175025
51564.4667977,0.657170923379,0.342829076621
51574.94333,0.657507360157,0.342492639843
51702.6099967,0.656862745098,0.343137254902
51713.086529,0.657198824682,0.342801175318
51723.5630613,0.657534246575,0.342465753425
51851.229728,0.656891495601,0.343108504399
51978.8963947,0.65625,0.34375
52106.5630613,0.655609756098,0.344390243902
52117.0395937,0.655945419103,0.344054580897
52244.7062603,0.655306718598,0.344693281402
52255.1827927,0.655642023346,0.344357976654
52265.659325,0.655976676385,0.344023323615
52393.3259917,0.655339805825,0.344660194175
52520.9926583,0.654704170708,0.345295829292
52531.4691907,0.65503875969,0.34496124031
52659.1358573,0.65440464666,0.34559535334
52786.802524,0.653771760155,0.346228239845
52797.2790563,0.654106280193,0.345893719807
52807.7555887,0.65444015444,0.34555984556
52818.232121,0.654773384764,0.345226615236
52828.7086533,0.655105973025,0.344894026975
52839.1851857,0.655437921078,0.344562078922
52966.8518523,0.654807692308,0.345192307692
52977.3283847,0.655139289145,0.344860710855
52987.804917,0.65547024952,0.34452975048
52998.2814493,0.655800575264,0.344199424736
53125.948116,0.655172413793,0.344827586207
53136.4246483,0.655502392344,0.344497607656
53146.9011807,0.655831739962,0.344168260038
53157.377713,0.656160458453,0.343839541547
53167.8542453,0.656488549618,0.343511450382
53178.3307777,0.656816015253,0.343183984747
53188.80731,0.657142857143,0.342857142857
53199.2838423,0.657469077069,0.342530922931
53209.7603747,0.657794676806,0.342205323194
53220.236907,0.65811965812,0.34188034188
53230.7134393,0.65844402277,0.34155597723
53241.1899717,0.658767772512,0.341232227488
53251.666504,0.659090909091,0.340909090909
53262.1430363,0.659413434248,0.340586565752
53272.6195687,0.659735349716,0.340264650284
53400.2862353,0.659112370161,0.340887629839
53410.7627677,0.659433962264,0.340566037736
53421.2393,0.659754948162,0.340245051838
53431.7158323,0.660075329567,0.339924670433
53442.1923647,0.660395108184,0.339604891816
53452.668897,0.660714285714,0.339285714286
53463.1454293,0.66103286385,0.33896713615
53473.6219617,0.661350844278,0.338649155722
53484.098494,0.661668228679,0.338331771321
53494.5750263,0.661985018727,0.338014981273
53505.0515587,0.66230121609,0.33769878391
53515.528091,0.66261682243,0.33738317757
53526.0046233,0.662931839402,0.337068160598
53536.4811557,0.663246268657,0.336753731343
53546.957688,0.663560111836,0.336439888164
53557.4342203,0.663873370577,0.336126629423
53567.9107527,0.664186046512,0.335813953488
53578.387285,0.664498141264,0.335501858736
53588.8638173,0.664809656453,0.335190343547
53599.3403497,0.665120593692,0.334879406308
53609.816882,0.665430954588,0.334569045412
53620.2934143,0.665740740741,0.334259259259
53630.7699467,0.666049953747,0.333950046253
53641.246479,0.666358595194,0.333641404806
53651.7230113,0.666666666667,0.333333333333
53662.1995437,0.666974169742,0.333025830258
53672.676076,0.667281105991,0.332718894009
53683.1526083,0.66758747698,0.33241252302
53693.6291407,0.667893284269,0.332106715731
53704.105673,0.668198529412,0.331801470588
53714.5822053,0.668503213958,0.331496786042
53725.0587377,0.66880733945,0.33119266055
53735.53527,0.669110907424,0.330889092576
53746.0118023,0.669413919414,0.330586080586
53756.4883347,0.669716376944,0.330283623056
53766.964867,0.670018281536,0.329981718464
53777.4413993,0.670319634703,0.329680365297
53787.9179317,0.670620437956,0.329379562044
53798.394464,0.670920692799,0.329079307201
53808.8709963,0.671220400729,0.328779599271
53819.3475287,0.671519563239,0.328480436761
53829.824061,0.671818181818,0.328181818182
53957.4907277,0.671207992734,0.328792007266
54085.1573943,0.670598911071,0.329401088929
54212.824061,0.669990933817,0.330009066183
54340.4907277,0.669384057971,0.330615942029
54468.1573943,0.668778280543,0.331221719457
54595.824061,0.668173598553,0.331826401447
54606.3005933,0.6684733514,0.3315266486
54616.7771257,0.668772563177,0.331227436823
54627.253658,0.669071235347,0.330928764653
54637.7301903,0.669369369369,0.330630630631
54648.2067227,0.669666966697,0.330333033303
54658.683255,0.669964028777,0.330035971223
54786.3499217,0.669362084456,0.330637915544
54796.826454,0.669658886894,0.330341113106
54807.3029863,0.669955156951,0.330044843049
54817.7795187,0.670250896057,0.329749103943
54828.256051,0.67054610564,0.32945389436
54955.9227177,0.669946332737,0.330053667263
55083.5893843,0.669347631814,0.330652368186
55094.0659167,0.669642857143,0.330357142857
55104.542449,0.669937555754,0.330062444246
55115.0189813,0.670231729055,0.329768270945
55125.4955137,0.670525378451,0.329474621549
55135.972046,0.670818505338,0.329181494662
55146.4485783,0.671111111111,0.328888888889
55156.9251107,0.671403197158,0.328596802842
55167.401643,0.671694764862,0.328305235138
55177.8781753,0.671985815603,0.328014184397
55305.544842,0.67139061116,0.32860938884
55316.0213743,0.671681415929,0.328318584071
55326.4979067,0.671971706454,0.328028293546
55454.1645733,0.671378091873,0.328621908127
55464.6411057,0.671668137688,0.328331862312
55475.117638,0.671957671958,0.328042328042
55602.7843047,0.671365638767,0.328634361233
55730.4509713,0.670774647887,0.329225352113
55740.9275037,0.671064204046,0.328935795954
55868.5941703,0.670474516696,0.329525483304
55996.260837,0.669885864794,0.330114135206
56123.9275037,0.669298245614,0.330701754386
56134.404036,0.669588080631,0.330411919369
56262.0707027,0.669001751313,0.330998248687
56272.547235,0.669291338583,0.330708661417
56283.0237673,0.66958041958,0.33041958042
56293.5002997,0.669868995633,0.330131004367
56421.1669663,0.669284467714,0.330715532286
56548.833633,0.668700959024,0.331299040976
56676.5002997,0.668118466899,0.331881533101
56686.976832,0.668407310705,0.331592689295
56697.4533643,0.668695652174,0.331304347826
56707.9298967,0.668983492615,0.331016507385
56718.406429,0.669270833333,0.330729166667
56728.8829613,0.669557675629,0.330442324371
56739.3594937,0.669844020797,0.330155979203
56867.0261603,0.669264069264,0.330735930736
56877.5026927,0.66955017301,0.33044982699
56887.979225,0.669835782195,0.330164217805
56898.4557573,0.6701208981,0.3298791019
56908.9322897,0.670405522002,0.329594477998
57036.5989563,0.669827586207,0.330172413793
57164.265623,0.669250645995,0.330749354005
57291.9322897,0.668674698795,0.331325301205
57419.5989563,0.668099742046,0.331900257954
57547.265623,0.667525773196,0.332474226804
57674.9322897,0.6669527897,0.3330472103
57685.408822,0.667238421955,0.332761578045
57695.8853543,0.667523564696,0.332476435304
57823.552021,0.666952054795,0.333047945205
57951.2186877,0.666381522669,0.333618477331
58078.8853543,0.665811965812,0.334188034188
58206.552021,0.665243381725,0.334756618275
58217.0285533,0.665529010239,0.334470989761
58227.5050857,0.665814151748,0.334185848252
58355.1717523,0.665247018739,0.334752981261
58482.838419,0.664680851064,0.335319148936
58493.3149513,0.664965986395,0.335034013605
58503.7914837,0.665250637213,0.334749362787
58514.268016,0.665534804754,0.334465195246
58524.7445483,0.665818490246,0.334181509754
58535.2210807,0.666101694915,0.333898305085
58545.697613,0.666384419983,0.333615580017
58673.3642797,0.665820642978,0.334179357022
58801.0309463,0.665257819104,0.334742180896
58928.697613,0.664695945946,0.335304054054
59056.3642797,0.664135021097,0.335864978903
59066.840812,0.664418212479,0.335581787521
59194.5074787,0.663858466723,0.336141533277
59204.984011,0.664141414141,0.335858585859
59332.6506777,0.663582842725,0.336417157275
59460.3173443,0.663025210084,0.336974789916
59470.7938767,0.663308144416,0.336691855584
59598.4605433,0.662751677852,0.337248322148
59608.9370757,0.663034367142,0.336965632858
59619.413608,0.663316582915,0.336683417085
59629.8901403,0.66359832636,0.33640167364
59757.556807,0.663043478261,0.336956521739
59768.0333393,0.663324979114,0.336675020886
59778.5098717,0.663606010017,0.336393989983
59788.986404,0.663886572143,0.336113427857
59799.4629363,0.664166666667,0.335833333333
59809.9394687,0.664446294754,0.335553705246
59820.416001,0.664725457571,0.335274542429
59948.0826677,0.664172901081,0.335827098919
59958.5592,0.664451827243,0.335548172757
59969.0357323,0.664730290456,0.335269709544
59979.5122647,0.665008291874,0.334991708126
59989.988797,0.665285832643,0.334714167357
60000.4653293,0.665562913907,0.334437086093
60010.9418617,0.665839536807,0.334160463193
60021.418394,0.666115702479,0.333884297521
60149.0850607,0.665565648225,0.334434351775
60159.561593,0.665841584158,0.334158415842
60170.0381253,0.666117065128,0.333882934872
60180.5146577,0.666392092257,0.333607907743
60190.99119,0.666666666667,0.333333333333
60201.4677223,0.666940789474,0.333059210526
60211.9442547,0.667214461791,0.332785538209
60222.420787,0.667487684729,0.332512315271
60232.8973193,0.667760459393,0.332239540607
60243.3738517,0.668032786885,0.331967213115
60253.850384,0.668304668305,0.331695331695
60264.3269163,0.668576104746,0.331423895254
60274.8034487,0.668847097302,0.331152902698
60285.279981,0.669117647059,0.330882352941
60295.7565133,0.669387755102,0.330612244898
60306.2330457,0.669657422512,0.330342577488
60316.709578,0.669926650367,0.330073349633
60327.1861103,0.670195439739,0.329804560261
60337.6626427,0.670463791701,0.329536208299
60348.139175,0.670731707317,0.329268292683
60358.6157073,0.670999187652,0.329000812348
60369.0922397,0.671266233766,0.328733766234
60496.7589063,0.670721816707,0.329278183293
60507.2354387,0.670988654781,0.329011345219
60517.711971,0.671255060729,0.328744939271
60528.1885033,0.671521035599,0.328478964401
60538.6650357,0.671786580437,0.328213419563
60549.141568,0.672051696284,0.327948303716
60676.8082347,0.671509281679,0.328490718321
60804.4749013,0.670967741935,0.329032258065
60932.141568,0.67042707494,0.32957292506
61059.8082347,0.669887278583,0.330112721417
61187.4749013,0.669348350764,0.330651649236
61315.141568,0.668810289389,0.331189710611
61442.8082347,0.668273092369,0.331726907631
61570.4749013,0.667736757624,0.332263242376
61698.141568,0.667201283079,0.332798716921
61825.8082347,0.666666666667,0.333333333333
61953.4749013,0.666132906325,0.333867093675
62081.141568,0.6656,0.3344
62208.8082347,0.665067945643,0.334932054357
62219.284767,0.665335463259,0.334664536741
62346.9514337,0.664804469274,0.335195530726
62474.6181003,0.664274322169,0.335725677831
62602.284767,0.66374501992,0.33625498008
62612.7612993,0.664012738854,0.335987261146
62623.2378317,0.664280031822,0.335719968178
62633.714364,0.664546899841,0.335453100159
62761.3810307,0.664019062748,0.335980937252
62889.0476973,0.663492063492,0.336507936508
62899.5242297,0.663758921491,0.336241078509
63027.1908963,0.66323296355,0.33676703645
63037.6674287,0.663499604117,0.336500395883
63048.143961,0.663765822785,0.336234177215
63058.6204933,0.664031620553,0.335968379447
63069.0970257,0.66429699842,0.33570300158
63079.573558,0.66456195738,0.33543804262
63090.0500903,0.664826498423,0.335173501577
63100.5266227,0.665090622537,0.334909377463
63111.003155,0.665354330709,0.334645669291
63121.4796873,0.665617623918,0.334382376082
63131.9562197,0.665880503145,0.334119496855
63259.6228863,0.665357423409,0.334642576591
63270.0994187,0.665620094192,0.334379905808
63397.7660853,0.665098039216,0.334901960784
63525.432752,0.664576802508,0.335423197492
63653.0994187,0.664056382146,0.335943617854
63780.7660853,0.663536776213,0.336463223787
63791.2426177,0.663799843628,0.336200156372
63918.9092843,0.66328125,0.33671875
64046.575951,0.662763466042,0.337236533958
64174.2426177,0.66224648986,0.33775351014
64184.71915,0.66250974279,0.33749025721
64195.1956823,0.66277258567,0.33722741433
64322.862349,0.662256809339,0.337743190661
64333.3388813,0.662519440124,0.337480559876
64343.8154137,0.662781662782,0.337218337218
64354.291946,0.663043478261,0.336956521739
64481.9586127,0.66252909232,0.33747090768
64609.6252793,0.662015503876,0.337984496124
64620.1018117,0.662277304415,0.337722695585
64630.578344,0.66253869969,0.33746130031
64758.2450107,0.662026295437,0.337973704563
64885.9116773,0.661514683153,0.338485316847
65013.578344,0.661003861004,0.338996138996
65141.2450107,0.66049382716,0.33950617284
65151.721543,0.660755589823,0.339244410177
65162.1980753,0.661016949153,0.338983050847
65172.6746077,0.661277906082,0.338722093918
65183.15114,0.661538461538,0.338461538462
65310.8178067,0.661029976941,0.338970023059
65438.4844733,0.660522273425,0.339477726575
65566.15114,0.660015349194,0.339984650806
65576.6276723,0.66027607362,0.33972392638
65704.294339,0.659770114943,0.340229885057
65831.9610057,0.659264931087,0.340735068913
65959.6276723,0.658760520275,0.341239479725
66087.294339,0.658256880734,0.341743119266
66214.9610057,0.657754010695,0.342245989305
66342.6276723,0.657251908397,0.342748091603
66353.1042047,0.657513348589,0.342486651411
66480.7708713,0.657012195122,0.342987804878
66608.437538,0.656511805027,0.343488194973
66736.1042047,0.65601217656,0.34398782344
66746.580737,0.656273764259,0.343726235741
66757.0572693,0.656534954407,0.343465045593
66767.5338017,0.656795747912,0.343204252088
66778.010334,0.657056145675,0.342943854325
66788.4868663,0.657316148597,0.342683851403
66916.153533,0.656818181818,0.343181818182
67043.8201997,0.656320968963,0.343679031037
67171.4868663,0.655824508321,0.344175491679
67299.153533,0.655328798186,0.344671201814
67426.8201997,0.654833836858,0.345166163142
67554.4868663,0.654339622642,0.345660377358
67564.9633987,0.654600301659,0.345399698341
67575.439931,0.654860587792,0.345139412208
67703.1065977,0.65436746988,0.34563253012
67830.7732643,0.653875094056,0.346124905944
67958.439931,0.653383458647,0.346616541353
68086.1065977,0.652892561983,0.347107438017
68213.7732643,0.652402402402,0.347597597598
68224.2497967,0.652663165791,0.347336834209
68234.726329,0.652923538231,0.347076461769
68362.3929957,0.652434456929,0.347565543071
68490.0596623,0.651946107784,0.348053892216
68617.726329,0.651458489155,0.348541510845
68628.2028613,0.651718983558,0.348281016442
68638.6793937,0.651979088872,0.348020911128
68649.155926,0.65223880597,0.34776119403
68776.8225927,0.651752423565,0.348247576435
68787.299125,0.652011922504,0.347988077496
68797.7756573,0.652271034996,0.347728965004
68808.2521897,0.652529761905,0.347470238095
68935.9188563,0.652044609665,0.347955390335
68946.3953887,0.652303120357,0.347696879643
68956.871921,0.652561247216,0.347438752784
68967.3484533,0.652818991098,0.347181008902
68977.8249857,0.653076352854,0.346923647146
68988.301518,0.653333333333,0.346666666667
69115.9681847,0.652849740933,0.347150259067
69243.6348513,0.652366863905,0.347633136095
69254.1113837,0.652623798965,0.347376201035
69264.587916,0.652880354505,0.347119645495
69275.0644483,0.653136531365,0.346863468635
69285.5409807,0.653392330383,0.346607669617
69296.017513,0.653647752395,0.346352247605
69306.4940453,0.653902798233,0.346097201767
69316.9705777,0.654157468727,0.345842531273
69327.44711,0.654411764706,0.345588235294
69337.9236423,0.654665686995,0.345334313005
69348.4001747,0.654919236417,0.345080763583
69476.0668413,0.654438738078,0.345561261922
69603.733508,0.653958944282,0.346041055718
69731.4001747,0.65347985348,0.34652014652
69859.0668413,0.653001464129,0.346998535871
69986.733508,0.652523774689,0.347476225311
70114.4001747,0.652046783626,0.347953216374
70124.876707,0.652300949598,0.347699050402
70252.5433737,0.651824817518,0.348175182482
70380.2100403,0.651349380015,0.348650619985
70507.876707,0.650874635569,0.349125364431
70635.5433737,0.650400582666,0.349599417334
70763.2100403,0.649927219796,0.350072780204
70890.876707,0.649454545455,0.350545454545
71018.5433737,0.64898255814,0.35101744186
71146.2100403,0.648511256354,0.351488743646
71273.876707,0.648040638607,0.351959361393
71401.5433737,0.647570703408,0.352429296592
71529.2100403,0.647101449275,0.352898550725
71539.6865727,0.64735698769,0.35264301231
71667.3532393,0.646888567294,0.353111432706
71795.019906,0.646420824295,0.353579175705
71922.6865727,0.645953757225,0.354046242775
71933.163105,0.646209386282,0.353790613718
71943.6396373,0.646464646465,0.353535353535
71954.1161697,0.646719538572,0.353280461428
71964.592702,0.646974063401,0.353025936599
71975.0692343,0.647228221742,0.352771778258
71985.5457667,0.647482014388,0.352517985612
71996.022299,0.647735442128,0.352264557872
72006.4988313,0.647988505747,0.352011494253
72016.9753637,0.64824120603,0.35175879397
72027.451896,0.648493543759,0.351506456241
72037.9284283,0.648745519713,0.351254480287
72048.4049607,0.64899713467,0.35100286533
72058.881493,0.649248389406,0.350751610594
72069.3580253,0.649499284692,0.350500715308
72197.024692,0.649035025018,0.350964974982
72207.5012243,0.649285714286,0.350714285714
72217.9777567,0.649536045682,0.350463954318
72228.454289,0.649786019971,0.350213980029
72238.9308213,0.650035637919,0.349964362081
72249.4073537,0.650284900285,0.349715099715
72259.883886,0.650533807829,0.349466192171
72270.3604183,0.650782361309,0.349217638691
72280.8369507,0.651030561478,0.348969438522
72291.313483,0.651278409091,0.348721590909
72301.7900153,0.651525904897,0.348474095103
72312.2665477,0.651773049645,0.348226950355
72322.74308,0.652019844082,0.347980155918
72333.2196123,0.652266288952,0.347733711048
72343.6961447,0.652512384996,0.347487615004
72471.3628113,0.652050919378,0.347949080622
72481.8393437,0.652296819788,0.347703180212
72492.315876,0.652542372881,0.347457627119
72619.9825427,0.652081863091,0.347918136909
72630.459075,0.652327221439,0.347672778561
72640.9356073,0.652572233968,0.347427766032
72651.4121397,0.652816901408,0.347183098592
72661.888672,0.65306122449,0.34693877551
72789.5553387,0.652601969058,0.347398030942
72800.031871,0.652846099789,0.347153900211
72810.5084033,0.65308988764,0.34691011236
72820.9849357,0.653333333333,0.346666666667
72831.461468,0.653576437588,0.346423562412
72841.9380003,0.653819201121,0.346180798879
72852.4145327,0.65406162465,0.34593837535
72862.891065,0.654303708887,0.345696291113
72873.3675973,0.654545454545,0.345454545455
72883.8441297,0.654786862334,0.345213137666
72894.320662,0.655027932961,0.344972067039
72904.7971943,0.655268667132,0.344731332868
72915.2737267,0.655509065551,0.344490934449
72925.750259,0.65574912892,0.34425087108
73053.4169257,0.655292479109,0.344707520891
73181.0835923,0.654836464857,0.345163535143
73308.750259,0.65438108484,0.34561891516
73436.4169257,0.653926337735,0.346073662265
73564.0835923,0.653472222222,0.346527777778
73574.5601247,0.653712699514,0.346287300486
73702.2267913,0.653259361997,0.346740638003
73829.893458,0.652806652807,0.347193347193
73957.5601247,0.652354570637,0.347645429363
74085.2267913,0.651903114187,0.348096885813
74212.893458,0.651452282158,0.348547717842
74223.3699903,0.651693158258,0.348306841742
74351.036657,0.651243093923,0.348756906077
74478.7033237,0.650793650794,0.349206349206
74489.179856,0.651034482759,0.348965517241
74499.6563883,0.651274982771,0.348725017229
74627.323055,0.650826446281,0.349173553719
74637.7995873,0.651066758431,0.348933241569
74765.466254,0.650618982118,0.349381017882
74775.9427863,0.650859106529,0.349140893471
74903.609453,0.650412087912,0.349587912088
75031.2761197,0.64996568291,0.35003431709
75041.752652,0.650205761317,0.349794238683
75052.2291843,0.650445510624,0.349554489376
75062.7057167,0.650684931507,0.349315068493
75190.3723833,0.650239561944,0.349760438056
75200.8489157,0.65047879617,0.34952120383
75211.325448,0.650717703349,0.349282296651
75221.8019803,0.650956284153,0.349043715847
75232.2785127,0.651194539249,0.348805460751
75359.9451793,0.650750341064,0.349249658936
75487.611846,0.650306748466,0.349693251534
75498.0883783,0.650544959128,0.349455040872
75508.5649107,0.650782845473,0.349217154527
75519.041443,0.651020408163,0.348979591837
75529.5179753,0.651257647859,0.348742352141
75539.9945077,0.651494565217,0.348505434783
75550.47104,0.651731160896,0.348268839104
75560.9475723,0.65196743555,0.34803256445
75571.4241047,0.652203389831,0.347796610169
75581.900637,0.65243902439,0.34756097561
75709.5673037,0.651997291808,0.348002708192
75837.2339703,0.651556156969,0.348443843031
75964.900637,0.651115618661,0.348884381339
75975.3771693,0.651351351351,0.348648648649
75985.8537017,0.651586765699,0.348413234301
75996.330234,0.651821862348,0.348178137652
76006.8067663,0.652056641942,0.347943358058
76017.2832987,0.652291105121,0.347708894879
76027.759831,0.652525252525,0.347474747475
76038.2363633,0.652759084791,0.347240915209
76048.7128957,0.652992602555,0.347007397445
76059.189428,0.653225806452,0.346774193548
76069.6659603,0.653458697112,0.346541302888
76080.1424927,0.653691275168,0.346308724832
76090.619025,0.653923541247,0.346076458753
76101.0955573,0.654155495979,0.345844504021
76111.5720897,0.654387139987,0.345612860013
76239.2387563,0.653949129853,0.346050870147
76366.905423,0.653511705686,0.346488294314
76494.5720897,0.65307486631,0.34692513369
76505.048622,0.653306613226,0.346693386774
76632.7152887,0.652870493992,0.347129506008
76760.3819553,0.652434956638,0.347565043362
76888.048622,0.652,0.348
77015.7152887,0.651565622918,0.348434377082
77026.191821,0.651797603196,0.348202396804
77036.6683533,0.652029274784,0.347970725216
77164.33502,0.651595744681,0.348404255319
77174.8115523,0.651827242525,0.348172757475
77185.2880847,0.652058432935,0.347941567065
77195.764617,0.652289316523,0.347710683477
77206.2411493,0.652519893899,0.347480106101
77216.7176817,0.652750165673,0.347249834327
77344.3843483,0.652317880795,0.347682119205
77354.8608807,0.652547981469,0.347452018531
77365.337413,0.652777777778,0.347222222222
77375.8139453,0.653007270324,0.346992729676
77386.2904777,0.653236459709,0.346763540291
77396.76701,0.653465346535,0.346534653465
77407.2435423,0.653693931398,0.346306068602
77417.7200747,0.653922214898,0.346077785102
77428.196607,0.654150197628,0.345849802372
77438.6731393,0.654377880184,0.345622119816
77449.1496717,0.654605263158,0.345394736842
77459.626204,0.65483234714,0.34516765286
77587.2928707,0.654402102497,0.345597897503
77714.9595373,0.65397242285,0.34602757715
77842.626204,0.653543307087,0.346456692913
77853.1027363,0.653770491803,0.346229508197
77980.769403,0.653342070773,0.346657929227
78108.4360697,0.652914210871,0.347085789129
78118.912602,0.653141361257,0.346858638743
78129.3891343,0.653368214519,0.346631785481
78257.055801,0.652941176471,0.347058823529
78384.7224677,0.652514696277,0.347485303723
78395.199,0.65274151436,0.34725848564
78405.6755323,0.65296803653,0.34703196347
78416.1520647,0.653194263364,0.346805736636
78543.8187313,0.652768729642,0.347231270358
78554.2952637,0.652994791667,0.347005208333
78681.9619303,0.652569941444,0.347430058556
78692.4384627,0.652795838752,0.347204161248
78702.914995,0.653021442495,0.346978557505
78713.3915273,0.653246753247,0.346753246753
78841.058194,0.65282284231,0.34717715769
78851.5347263,0.653047989624,0.346952010376
78862.0112587,0.653272845107,0.346727154893
78872.487791,0.653497409326,0.346502590674
78882.9643233,0.653721682848,0.346278317152
78893.4408557,0.653945666235,0.346054333765
78903.917388,0.654169360052,0.345830639948
78914.3939203,0.654392764858,0.345607235142
78924.8704527,0.654615881214,0.345384118786
78935.346985,0.654838709677,0.345161290323
79063.0136517,0.65441650548,0.34558349452
79073.490184,0.654639175258,0.345360824742
79083.9667163,0.654861558274,0.345138441726
79094.4432487,0.655083655084,0.344916344916
79222.1099153,0.654662379421,0.345337620579
79232.5864477,0.654884318766,0.345115681234
79243.06298,0.655105973025,0.344894026975
79253.5395123,0.655327342747,0.344672657253
79264.0160447,0.65554842848,0.34445157152
79391.6827113,0.655128205128,0.344871794872
79519.349378,0.654708520179,0.345291479821
79647.0160447,0.654289372599,0.345710627401
79774.6827113,0.653870761356,0.346129238644
79902.349378,0.653452685422,0.346547314578
80030.0160447,0.65303514377,0.34696485623
80157.6827113,0.652618135377,0.347381864623
80285.349378,0.652201659221,0.347798340779
80413.0160447,0.651785714286,0.348214285714
80423.492577,0.652007648184,0.347992351816
80433.9691093,0.652229299363,0.347770700637
80561.635776,0.651814131127,0.348185868873
80689.3024427,0.651399491094,0.348600508906
80699.778975,0.651621106167,0.348378893833
80710.2555073,0.651842439644,0.348157560356
80720.7320397,0.652063492063,0.347936507937
80731.208572,0.652284263959,0.347715736041
80741.6851043,0.652504755866,0.347495244134
80752.1616367,0.652724968314,0.347275031686
80762.638169,0.652944901837,0.347055098163
80773.1147013,0.653164556962,0.346835443038
80783.5912337,0.653383934219,0.346616065781
80794.067766,0.653603034134,0.346396965866
80804.5442983,0.653821857233,0.346178142767
80932.210965,0.653409090909,0.346590909091
80942.6874973,0.653627760252,0.346372239748
80953.1640297,0.653846153846,0.346153846154
80963.640562,0.654064272212,0.345935727788
80974.1170943,0.654282115869,0.345717884131
80984.5936267,0.654499685337,0.345500314663
80995.070159,0.654716981132,0.345283018868
81122.7368257,0.654305468259,0.345694531741