Time,RejRate,AcceptRate
292.778,0.0,1.0
23.958,0.0,1.0
167.477,0.0,1.0
302.979,0.0,1.0
122.865,0.0,1.0
155.871,0.0,1.0
278.085,0.0,1.0
164.189,0.0,1.0
255.008,0.0,1.0
278.1,0.1,0.9
278.11,0.0909090909091,0.909090909091
148.545,0.0833333333333,0.916666666667
290.94,0.2,0.8
132.398,0.2,0.8
121.61,0.2,0.8
278.078,0.1875,0.8125
121.988,0.222222222222,0.777777777778
277.695,0.210526315789,0.789473684211
48.758,0.210526315789,0.789473684211
302.63,0.2,0.8
190.214,0.190476190476,0.809523809524
277.752,0.181818181818,0.818181818182
133.054,0.173913043478,0.826086956522
28.852,0.166666666667,0.833333333333
277.951,0.16,0.84
274.897,0.153846153846,0.846153846154
147.638,0.148148148148,0.851851851852
303.085,0.142857142857,0.857142857143
303.945,0.172413793103,0.827586206897
279.784,0.166666666667,0.833333333333
148.728,0.193548387097,0.806451612903
303.038,0.1875,0.8125
292.977,0.181818181818,0.818181818182
263.919,0.176470588235,0.823529411765
292.622,0.2,0.8
302.859,0.222222222222,0.777777777778
303.105,0.243243243243,0.756756756757
7.859,0.236842105263,0.763157894737
277.7,0.230769230769,0.769230769231
4.431,0.243902439024,0.756097560976
17.79,0.243902439024,0.756097560976
18.778,0.238095238095,0.761904761905
292.583,0.232558139535,0.767441860465
278.326,0.227272727273,0.772727272727
264.198,0.244444444444,0.755555555556
303.015,0.239130434783,0.760869565217
275.909,0.255319148936,0.744680851064
303.099,0.270833333333,0.729166666667
278.009,0.285714285714,0.714285714286
277.732,0.28,0.72
259.371,0.274509803922,0.725490196078
0.0,0.269230769231,0.730769230769
277.786,0.283018867925,0.716981132075
277.722,0.277777777778,0.722222222222
303.132,0.272727272727,0.727272727273
277.932,0.267857142857,0.732142857143
141.774,0.280701754386,0.719298245614
277.942,0.275862068966,0.724137931034
292.746,0.28813559322,0.71186440678
277.788,0.283333333333,0.716666666667
271.51,0.295081967213,0.704918032787
278.045,0.290322580645,0.709677419355
147.839,0.285714285714,0.714285714286
303.798,0.296875,0.703125
129.104,0.292307692308,0.707692307692
143.691,0.298507462687,0.701492537313
173.425,0.298507462687,0.701492537313
277.651,0.294117647059,0.705882352941
131.827,0.289855072464,0.710144927536
277.706,0.285714285714,0.714285714286
278.799,0.281690140845,0.718309859155
277.962,0.277777777778,0.722222222222
121.756,0.27027027027,0.72972972973
290.572,0.27027027027,0.72972972973
303.766,0.28,0.72
297.804,0.276315789474,0.723684210526
70.811,0.272727272727,0.727272727273
294.354,0.282051282051,0.717948717949
168.536,0.291139240506,0.708860759494
212.727,0.3,0.7
278.038,0.296296296296,0.703703703704
313.358,0.30487804878,0.69512195122
313.065,0.313253012048,0.686746987952
313.034,0.309523809524,0.690476190476
313.08,0.317647058824,0.682352941176
325.915,0.325581395349,0.674418604651
322.917,0.333333333333,0.666666666667
329.192,0.348314606742,0.651685393258
327.74,0.348314606742,0.651685393258
334.684,0.355555555556,0.644444444444
335.805,0.362637362637,0.637362637363
334.524,0.369565217391,0.630434782609
333.917,0.376344086022,0.623655913978
335.718,0.372340425532,0.627659574468
337.93,0.378947368421,0.621052631579
340.393,0.385416666667,0.614583333333
375.051,0.39175257732,0.60824742268
379.538,0.397959183673,0.602040816327
384.176,0.40404040404,0.59595959596
384.297,0.41,0.59
386.351,0.415841584158,0.584158415842
390.782,0.421568627451,0.578431372549
396.499,0.427184466019,0.572815533981
394.287,0.432692307692,0.567307692308
396.333,0.438095238095,0.561904761905
396.334,0.443396226415,0.556603773585
401.037,0.453703703704,0.546296296296
400.704,0.453703703704,0.546296296296
401.224,0.454545454545,0.545454545455
401.884,0.454545454545,0.545454545455
401.252,0.459459459459,0.540540540541
397.186,0.464285714286,0.535714285714
401.349,0.46017699115,0.53982300885
406.277,0.465517241379,0.534482758621
406.432,0.465517241379,0.534482758621
407.009,0.465517241379,0.534482758621
405.978,0.470085470085,0.529914529915
405.025,0.478991596639,0.521008403361
406.145,0.478991596639,0.521008403361
406.116,0.483333333333,0.516666666667
406.786,0.487603305785,0.512396694215
407.085,0.491803278689,0.508196721311
411.101,0.49593495935,0.50406504065
407.21,0.5,0.5
410.28,0.504,0.496
410.205,0.507936507937,0.492063492063
410.67,0.511811023622,0.488188976378
411.057,0.515625,0.484375
411.176,0.519379844961,0.480620155039
410.726,0.523076923077,0.476923076923
411.212,0.526717557252,0.473282442748
416.138,0.533834586466,0.466165413534
416.479,0.533834586466,0.466165413534
415.099,0.537313432836,0.462686567164
416.056,0.540740740741,0.459259259259
416.174,0.544117647059,0.455882352941
421.109,0.547445255474,0.452554744526
421.184,0.550724637681,0.449275362319
421.042,0.557142857143,0.442857142857
421.186,0.557142857143,0.442857142857
417.187,0.560283687943,0.439716312057
426.274,0.566433566434,0.433566433566
427.139,0.566433566434,0.433566433566
435.005,0.569444444444,0.430555555556
457.071,0.572413793103,0.427586206897
467.142,0.575342465753,0.424657534247
462.271,0.578231292517,0.421768707483
471.206,0.581081081081,0.418918918919
471.047,0.58389261745,0.41610738255
472.171,0.586666666667,0.413333333333
481.178,0.58940397351,0.41059602649
496.512,0.588235294118,0.411764705882
497.085,0.590909090909,0.409090909091
495.949,0.590909090909,0.409090909091
486.188,0.593548387097,0.406451612903
491.191,0.59872611465,0.40127388535
492.632,0.59872611465,0.40127388535
486.539,0.601265822785,0.398734177215
495.929,0.603773584906,0.396226415094
490.932,0.608695652174,0.391304347826
491.106,0.608695652174,0.391304347826
487.243,0.604938271605,0.395061728395
487.166,0.601226993865,0.398773006135
490.744,0.59756097561,0.40243902439
495.591,0.593939393939,0.406060606061
501.03,0.592814371257,0.407185628743
510.324,0.592814371257,0.407185628743
511.857,0.589285714286,0.410714285714
501.066,0.585798816568,0.414201183432
502.065,0.588235294118,0.411764705882
507.276,0.590643274854,0.409356725146
507.651,0.593023255814,0.406976744186
507.114,0.595375722543,0.404624277457
512.126,0.591954022989,0.408045977011
510.745,0.594285714286,0.405714285714
512.124,0.596590909091,0.403409090909
505.992,0.598870056497,0.401129943503
507.146,0.601123595506,0.398876404494
497.217,0.603351955307,0.396648044693
500.379,0.605555555556,0.394444444444
511.79,0.60773480663,0.39226519337
497.573,0.604395604396,0.395604395604
501.185,0.601092896175,0.398907103825
501.213,0.603260869565,0.396739130435
501.157,0.605405405405,0.394594594595
497.202,0.598930481283,0.401069518717
509.102,0.598930481283,0.401069518717
502.652,0.595744680851,0.404255319149
502.382,0.592592592593,0.407407407407
515.645,0.589473684211,0.410526315789
516.45,0.586387434555,0.413612565445
517.214,0.59067357513,0.40932642487
519.01,0.59067357513,0.40932642487
520.513,0.594871794872,0.405128205128
519.173,0.594871794872,0.405128205128
527.182,0.593908629442,0.406091370558
530.984,0.593908629442,0.406091370558
534.25,0.590909090909,0.409090909091
535.298,0.585,0.415
535.838,0.585,0.415
542.699,0.584158415842,0.415841584158
546.336,0.584158415842,0.415841584158
550.042,0.586206896552,0.413793103448
561.412,0.590243902439,0.409756097561
554.089,0.590243902439,0.409756097561
555.44,0.587378640777,0.412621359223
565.729,0.584541062802,0.415458937198
561.795,0.581730769231,0.418269230769
566.486,0.578947368421,0.421052631579
555.648,0.580952380952,0.419047619048
575.678,0.578199052133,0.421800947867
581.821,0.575471698113,0.424528301887
581.447,0.57476635514,0.42523364486
581.501,0.57476635514,0.42523364486
580.273,0.572093023256,0.427906976744
581.045,0.571428571429,0.428571428571
581.901,0.571428571429,0.428571428571
581.896,0.575342465753,0.424657534247
581.854,0.575342465753,0.424657534247
581.801,0.577272727273,0.422727272727
601.209,0.574660633484,0.425339366516
600.759,0.576576576577,0.423423423423
600.445,0.575892857143,0.424107142857
601.741,0.575892857143,0.424107142857
600.243,0.577777777778,0.422222222222
601.328,0.577092511013,0.422907488987
601.384,0.577092511013,0.422907488987
600.672,0.574561403509,0.425438596491
600.63,0.571428571429,0.428571428571
600.265,0.571428571429,0.428571428571
601.446,0.571428571429,0.428571428571
601.232,0.568965517241,0.431034482759
600.704,0.56652360515,0.43347639485
602.282,0.564102564103,0.435897435897
605.675,0.565400843882,0.434599156118
605.254,0.565400843882,0.434599156118
605.72,0.565400843882,0.434599156118
606.738,0.563025210084,0.436974789916
616.748,0.564853556485,0.435146443515
631.776,0.5625,0.4375
636.154,0.564315352697,0.435684647303
642.012,0.566115702479,0.433884297521
646.689,0.56378600823,0.43621399177
650.347,0.565573770492,0.434426229508
651.725,0.567346938776,0.432653061224
651.737,0.569105691057,0.430894308943
656.401,0.570850202429,0.429149797571
661.901,0.572580645161,0.427419354839
665.338,0.572,0.428
664.396,0.572,0.428
664.302,0.573705179283,0.426294820717
664.079,0.575396825397,0.424603174603
664.134,0.577075098814,0.422924901186
664.894,0.57874015748,0.42125984252
665.046,0.580392156863,0.419607843137
664.726,0.581395348837,0.418604651163
664.756,0.581395348837,0.418604651163
664.513,0.581395348837,0.418604651163
664.736,0.583011583012,0.416988416988
664.313,0.584615384615,0.415384615385
664.461,0.586206896552,0.413793103448
664.704,0.587786259542,0.412213740458
664.677,0.589353612167,0.410646387833
665.492,0.590909090909,0.409090909091
664.429,0.592452830189,0.407547169811
664.936,0.593984962406,0.406015037594
664.123,0.595505617978,0.404494382022
664.389,0.597014925373,0.402985074627
671.793,0.598513011152,0.401486988848
671.826,0.6,0.4
679.328,0.602941176471,0.397058823529
680.237,0.602941176471,0.397058823529
676.819,0.604395604396,0.395604395604
677.265,0.605839416058,0.394160583942
676.778,0.607272727273,0.392727272727
677.271,0.608695652174,0.391304347826
679.587,0.610108303249,0.389891696751
684.232,0.611510791367,0.388489208633
691.246,0.612903225806,0.387096774194
688.877,0.617021276596,0.382978723404
691.148,0.617021276596,0.382978723404
691.35,0.617021276596,0.382978723404
689.436,0.618374558304,0.381625441696
689.33,0.619718309859,0.380281690141
689.843,0.621052631579,0.378947368421
689.389,0.622377622378,0.377622377622
689.483,0.623693379791,0.376306620209
691.534,0.625,0.375
696.174,0.626297577855,0.373702422145
696.162,0.627586206897,0.372413793103
696.159,0.628865979381,0.371134020619
699.385,0.630136986301,0.369863013699
706.018,0.631399317406,0.368600682594
726.008,0.633898305085,0.366101694915
730.952,0.633898305085,0.366101694915
722.146,0.635135135135,0.364864864865
740.944,0.636363636364,0.363636363636
740.956,0.637583892617,0.362416107383
742.17,0.638795986622,0.361204013378
745.982,0.64,0.36
750.949,0.641196013289,0.358803986711
756.051,0.643564356436,0.356435643564
755.947,0.643564356436,0.356435643564
756.172,0.641447368421,0.358552631579
756.183,0.639344262295,0.360655737705
757.09,0.640522875817,0.359477124183
756.23,0.638436482085,0.361563517915
756.777,0.636363636364,0.363636363636
755.917,0.637540453074,0.362459546926
755.927,0.635483870968,0.364516129032
756.002,0.633440514469,0.366559485531
756.094,0.63141025641,0.36858974359
756.139,0.629392971246,0.370607028754
756.176,0.630573248408,0.369426751592
756.205,0.628571428571,0.371428571429
756.062,0.626582278481,0.373417721519
755.994,0.624605678233,0.375394321767
757.079,0.622641509434,0.377358490566
756.022,0.623824451411,0.376175548589
757.227,0.625,0.375
757.223,0.623052959502,0.376947040498
770.178,0.624223602484,0.375776397516
771.198,0.625386996904,0.374613003096
771.206,0.623456790123,0.376543209877
770.995,0.624615384615,0.375384615385
771.212,0.623853211009,0.376146788991
771.022,0.623853211009,0.376146788991
772.198,0.625,0.375
781.1,0.623100303951,0.376899696049
782.088,0.622356495468,0.377643504532
777.188,0.622356495468,0.377643504532
781.069,0.620481927711,0.379518072289
781.2,0.618618618619,0.381381381381
781.022,0.614925373134,0.385074626866
780.982,0.614925373134,0.385074626866
781.859,0.613095238095,0.386904761905
782.313,0.609467455621,0.390532544379
787.099,0.609467455621,0.390532544379
782.29,0.607669616519,0.392330383481
786.016,0.604105571848,0.395894428152
782.388,0.604105571848,0.395894428152
788.57,0.602339181287,0.397660818713
787.114,0.600583090379,0.399416909621
791.018,0.6,0.4
788.695,0.6,0.4
792.679,0.601156069364,0.398843930636
792.173,0.602305475504,0.397694524496
821.462,0.603448275862,0.396551724138
821.916,0.604584527221,0.395415472779
822.074,0.602857142857,0.397142857143
831.908,0.60113960114,0.39886039886
831.92,0.599431818182,0.400568181818
835.728,0.59604519774,0.40395480226
836.73,0.59604519774,0.40395480226
841.913,0.594366197183,0.405633802817
846.881,0.593837535014,0.406162464986
846.911,0.593837535014,0.406162464986
845.596,0.59217877095,0.40782122905
847.564,0.591666666667,0.408333333333
851.489,0.591666666667,0.408333333333
851.335,0.590027700831,0.409972299169
850.785,0.588397790055,0.411602209945
861.959,0.586776859504,0.413223140496
861.324,0.583561643836,0.416438356164
861.986,0.583561643836,0.416438356164
861.404,0.581967213115,0.418032786885
865.367,0.578804347826,0.421195652174
865.921,0.578804347826,0.421195652174
873.019,0.579945799458,0.420054200542
873.096,0.579514824798,0.420485175202
877.095,0.579514824798,0.420485175202
881.766,0.58064516129,0.41935483871
881.942,0.581769436997,0.418230563003
882.938,0.578666666667,0.421333333333
887.266,0.578666666667,0.421333333333
885.342,0.575596816976,0.424403183024
883.037,0.575596816976,0.424403183024
888.531,0.574074074074,0.425925925926
887.846,0.576315789474,0.423684210526
882.666,0.576315789474,0.423684210526
894.955,0.577427821522,0.422572178478
888.116,0.578534031414,0.421465968586
887.642,0.579634464752,0.420365535248
887.678,0.578125,0.421875
898.861,0.579220779221,0.420779220779
901.996,0.581395348837,0.418604651163
897.979,0.581395348837,0.418604651163
902.303,0.582474226804,0.417525773196
911.787,0.583547557841,0.416452442159
912.318,0.585677749361,0.414322250639
912.646,0.585677749361,0.414322250639
921.254,0.587786259542,0.412213740458
920.762,0.587786259542,0.412213740458
922.558,0.58883248731,0.41116751269
930.249,0.589873417722,0.410126582278
932.411,0.590909090909,0.409090909091
941.868,0.591939546599,0.408060453401
953.49,0.592964824121,0.407035175879
947.358,0.593984962406,0.406015037594
948.799,0.595,0.405
952.08,0.593516209476,0.406483790524
962.106,0.592039800995,0.407960199005
966.701,0.591584158416,0.408415841584
966.071,0.591584158416,0.408415841584
966.182,0.591133004926,0.408866995074
966.148,0.591133004926,0.408866995074
966.75,0.589680589681,0.410319410319
968.451,0.59068627451,0.40931372549
969.371,0.590243902439,0.409756097561
968.097,0.590243902439,0.409756097561
988.518,0.589805825243,0.410194174757
988.555,0.589805825243,0.410194174757
987.937,0.588377723971,0.411622276029
991.0,0.586956521739,0.413043478261
991.21,0.587951807229,0.412048192771
987.996,0.588942307692,0.411057692308
987.023,0.590909090909,0.409090909091
986.21,0.590909090909,0.409090909091
986.168,0.591885441527,0.408114558473
986.981,0.592857142857,0.407142857143
991.762,0.594786729858,0.405213270142
988.45,0.594786729858,0.405213270142
991.2,0.593380614657,0.406619385343
986.211,0.594339622642,0.405660377358
987.055,0.595294117647,0.404705882353
987.492,0.596244131455,0.403755868545
992.071,0.594847775176,0.405152224824
991.034,0.595794392523,0.404205607477
992.934,0.597674418605,0.402325581395
996.359,0.597674418605,0.402325581395
1000.93,0.598607888631,0.401392111369
1006.259,0.599537037037,0.400462962963
1006.202,0.600461893764,0.399538106236
1011.044,0.602298850575,0.397701149425
1011.326,0.602298850575,0.397701149425
1016.056,0.603211009174,0.396788990826
1020.962,0.604118993135,0.395881006865
1026.034,0.603644646925,0.396355353075
1017.972,0.603644646925,0.396355353075
1027.194,0.602272727273,0.397727272727
1033.175,0.600907029478,0.399092970522
1044.873,0.599547511312,0.402714932127
1050.656,0.598194130926,0.401805869074
1057.07,0.595505617978,0.404494382022
1056.027,0.595505617978,0.404494382022
1051.859,0.592841163311,0.407158836689
1056.256,0.592841163311,0.407158836689
1056.002,0.592427616927,0.407572383073
1046.265,0.592427616927,0.407572383073
1046.387,0.591111111111,0.408888888889
1082.101,0.590707964602,0.411504424779
1081.87,0.58940397351,0.41059602649
1082.15,0.58940397351,0.41059602649
1080.988,0.590308370044,0.409691629956
1081.129,0.589912280702,0.410087719298
1081.06,0.589912280702,0.410087719298
1080.981,0.588621444201,0.411378555799
1081.347,0.587336244541,0.412663755459
1086.213,0.58605664488,0.41394335512
1082.257,0.586956521739,0.413043478261
1086.372,0.58568329718,0.41431670282
1086.632,0.584415584416,0.415584415584
1085.982,0.583153347732,0.416846652268
1086.563,0.581896551724,0.418103448276
1087.468,0.579399141631,0.420600858369
1091.894,0.579399141631,0.420600858369
1092.332,0.57905982906,0.42094017094
1092.244,0.57905982906,0.42094017094
1102.008,0.579957356077,0.420042643923
1102.266,0.577494692144,0.422505307856
1102.211,0.577494692144,0.422505307856
1117.181,0.575052854123,0.424947145877
1117.547,0.575052854123,0.424947145877
1142.775,0.574736842105,0.425263157895
1142.784,0.574736842105,0.425263157895
1142.83,0.576519916143,0.423480083857
1142.795,0.576519916143,0.423480083857
1142.687,0.577405857741,0.422594142259
1142.973,0.578288100209,0.421711899791
1142.755,0.579166666667,0.420833333333
1146.75,0.577962577963,0.422037422037
1142.706,0.576763485477,0.423236514523
1142.967,0.577639751553,0.422360248447
1142.674,0.578512396694,0.421487603306
1142.822,0.579381443299,0.420618556701
1142.932,0.58024691358,0.41975308642
1143.582,0.581108829569,0.418891170431
1158.583,0.58282208589,0.41717791411
1158.589,0.58282208589,0.41717791411
1163.041,0.583673469388,0.416326530612
1167.712,0.585365853659,0.414634146341
1167.777,0.585365853659,0.414634146341
1168.143,0.584178498986,0.415821501014
1170.656,0.582995951417,0.417004048583
1167.681,0.58064516129,0.41935483871
1171.736,0.58064516129,0.41935483871
1167.634,0.578313253012,0.421686746988
1167.812,0.578313253012,0.421686746988
1168.624,0.578,0.422
1171.335,0.578,0.422
1167.594,0.577689243028,0.422310756972
1168.055,0.577689243028,0.422310756972
1172.952,0.575396825397,0.424603174603
1172.628,0.575396825397,0.424603174603
1175.815,0.576237623762,0.423762376238
1174.423,0.575098814229,0.424901185771
1172.967,0.575936883629,0.424063116371
1174.548,0.576771653543,0.423228346457
1180.75,0.577603143418,0.422396856582
1187.538,0.578431372549,0.421568627451
1207.927,0.579256360078,0.420743639922
1222.079,0.580078125,0.419921875
1219.458,0.581712062257,0.418287937743
1219.47,0.581712062257,0.418287937743
1223.734,0.582524271845,0.417475728155
1229.463,0.58413926499,0.41586073501
1231.715,0.58413926499,0.41586073501
1231.947,0.584942084942,0.415057915058
1230.664,0.585741811175,0.414258188825
1237.136,0.586538461538,0.413461538462
1234.461,0.585412667946,0.414587332054
1232.296,0.586206896552,0.413793103448
1241.597,0.587786259542,0.412213740458
1241.195,0.587786259542,0.412213740458
1238.339,0.588571428571,0.411428571429
1238.493,0.589353612167,0.410646387833
1241.079,0.590909090909,0.409090909091
1241.758,0.590909090909,0.409090909091
1242.378,0.592452830189,0.407547169811
1242.385,0.592452830189,0.407547169811
1242.309,0.593220338983,0.406779661017
1242.313,0.593984962406,0.406015037594
1251.795,0.595505617978,0.404494382022
1248.67,0.595505617978,0.404494382022
1249.509,0.596261682243,0.403738317757
1249.536,0.597014925373,0.402985074627
1248.408,0.597765363128,0.402234636872
1256.093,0.599257884972,0.400742115028
1252.321,0.599257884972,0.400742115028
1252.315,0.598890942699,0.401109057301
1252.272,0.598890942699,0.401109057301
1261.844,0.596685082873,0.403314917127
1261.333,0.596685082873,0.403314917127
1266.679,0.595588235294,0.404411764706
1266.836,0.593406593407,0.406593406593
1266.302,0.593406593407,0.406593406593
1266.188,0.594149908592,0.405850091408
1263.355,0.594890510949,0.405109489051
1266.138,0.593806921676,0.406193078324
1269.289,0.59165154265,0.40834845735
1271.237,0.59165154265,0.40834845735
1269.465,0.592391304348,0.407608695652
1271.77,0.593128390597,0.406871609403
1274.384,0.594594594595,0.405405405405
1281.025,0.593525179856,0.406474820144
1272.73,0.594254937163,0.405745062837
1274.682,0.594254937163,0.405745062837
1296.194,0.594982078853,0.405017921147
1311.067,0.594642857143,0.405357142857
1310.992,0.594642857143,0.405357142857
1311.079,0.595365418895,0.404634581105
1315.907,0.594306049822,0.405693950178
1321.059,0.596460176991,0.403539823009
1320.934,0.596460176991,0.403539823009
1321.072,0.596460176991,0.403539823009
1326.049,0.597883597884,0.402116402116
1322.845,0.597883597884,0.402116402116
1326.237,0.598591549296,0.401408450704
1330.977,0.6,0.4
1331.39,0.6,0.4
1332.135,0.597902097902,0.402097902098
1331.475,0.597902097902,0.402097902098
1331.236,0.598603839442,0.401396160558
1332.283,0.59652173913,0.40347826087
1340.729,0.59652173913,0.40347826087
1341.305,0.595486111111,0.404513888889
1342.088,0.59445407279,0.40554592721
1338.34,0.595155709343,0.404844290657
1340.984,0.59585492228,0.40414507772
1336.254,0.596551724138,0.403448275862
1336.008,0.595524956971,0.404475043029
1336.25,0.594501718213,0.405498281787
1341.011,0.593481989708,0.406518010292
1334.875,0.592465753425,0.407534246575
1346.489,0.59385665529,0.40614334471
1345.136,0.59385665529,0.40614334471
1345.13,0.592844974446,0.407155025554
1349.452,0.591836734694,0.408163265306
1357.069,0.590831918506,0.409168081494
1357.096,0.589830508475,0.410169491525
1354.925,0.58883248731,0.41116751269
1356.042,0.589527027027,0.410472972973
1352.946,0.588532883642,0.411467116358
1352.331,0.589225589226,0.410774410774
1356.668,0.589915966387,0.410084033613
1352.794,0.588926174497,0.411073825503
1374.408,0.588628762542,0.411371237458
1374.765,0.588628762542,0.411371237458
1381.178,0.588333333333,0.411666666667
1377.612,0.588333333333,0.411666666667
1382.313,0.589700996678,0.410299003322
1381.15,0.589700996678,0.410299003322
1377.46,0.590381426202,0.409618573798
1381.321,0.591059602649,0.408940397351
1378.331,0.590082644628,0.409917355372
1404.8,0.588138385502,0.411861614498
1402.58,0.588138385502,0.411861614498
1402.592,0.588815789474,0.411184210526
1411.807,0.586885245902,0.413114754098
1411.898,0.586885245902,0.413114754098
1412.585,0.585924713584,0.414075286416
1416.797,0.584967320261,0.415032679739
1416.602,0.584013050571,0.415986949429
1413.047,0.584690553746,0.415309446254
1416.76,0.583739837398,0.416260162602
1416.541,0.582792207792,0.417207792208
1416.849,0.583468395462,0.416531604538
1420.468,0.584814216478,0.415185783522
1417.208,0.584814216478,0.415185783522
1436.328,0.584541062802,0.415458937198
1433.215,0.584541062802,0.415458937198
1431.347,0.585209003215,0.414790996785
1437.268,0.584269662921,0.415730337079
1436.422,0.584935897436,0.415064102564
1446.79,0.5856,0.4144
1442.923,0.584664536741,0.415335463259
1442.855,0.585326953748,0.414673046252
1431.653,0.585055643879,0.414944356121
1437.712,0.585055643879,0.414944356121
1443.633,0.585714285714,0.414285714286
1432.497,0.586370839937,0.413629160063
1432.128,0.587025316456,0.412974683544
1433.093,0.587677725118,0.412322274882
1446.33,0.58832807571,0.41167192429
1446.808,0.587401574803,0.412598425197
1462.275,0.586477987421,0.413522012579
1467.672,0.584639498433,0.415360501567
1469.627,0.584639498433,0.415360501567
1468.175,0.58372456964,0.41627543036
1467.809,0.5828125,0.4171875
1468.066,0.581903276131,0.418096723869
1472.825,0.580093312597,0.419906687403
1477.544,0.580093312597,0.419906687403
1476.139,0.578294573643,0.421705426357
1476.463,0.578294573643,0.421705426357
1479.444,0.578947368421,0.421052631579
1479.858,0.578052550232,0.421947449768
1473.376,0.577160493827,0.422839506173
1476.34,0.576271186441,0.423728813559
1473.321,0.576923076923,0.423076923077
1474.182,0.57757296467,0.42242703533
1472.594,0.578220858896,0.421779141104
1476.646,0.57886676876,0.42113323124
1474.113,0.577981651376,0.422018348624
1488.119,0.577099236641,0.422900763359
1492.295,0.575342465753,0.424657534247
1507.387,0.575342465753,0.424657534247
1501.314,0.574468085106,0.425531914894
1504.707,0.575113808801,0.424886191199
1506.465,0.575757575758,0.424242424242
1487.675,0.574886535552,0.425113464448
1505.073,0.575528700906,0.424471299094
1507.346,0.57616892911,0.42383107089
1531.373,0.575301204819,0.424698795181
1529.71,0.575939849624,0.424060150376
1529.788,0.575075075075,0.424924924925
1536.907,0.572496263079,0.427503736921
1536.828,0.572496263079,0.427503736921
1532.312,0.572496263079,0.427503736921
1533.754,0.571641791045,0.428358208955
1536.741,0.570789865872,0.429210134128
1536.928,0.56994047619,0.43005952381
1537.275,0.569093610698,0.430906389302
1537.365,0.56824925816,0.43175074184
1537.324,0.567407407407,0.432592592593
1537.309,0.566568047337,0.433431952663
1537.343,0.565731166913,0.434268833087
1554.494,0.564896755162,0.435103244838
1557.007,0.563235294118,0.436764705882
1554.685,0.563235294118,0.436764705882
1554.816,0.562408223201,0.437591776799
1554.638,0.561583577713,0.438416422287
1556.001,0.560761346999,0.439238653001
1554.598,0.559941520468,0.440058479532
1559.632,0.559124087591,0.440875912409
1559.303,0.559766763848,0.440233236152
1560.774,0.560407569141,0.439592430859
1558.74,0.561046511628,0.438953488372
1571.866,0.559420289855,0.440579710145
1571.219,0.559420289855,0.440579710145
1571.053,0.558610709117,0.441389290883
1571.05,0.557803468208,0.442196531792
1572.554,0.556998556999,0.443001443001
1595.056,0.556195965418,0.443804034582
1596.033,0.556834532374,0.443165467626
1595.967,0.557471264368,0.442528735632
1594.901,0.556671449067,0.443328550933
1620.697,0.555873925501,0.444126074499
1621.145,0.556509298999,0.443490701001
1638.532,0.557142857143,0.442857142857
1648.04,0.55698005698,0.44301994302
1648.679,0.55698005698,0.44301994302
1651.17,0.557610241821,0.442389758179
1651.173,0.558238636364,0.441761363636
1650.913,0.558865248227,0.441134751773
1654.229,0.558073654391,0.441926345609
1655.549,0.558698727016,0.441301272984
1652.562,0.559322033898,0.440677966102
1653.032,0.559943582511,0.440056417489
1652.398,0.559154929577,0.440845070423
1659.158,0.559774964838,0.440225035162
1657.497,0.560393258427,0.439606741573
1687.48,0.561009817672,0.438990182328
1687.628,0.56162464986,0.43837535014
1697.604,0.562237762238,0.437762237762
1702.735,0.562849162011,0.437150837989
1711.567,0.562064156206,0.437935843794
1721.349,0.562674094708,0.437325905292
1718.519,0.563282336579,0.436717663421
1718.087,0.563888888889,0.436111111111
1717.988,0.564493758669,0.435506241331
1727.08,0.565096952909,0.434903047091
1723.385,0.565698478562,0.434301521438
1723.627,0.566298342541,0.433701657459
1731.604,0.566115702479,0.433884297521
1728.388,0.566115702479,0.433884297521
1727.941,0.565337001376,0.434662998624
1731.35,0.56456043956,0.43543956044
1728.133,0.56378600823,0.43621399177
1735.305,0.56301369863,0.43698630137
1747.153,0.561475409836,0.438524590164
1741.379,0.561475409836,0.438524590164
1741.569,0.56070941337,0.43929058663
1742.922,0.561307901907,0.438692098093
1739.798,0.5625,0.4375
1746.425,0.5625,0.4375
1741.877,0.562330623306,0.437669376694
1742.949,0.562330623306,0.437669376694
1746.638,0.563513513514,0.436486486486
1746.561,0.563513513514,0.436486486486
1741.376,0.564102564103,0.435897435897
1742.475,0.564690026954,0.435309973046
1739.774,0.565275908479,0.434724091521
1746.434,0.564516129032,0.435483870968
1760.759,0.565100671141,0.434899328859
1764.943,0.566265060241,0.433734939759
1764.616,0.566265060241,0.433734939759
1775.269,0.566844919786,0.433155080214
1777.331,0.567423230975,0.432576769025
1786.785,0.568,0.432
1790.106,0.568575233023,0.431424766977
1792.35,0.569721115538,0.430278884462
1792.354,0.569721115538,0.430278884462
1798.811,0.570291777188,0.429708222812
1799.448,0.570860927152,0.429139072848
1800.111,0.570105820106,0.429894179894
1803.166,0.572368421053,0.427631578947
1803.801,0.572368421053,0.427631578947
1804.31,0.572368421053,0.427631578947
1806.255,0.572368421053,0.427631578947
1804.091,0.572930354796,0.427069645204
1806.33,0.573490813648,0.426509186352
1807.007,0.572739187418,0.427260812582
1811.32,0.57385620915,0.42614379085
1807.276,0.57385620915,0.42614379085
1816.472,0.574967405476,0.425032594524
1812.291,0.574967405476,0.425032594524
1812.259,0.575520833333,0.424479166667
1822.873,0.576072821847,0.423927178153
1824.272,0.575875486381,0.424124513619
1824.063,0.575875486381,0.424124513619
1829.274,0.576424870466,0.423575129534
1833.004,0.576972833118,0.423027166882
1836.75,0.577519379845,0.422480620155
1836.143,0.578608247423,0.421391752577
1835.972,0.578608247423,0.421391752577
1842.0,0.579150579151,0.420849420849
1841.861,0.57969151671,0.42030848329
1840.979,0.580231065469,0.419768934531
1841.096,0.580769230769,0.419230769231
1846.063,0.581841432225,0.418158567775
1842.379,0.581841432225,0.418158567775
1842.469,0.582375478927,0.417624521073
1851.907,0.583969465649,0.416030534351
1848.511,0.583969465649,0.416030534351
1851.07,0.583969465649,0.416030534351
1854.737,0.585551330798,0.414448669202
1854.676,0.585551330798,0.414448669202
1855.725,0.585551330798,0.414448669202
1855.359,0.586075949367,0.413924050633
1854.894,0.585335018963,0.414664981037
1859.572,0.586380832282,0.413619167718
1860.349,0.586380832282,0.413619167718
1861.458,0.586901763224,0.413098236776
1859.829,0.587421383648,0.412578616352
1862.751,0.588456712673,0.411543287327
1862.654,0.588456712673,0.411543287327
1863.467,0.588972431078,0.411027568922
1864.968,0.589486858573,0.410513141427
1863.344,0.59,0.41
1864.826,0.590511860175,0.409488139825
1870.961,0.59102244389,0.40897755611
1874.47,0.591531755915,0.408468244085
1874.977,0.592039800995,0.407960199005
1874.103,0.592546583851,0.407453416149
1880.971,0.593052109181,0.406947890819
1877.405,0.592821782178,0.407178217822
1880.975,0.592821782178,0.407178217822
1886.113,0.592088998764,0.407911001236
1885.991,0.591358024691,0.408641975309
1889.873,0.589175891759,0.410824108241
1891.211,0.589175891759,0.410824108241
1891.103,0.589175891759,0.410824108241
1887.574,0.588452088452,0.411547911548
1891.195,0.58773006135,0.41226993865
1890.976,0.588235294118,0.411764705882
1890.586,0.588739290086,0.411260709914
1896.368,0.58924205379,0.41075794621
1892.497,0.588522588523,0.411477411477
1900.615,0.587804878049,0.412195121951
1900.054,0.587088915956,0.412911084044
1897.455,0.586374695864,0.413625304136
1900.022,0.585662211422,0.414337788578
1910.609,0.586666666667,0.413333333333
1911.117,0.586666666667,0.413333333333
1916.183,0.587167070218,0.412832929782
1915.984,0.587666263603,0.412333736397
1921.099,0.586248492159,0.413751507841
1920.926,0.586248492159,0.413751507841
1917.193,0.586746987952,0.413253012048
1919.95,0.586040914561,0.413959085439
1918.548,0.586538461538,0.413461538462
1921.748,0.587034813926,0.412965186074
1921.844,0.586330935252,0.413669064748
1922.475,0.586124401914,0.413875598086
1926.052,0.586124401914,0.413875598086
1923.103,0.587112171838,0.412887828162
1922.937,0.587112171838,0.412887828162
1923.545,0.586412395709,0.413587604291
1926.176,0.586904761905,0.413095238095
1923.024,0.587395957194,0.412604042806
1923.511,0.587885985748,0.412114014252
1926.037,0.588862559242,0.411137440758
1922.434,0.588862559242,0.411137440758
1923.124,0.589349112426,0.410650887574
1922.453,0.589834515366,0.410165484634
1931.371,0.590318772137,0.409681227863
1931.0,0.590801886792,0.409198113208
1927.4,0.591283863369,0.408716136631
1931.03,0.591764705882,0.408235294118
1936.083,0.592723004695,0.407276995305
1936.594,0.592723004695,0.407276995305
1941.283,0.593200468933,0.406799531067
1937.268,0.594152046784,0.405847953216
1940.754,0.594152046784,0.405847953216
1940.881,0.594626168224,0.405373831776
1940.834,0.594405594406,0.405594405594
1941.012,0.594405594406,0.405594405594
1940.944,0.593713620489,0.406286379511
1940.995,0.594186046512,0.405813953488
1941.005,0.594657375145,0.405342624855
1940.794,0.595127610209,0.404872389791
1945.985,0.595596755504,0.404403244496
1943.267,0.595375722543,0.404624277457
1945.828,0.594688221709,0.405311778291
1943.527,0.594688221709,0.405311778291
1947.127,0.594002306805,0.405997693195
1946.658,0.59331797235,0.40668202765
1947.126,0.593785960875,0.406214039125
1956.883,0.593103448276,0.406896551724
1956.256,0.593570608496,0.406429391504
1956.364,0.592889908257,0.407110091743
1956.304,0.593356242841,0.406643757159
1956.241,0.592677345538,0.407322654462
1956.295,0.592,0.408
1957.479,0.591324200913,0.408675799087
1961.925,0.591790193843,0.408209806157
1958.43,0.591116173121,0.408883826879
1958.427,0.591581342435,0.408418657565
1958.062,0.592045454545,0.407954545455
1958.79,0.592508513053,0.407491486947
1966.103,0.592970521542,0.407029478458
1967.059,0.593891402715,0.406108597285
1966.313,0.593891402715,0.406108597285
1971.266,0.594350282486,0.405649717514
1972.484,0.594808126411,0.405191873589
1981.53,0.594137542277,0.405862457723
1981.375,0.594594594595,0.405405405405
1982.489,0.595050618673,0.404949381327
1986.966,0.594382022472,0.405617977528
1982.767,0.594837261504,0.405162738496
2002.79,0.595291479821,0.404708520179
2001.539,0.596196868009,0.403803131991
2006.389,0.596648044693,0.403351955307
2006.948,0.596648044693,0.403351955307
2012.131,0.596432552954,0.403567447046
2008.074,0.596432552954,0.403567447046
2016.2,0.595768374165,0.404231625835
2012.943,0.59510567297,0.40489432703
2016.598,0.593784683685,0.406215316315
2016.632,0.593784683685,0.406215316315
2016.635,0.594026548673,0.405973451327
2016.553,0.594026548673,0.405973451327
2017.094,0.594026548673,0.407079646018
2017.001,0.593370165746,0.406629834254
2016.314,0.592061742007,0.407938257993
2016.295,0.592061742007,0.407938257993
2016.653,0.59140969163,0.40859030837
2012.321,0.590759075908,0.409240924092
2021.969,0.591208791209,0.408791208791
2022.513,0.59165751921,0.40834248079
2027.047,0.59100877193,0.40899122807
2022.313,0.591456736035,0.408543263965
2022.543,0.591903719912,0.408096280088
2031.422,0.592794759825,0.407205240175
2027.28,0.592148309706,0.407851690294
2031.845,0.592148309706,0.407851690294
2031.976,0.591503267974,0.408496732026
2031.758,0.591947769314,0.408052230686
2031.502,0.592391304348,0.407608695652
2034.532,0.591748099891,0.408251900109
2032.499,0.591106290672,0.408893709328
2036.949,0.590465872156,0.409534127844
2036.58,0.589826839827,0.410173160173
2032.508,0.589189189189,0.410810810811
2032.518,0.588552915767,0.411447084233
2041.497,0.589439655172,0.410560344828
2040.465,0.589439655172,0.410560344828
2037.305,0.589881593111,0.410118406889
2039.01,0.590322580645,0.409677419355
2046.443,0.591201716738,0.408798283262
2046.806,0.591201716738,0.408798283262
2051.294,0.592513368984,0.407486631016
2047.455,0.592513368984,0.407486631016
2051.411,0.592513368984,0.407486631016
2050.892,0.592948717949,0.407051282051
2047.333,0.593383137673,0.406616862327
2052.144,0.59381663113,0.40618336887
2056.507,0.593184238552,0.406815761448
2066.356,0.593617021277,0.406382978723
2062.335,0.59298618491,0.40701381509
2071.723,0.592356687898,0.407643312102
2072.34,0.591728525981,0.408271474019
2091.746,0.592161016949,0.407838983051
2091.716,0.591534391534,0.408465608466
2092.478,0.591341077086,0.408658922914
2092.41,0.590717299578,0.409282700422
2102.426,0.590717299578,0.409282700422
2102.6,0.59009483667,0.40990516333
2099.117,0.589473684211,0.410526315789
2097.637,0.589905362776,0.410094637224
2110.909,0.590336134454,0.409663865546
2110.076,0.590766002099,0.409233997901
2115.565,0.589528795812,0.410471204188
2116.169,0.589528795812,0.410471204188
2112.246,0.588912133891,0.411087866109
2115.683,0.588296760711,0.411703239289
2114.292,0.587682672234,0.412317327766
2112.364,0.58811261731,0.41188738269
2115.914,0.5875,0.4125
2116.829,0.587929240375,0.412070759625
2121.656,0.587318087318,0.412681912682
2117.288,0.586099585062,0.413900414938
2118.354,0.586099585062,0.413900414938
2127.119,0.585921325052,0.414078674948
2125.64,0.585921325052,0.414078674948
2125.068,0.58531540848,0.41468459152
2126.738,0.585743801653,0.414256198347
2129.119,0.585993820803,0.414006179197
2133.006,0.585993820803,0.414006179197
2128.383,0.585993820803,0.414006179197
2135.55,0.586419753086,0.413580246914
2129.427,0.586844809866,0.413155190134
2130.586,0.587692307692,0.412307692308
2136.016,0.587692307692,0.412307692308
2136.287,0.588114754098,0.411885245902
2136.738,0.588536335722,0.411463664278
2137.65,0.58937691522,0.41062308478
2132.336,0.58937691522,0.41062308478
2134.828,0.588775510204,0.411224489796
2133.438,0.589194699286,0.410805300714
2150.612,0.589613034623,0.410386965377
2176.29,0.59003051882,0.40996948118
2185.221,0.590447154472,0.409552845528
2189.875,0.590862944162,0.409137055838
2196.781,0.591277890467,0.408722109533
2193.203,0.590678824721,0.409321175279
2196.311,0.591093117409,0.408906882591
2190.982,0.591506572295,0.408493427705
2199.859,0.591919191919,0.408080808081
2201.005,0.592330978809,0.407669021191
2210.323,0.593152064451,0.406847935549
2210.914,0.593152064451,0.406847935549
2212.625,0.593561368209,0.406438631791
2226.227,0.592369477912,0.407630522088
2225.957,0.592369477912,0.407630522088
2226.141,0.591775325978,0.408224674022
2226.113,0.592184368737,0.407815631263
2225.959,0.591591591592,0.408408408408
2226.126,0.591,0.409
2224.829,0.59040959041,0.40959040959
2226.335,0.589820359281,0.410179640719
2227.529,0.589232303091,0.410767696909
2228.072,0.588059701493,0.411940298507
2227.933,0.588059701493,0.411940298507
2242.444,0.587475149105,0.412524850895
2242.793,0.586891757696,0.413108242304
2264.987,0.58630952381,0.41369047619
2271.456,0.585148514851,0.414851485149
2268.352,0.585148514851,0.414851485149
2272.941,0.584569732938,0.415430267062
2274.186,0.584402764067,0.415597235933
2273.368,0.584402764067,0.415597235933
2278.572,0.584812623274,0.415187376726
2277.823,0.585221674877,0.414778325123
2277.931,0.585054080629,0.414945919371
2277.418,0.585054080629,0.414945919371
2278.971,0.584479371316,0.415520628684
2286.327,0.584887144259,0.415112855741
2282.565,0.58431372549,0.41568627451
2286.528,0.583741429971,0.416258570029
2286.45,0.584148727984,0.415851272016
2286.496,0.584555229717,0.415444770283
2287.278,0.586341463415,0.414634146341
2291.195,0.585769980507,0.414230019493
2288.66,0.585769980507,0.414230019493
2291.969,0.586173320351,0.413826679649
2287.201,0.586575875486,0.413424124514
2296.335,0.587378640777,0.412621359223
2296.786,0.587378640777,0.412621359223
2307.711,0.587209302326,0.412790697674
2312.664,0.587209302326,0.412790697674
2310.003,0.586640851888,0.413359148112
2307.754,0.586073500967,0.413926499033
2306.778,0.585507246377,0.414492753623
2310.922,0.584942084942,0.415057915058
2309.394,0.5843780135,0.4156219865
2317.626,0.584778420039,0.415221579961
2328.637,0.585178055823,0.414821944177
2327.772,0.584615384615,0.415384615385
2327.662,0.585014409222,0.414985590778
2334.208,0.584452975048,0.415547024952
2332.656,0.58389261745,0.41610738255
2332.98,0.584291187739,0.415708812261
2344.091,0.583732057416,0.416267942584
2343.079,0.58413001912,0.41586998088
2343.192,0.58452722063,0.41547277937
2345.956,0.584923664122,0.415076335878
2343.069,0.585319351764,0.414680648236
2342.84,0.584761904762,0.415238095238
2366.8,0.58515699334,0.41484300666
2368.075,0.584045584046,0.415954415954
2371.955,0.584045584046,0.415954415954
2381.219,0.583491461101,0.416508538899
2372.351,0.582938388626,0.417061611374
2373.162,0.582781456954,0.417218543046
2380.628,0.582781456954,0.417218543046
2381.753,0.582230623819,0.417769376181
2381.334,0.58246936852,0.41753063148
2376.466,0.58246936852,0.41753063148
2372.304,0.58246936852,0.41753063148
2381.399,0.581920903955,0.418079096045
2386.933,0.58231420508,0.41768579492
2387.283,0.583098591549,0.416901408451
2387.338,0.583489681051,0.416510318949
2387.309,0.583489681051,0.416510318949
2399.83,0.582397003745,0.417602996255
2395.6,0.582397003745,0.417602996255
2398.557,0.582787652011,0.417212347989
2402.745,0.583177570093,0.416822429907
2404.148,0.58302238806,0.41697761194
2406.795,0.58302238806,0.41697761194
2404.182,0.583410997204,0.416589002796
2404.185,0.583798882682,0.416201117318
2404.551,0.584186046512,0.415813953488
2402.84,0.584572490706,0.415427509294
2402.859,0.58495821727,0.41504178273
2404.203,0.5853432282,0.4146567718
2414.597,0.586111111111,0.413888888889
2412.28,0.586111111111,0.413888888889
2420.883,0.586334256694,0.413665743306
2417.609,0.586334256694,0.413665743306
2419.395,0.586334256694,0.413665743306
2419.526,0.586715867159,0.413284132841
2421.317,0.587096774194,0.412903225806
2420.034,0.587476979742,0.412523020258
2420.044,0.587856485741,0.412143514259
2421.247,0.587316176471,0.412683823529
2423.584,0.586776859504,0.413223140496
2422.34,0.585701191567,0.414298808433
2424.499,0.585701191567,0.414298808433
2441.703,0.585164835165,0.414835164835
2439.908,0.584629460201,0.415370539799
2442.415,0.585009140768,0.414990859232
2442.327,0.584474885845,0.415525114155
2442.289,0.583941605839,0.416058394161
2447.445,0.584320875114,0.415679124886
2455.943,0.58378870674,0.41621129326
2457.45,0.583636363636,0.416363636364
2458.287,0.583636363636,0.416363636364
2470.644,0.583484573503,0.416515426497
2471.786,0.583484573503,0.416515426497
2469.91,0.583862194016,0.416137805984
2475.981,0.584239130435,0.415760869565
2475.959,0.584990958409,0.415009041591
2476.172,0.584990958409,0.415009041591
2475.072,0.585365853659,0.414634146341
2478.646,0.585740072202,0.414259927798
2477.912,0.58611361587,0.41388638413
2485.353,0.586486486486,0.413513513514
2495.693,0.587230215827,0.412769784173
2495.994,0.587230215827,0.412769784173
2496.028,0.586702605571,0.413297394429
2496.031,0.586175942549,0.413824057451
2497.356,0.585650224215,0.414349775785
2501.919,0.585125448029,0.414874551971
2500.552,0.585496866607,0.414503133393
2488.662,0.585867620751,0.414132379249
2487.71,0.586237712243,0.413762287757
2496.026,0.585714285714,0.414285714286
2495.788,0.585191793042,0.414808206958
2495.549,0.584670231729,0.415329768271
2496.049,0.584149599288,0.415850400712
2492.14,0.583629893238,0.416370106762
2501.024,0.583111111111,0.416888888889
2503.61,0.582593250444,0.417406749556
2503.546,0.582076308784,0.417923691216
2504.55,0.581560283688,0.418439716312
2505.095,0.581045172719,0.418954827281
2503.524,0.580530973451,0.419469026549
2506.072,0.580017683466,0.419982316534
2511.279,0.579505300353,0.420494699647
2511.001,0.578854625551,0.421145374449
2507.916,0.578854625551,0.421145374449
2511.004,0.578854625551,0.421145374449
2511.456,0.579225352113,0.420774647887
2509.862,0.578715919085,0.421284080915
2509.872,0.578207381371,0.421792618629
2511.542,0.577699736611,0.422300263389
2515.355,0.577563540754,0.422436459246
2513.685,0.577563540754,0.422436459246
2521.302,0.577933450088,0.422066549912
2536.038,0.578302712161,0.421697287839
2541.306,0.578671328671,0.421328671329
2550.091,0.57903930131,0.42096069869
2561.246,0.579406631763,0.420593368237
2562.283,0.579773321709,0.420226678291
2567.143,0.580504786771,0.419495213229
2566.945,0.580504786771,0.419495213229
2566.264,0.580869565217,0.419130434783
2567.472,0.580729166667,0.419270833333
2571.61,0.580729166667,0.419270833333
2572.13,0.580225498699,0.419774501301
2572.229,0.57972270364,0.42027729636
2580.031,0.579220779221,0.420779220779
2591.641,0.579584775087,0.420415224913
2591.3,0.579948141746,0.420051858254
2592.247,0.578947368421,0.421052631579
2592.817,0.578947368421,0.421052631579
2592.213,0.578448275862,0.421551724138
2602.132,0.578811369509,0.421188630491
2601.398,0.578313253012,0.421686746988
2600.597,0.578675838349,0.421324161651
2611.303,0.579037800687,0.420962199313
2612.954,0.580119965724,0.419880034276
2612.487,0.579623287671,0.420376712329
2615.055,0.579623287671,0.420376712329
2614.959,0.579623287671,0.420376712329
2614.82,0.580341880342,0.419658119658
2612.753,0.580341880342,0.419658119658
2612.785,0.579846285226,0.420153714774
2613.336,0.580204778157,0.419795221843
2616.344,0.580562659847,0.419437340153
2613.163,0.580919931857,0.419080068143
2628.68,0.581988105353,0.418011894647
2631.445,0.581988105353,0.418011894647
2627.551,0.581988105353,0.418011894647
2629.68,0.58234295416,0.41765704584
2642.354,0.582697201018,0.417302798982
2651.385,0.583050847458,0.416949152542
2656.224,0.583403895004,0.416596104996
2652.532,0.583756345178,0.416243654822
2655.878,0.584459459459,0.415540540541
2656.403,0.584459459459,0.415540540541
2657.347,0.584810126582,0.415189873418
2660.491,0.58550968829,0.41449031171
2658.001,0.58550968829,0.41449031171
2660.894,0.585858585859,0.414141414141
2657.322,0.586206896552,0.413793103448
2665.322,0.586554621849,0.413445378151
2662.249,0.586062132662,0.413937867338
2665.516,0.585570469799,0.414429530201
2669.039,0.585079631182,0.414920368818
2676.968,0.58458961474,0.41541038526
2676.281,0.584937238494,0.415062761506
2673.073,0.585284280936,0.414715719064
2695.304,0.584307178631,0.415692821369
2696.477,0.584307178631,0.415692821369
2695.63,0.583333333333,0.416666666667
2694.328,0.583333333333,0.416666666667
2697.944,0.583194675541,0.416805324459
2697.363,0.583194675541,0.416805324459
2701.442,0.582709891937,0.417290108063
2698.448,0.582225913621,0.417774086379
2699.668,0.581742738589,0.418257261411
2704.883,0.581260364842,0.418739635158
2705.758,0.581607290804,0.418392709196
2706.35,0.581125827815,0.418874172185
2706.379,0.58064516129,0.41935483871
2706.885,0.580991735537,0.419008264463
2707.374,0.58120362737,0.41879637263
2707.563,0.58120362737,0.41879637263
2707.414,0.58120362737,0.41879637263
2715.322,0.581548599671,0.418451400329
2720.444,0.58175842235,0.41824157765
2720.206,0.58175842235,0.41824157765
2720.586,0.58175842235,0.41824157765
2722.263,0.581280788177,0.418719211823
2722.328,0.581624282199,0.418375717801
2726.423,0.581967213115,0.418032786885
2731.095,0.581833060556,0.418166939444
2728.66,0.581833060556,0.418166939444
2740.799,0.582516339869,0.417483660131
2737.645,0.582516339869,0.417483660131
2745.124,0.583197389886,0.416802610114
2745.544,0.583197389886,0.416802610114
2751.204,0.583401139138,0.416598860862
2750.691,0.583401139138,0.416598860862
2747.195,0.583401139138,0.416598860862
2750.14,0.583739837398,0.416260162602
2750.97,0.584077985378,0.415922014622
2747.687,0.584415584416,0.415584415584
2756.122,0.584752635848,0.415247364152
2754.837,0.585425101215,0.414574898785
2753.895,0.585425101215,0.414574898785
2758.587,0.584478577203,0.415521422797
2758.151,0.584478577203,0.415521422797
2765.695,0.584006462036,0.415993537964
2767.154,0.583064516129,0.416935483871
2765.594,0.583064516129,0.416935483871
2768.596,0.582594681708,0.417405318292
2768.317,0.582930756844,0.417069243156
2768.673,0.583266291231,0.416733708769
2767.219,0.583601286174,0.416398713826
2780.71,0.583935742972,0.416064257028
2786.394,0.583467094703,0.416532905297
2789.86,0.583801122694,0.416198877306
2795.933,0.584467574059,0.415532425941
2792.991,0.584467574059,0.415532425941
2797.939,0.584332533973,0.415667466027
2799.924,0.584664536741,0.415335463259
2801.037,0.584664536741,0.415335463259
2806.035,0.584996009577,0.415003990423
2804.083,0.585326953748,0.414673046252
2809.78,0.585657370518,0.414342629482
2807.507,0.585191082803,0.414808917197
2808.576,0.584725536993,0.415274463007
2810.735,0.58426073132,0.41573926868
2812.767,0.584126984127,0.415873015873
2812.298,0.584126984127,0.415873015873
2814.825,0.584456780333,0.415543219667
2814.847,0.583993660856,0.416006339144
2826.382,0.58432304038,0.41567695962
2822.911,0.584651898734,0.415348101266
2829.253,0.58418972332,0.41581027668
2830.372,0.583267561168,0.416732438832
2831.096,0.582807570978,0.417192429022
2828.525,0.582807570978,0.417192429022
2836.316,0.582348305753,0.417651694247
2832.98,0.58188976378,0.41811023622
2841.138,0.581431943352,0.418568056648
2841.332,0.581304006284,0.418695993716
2838.066,0.581304006284,0.418695993716
2842.872,0.580392156863,0.419607843137
2842.175,0.580392156863,0.419607843137
2845.78,0.579937304075,0.420062695925
2842.771,0.580266249021,0.419733750979
2842.483,0.579812206573,0.420187793427
2843.924,0.580140734949,0.419859265051
2846.306,0.5796875,0.4203125
2847.917,0.579234972678,0.420765027322
2860.121,0.579890880748,0.420109119252
2858.689,0.579890880748,0.420109119252
2861.766,0.580218068536,0.419781931464
2862.969,0.579766536965,0.420233463035
2871.32,0.579315707621,0.420684292379
2879.666,0.579642579643,0.420357420357
2886.312,0.579192546584,0.420807453416
2886.689,0.579519006982,0.420480993018
2883.405,0.579395817196,0.420604182804
2886.897,0.579395817196,0.420604182804
2883.83,0.579273008507,0.420726991493
2883.408,0.579273008507,0.420726991493
2883.833,0.579150579151,0.420849420849
2883.403,0.579150579151,0.420849420849
2883.594,0.579475308642,0.420524691358
2883.426,0.579799537394,0.420200462606
2890.497,0.58,0.42
2891.072,0.580322828593,0.419677171407
2891.378,0.580322828593,0.419677171407
2891.569,0.580322828593,0.419677171407
2889.296,0.58064516129,0.41935483871
2891.26,0.580966999233,0.419033000767
2890.901,0.581288343558,0.418711656442
2887.498,0.581609195402,0.418390804598
2893.449,0.582249426167,0.417750573833
2896.336,0.582568807339,0.417431192661
2896.43,0.582568807339,0.417431192661
2896.346,0.582887700535,0.417112299465
2892.55,0.58320610687,0.41679389313
2901.603,0.584158415842,0.415841584158
2897.891,0.584158415842,0.415841584158
2900.572,0.584158415842,0.415841584158
2898.381,0.584474885845,0.415525114155
2898.378,0.584030418251,0.415969581749
2897.548,0.584346504559,0.415653495441
2898.087,0.584662110858,0.415337889142
2906.294,0.585291887794,0.414708112206
2906.782,0.585291887794,0.414708112206
2916.668,0.585919757759,0.414080242241
2916.521,0.585919757759,0.414080242241
2931.471,0.586232980333,0.413767019667
2936.271,0.585789871504,0.414210128496
2937.449,0.586102719033,0.413897280967
2951.782,0.586726998492,0.413273001508
2951.277,0.586726998492,0.413273001508
2952.384,0.587038432555,0.412961567445
2959.755,0.58734939759,0.41265060241
2959.16,0.587659894658,0.412340105342
2959.656,0.587969924812,0.412030075188
2970.015,0.588588588589,0.411411411411
2967.581,0.588588588589,0.411411411411
2976.687,0.589205397301,0.410794602699
2976.352,0.589205397301,0.410794602699
2981.538,0.589071856287,0.410928143713
2979.704,0.589071856287,0.410928143713
2980.573,0.58937920718,0.41062079282
2977.262,0.589686098655,0.410313901345
2979.739,0.58999253174,0.41000746826
2977.632,0.590604026846,0.409395973154
2981.435,0.590604026846,0.409395973154
2981.317,0.59121370067,0.40878629933
2979.773,0.59121370067,0.40878629933
2977.653,0.590773809524,0.409226190476
2977.63,0.591078066914,0.408921933086
2981.399,0.591381872214,0.408618127786
2981.294,0.591685226429,0.408314773571
2982.563,0.591988130564,0.408011869436
2982.355,0.592592592593,0.407407407407
2986.485,0.592592592593,0.407407407407
2982.522,0.59289415248,0.40710584752
2982.432,0.593195266272,0.406804733728
2988.402,0.594095940959,0.405904059041
2991.765,0.594095940959,0.405904059041
2991.613,0.594095940959,0.405904059041
2991.326,0.594395280236,0.405604719764
2991.275,0.594694178335,0.405305821665
2990.608,0.59499263623,0.40500736377
2987.327,0.595290654893,0.404709345107
2992.289,0.595588235294,0.404411764706
2992.325,0.595885378398,0.404114621602
2992.608,0.596182085169,0.403817914831
3001.555,0.596774193548,0.403225806452
3000.335,0.596774193548,0.403225806452
3000.664,0.59706959707,0.40293040293
3001.523,0.597364568082,0.402635431918
3015.614,0.597659107535,0.402340892465
3031.072,0.597953216374,0.402046783626
3034.816,0.598540145985,0.401459854015
3036.326,0.598540145985,0.401459854015
3042.673,0.599125364431,0.400874635569
3044.825,0.599125364431,0.400874635569
3046.045,0.599417334304,0.400582665696
3044.838,0.599708879185,0.400291120815
3047.359,0.600290697674,0.399709302326
3051.336,0.600290697674,0.399709302326
3055.584,0.60058097313,0.39941902687
3060.608,0.601449275362,0.398550724638
3067.762,0.601449275362,0.398550724638
3064.964,0.601449275362,0.398550724638
3063.164,0.602026049204,0.397973950796
3061.574,0.602313810557,0.397686189443
3056.25,0.602313810557,0.397686189443
3055.994,0.602601156069,0.397398843931
3074.822,0.602888086643,0.397111913357
3075.994,0.603746397695,0.396253602305
3074.827,0.603746397695,0.396253602305
3076.009,0.603746397695,0.396253602305
3074.861,0.60460100647,0.39539899353
3074.929,0.60460100647,0.39539899353
3075.613,0.60460100647,0.39539899353
3075.634,0.604885057471,0.395114942529
3075.008,0.605168700646,0.394831299354
3075.626,0.605451936872,0.394548063128
3075.577,0.606017191977,0.393982808023
3074.924,0.606017191977,0.393982808023
3074.852,0.606299212598,0.393700787402
3075.611,0.606580829757,0.393419170243
3080.908,0.607142857143,0.392857142857
3081.299,0.607142857143,0.392857142857
3079.852,0.607423269094,0.392576730906
3081.54,0.607982893799,0.392017106201
3080.023,0.608262108262,0.391737891738
3080.564,0.608262108262,0.391737891738
3080.689,0.608540925267,0.391459074733
3079.824,0.608819345661,0.391180654339
3085.864,0.609097370291,0.390902629709
3086.23,0.609375,0.390625
3084.846,0.609652235628,0.390347764372
3084.831,0.609929078014,0.390070921986
3084.822,0.610205527994,0.389794472006
3083.558,0.610481586402,0.389518413598
3082.789,0.610757254069,0.389242745931
3083.022,0.611032531825,0.388967468175
3083.007,0.611307420495,0.388692579505
3091.357,0.612403100775,0.387596899225
3089.947,0.612403100775,0.387596899225
3091.482,0.612403100775,0.387596899225
3091.048,0.612403100775,0.387596899225
3087.262,0.612948627727,0.387051372273
3089.979,0.612948627727,0.387051372273
3093.354,0.613220815752,0.386779184248
3092.845,0.613764044944,0.386235955056
3093.61,0.613764044944,0.386235955056
3106.442,0.614035087719,0.385964912281
3109.789,0.614305750351,0.385694249649
3107.795,0.614576033637,0.385423966363
3117.291,0.614845938375,0.385154061625
3134.721,0.615384615385,0.384615384615
3145.964,0.615384615385,0.384615384615
3122.585,0.615921787709,0.384078212291
3144.979,0.615921787709,0.384078212291