Time,RejRate,AcceptRate
230.237,0.0,1.0
94.6,0.0,1.0
31.387,0.25,0.75
40.205,0.25,0.75
211.74,0.2,0.8
201.578,0.166666666667,0.833333333333
114.991,0.125,0.875
39.985,0.125,0.875
201.668,0.111111111111,0.888888888889
199.622,0.2,0.8
255.192,0.181818181818,0.818181818182
238.308,0.166666666667,0.833333333333
250.582,0.230769230769,0.769230769231
244.268,0.266666666667,0.733333333333
237.811,0.266666666667,0.733333333333
96.476,0.25,0.75
214.14,0.277777777778,0.722222222222
215.298,0.277777777778,0.722222222222
99.649,0.263157894737,0.736842105263
136.6,0.3,0.7
251.464,0.318181818182,0.681818181818
250.503,0.318181818182,0.681818181818
109.967,0.304347826087,0.695652173913
100.759,0.333333333333,0.666666666667
294.648,0.36,0.64
100.529,0.384615384615,0.615384615385
296.629,0.407407407407,0.592592592593
99.144,0.428571428571,0.571428571429
35.679,0.413793103448,0.586206896552
100.183,0.41935483871,0.58064516129
230.353,0.41935483871,0.58064516129
265.488,0.424242424242,0.575757575758
48.001,0.424242424242,0.575757575758
98.868,0.441176470588,0.558823529412
38.023,0.428571428571,0.571428571429
139.955,0.432432432432,0.567567567568
39.995,0.432432432432,0.567567567568
210.387,0.435897435897,0.564102564103
9.201,0.435897435897,0.564102564103
134.884,0.45,0.55
216.681,0.463414634146,0.536585365854
85.384,0.5,0.5
214.921,0.5,0.5
0.0,0.5,0.5
230.979,0.510638297872,0.489361702128
101.658,0.510638297872,0.489361702128
231.841,0.510638297872,0.489361702128
255.758,0.5,0.5
149.78,0.489795918367,0.510204081633
250.39,0.48,0.52
91.767,0.490196078431,0.509803921569
294.998,0.480769230769,0.519230769231
101.09,0.490909090909,0.509090909091
49.171,0.5,0.5
300.038,0.5,0.5
35.174,0.5,0.5
318.835,0.491525423729,0.508474576271
320.933,0.491525423729,0.508474576271
316.117,0.491525423729,0.508474576271
323.202,0.5,0.5
328.011,0.491803278689,0.508196721311
334.456,0.483870967742,0.516129032258
341.223,0.492063492063,0.507936507937
344.948,0.5,0.5
344.197,0.515151515152,0.484848484848
346.128,0.515151515152,0.484848484848
345.04,0.522388059701,0.477611940299
345.118,0.529411764706,0.470588235294
347.732,0.542857142857,0.457142857143
351.288,0.535211267606,0.464788732394
347.142,0.535211267606,0.464788732394
347.046,0.541666666667,0.458333333333
354.253,0.534246575342,0.465753424658
353.762,0.540540540541,0.459459459459
350.237,0.552631578947,0.447368421053
351.886,0.552631578947,0.447368421053
348.035,0.569620253165,0.430379746835
351.624,0.569620253165,0.430379746835
350.998,0.569620253165,0.430379746835
353.0,0.575,0.425
349.93,0.58024691358,0.41975308642
349.17,0.578313253012,0.421686746988
352.075,0.578313253012,0.421686746988
349.927,0.583333333333,0.416666666667
350.033,0.588235294118,0.411764705882
349.982,0.597701149425,0.402298850575
359.223,0.597701149425,0.402298850575
360.385,0.602272727273,0.397727272727
361.246,0.606741573034,0.393258426966
364.616,0.615384615385,0.384615384615
363.034,0.615384615385,0.384615384615
376.11,0.623655913978,0.376344086022
372.905,0.623655913978,0.376344086022
378.99,0.627659574468,0.372340425532
379.975,0.639175257732,0.360824742268
379.921,0.639175257732,0.360824742268
379.143,0.639175257732,0.360824742268
379.718,0.642857142857,0.357142857143
382.433,0.65,0.35
382.764,0.65,0.35
408.639,0.656862745098,0.343137254902
412.777,0.666666666667,0.343137254902
412.606,0.663461538462,0.336538461538
412.412,0.663461538462,0.336538461538
413.22,0.669811320755,0.330188679245
412.98,0.669811320755,0.330188679245
418.427,0.675925925926,0.324074074074
413.036,0.675925925926,0.324074074074
417.508,0.678899082569,0.321100917431
416.063,0.6875,0.3125
418.557,0.6875,0.3125
418.114,0.6875,0.3125
417.574,0.695652173913,0.304347826087
417.904,0.698275862069,0.301724137931
418.266,0.698275862069,0.301724137931
418.811,0.698275862069,0.301724137931
417.157,0.700854700855,0.299145299145
416.154,0.703389830508,0.296610169492
417.57,0.705882352941,0.294117647059
418.327,0.7,0.3
422.894,0.694214876033,0.305785123967
406.885,0.688524590164,0.311475409836
421.352,0.682926829268,0.317073170732
421.545,0.677419354839,0.322580645161
423.424,0.68,0.32
422.656,0.674603174603,0.325396825397
426.513,0.669291338583,0.330708661417
428.182,0.671875,0.328125
427.241,0.674418604651,0.325581395349
427.443,0.676923076923,0.323076923077
427.875,0.671755725191,0.328244274809
433.606,0.674242424242,0.325757575758
432.877,0.666666666667,0.333333333333
433.711,0.666666666667,0.333333333333
433.776,0.666666666667,0.333333333333
432.998,0.661764705882,0.338235294118
431.921,0.656934306569,0.343065693431
435.616,0.659420289855,0.340579710145
461.346,0.654676258993,0.345323741007
446.827,0.657142857143,0.342857142857
453.523,0.659574468085,0.340425531915
447.512,0.661971830986,0.338028169014
447.404,0.657342657343,0.342657342657
447.029,0.659722222222,0.340277777778
447.685,0.662068965517,0.337931034483
448.686,0.664383561644,0.335616438356
442.336,0.666666666667,0.333333333333
447.915,0.668918918919,0.331081081081
448.881,0.671140939597,0.328859060403
448.699,0.666666666667,0.333333333333
444.592,0.657894736842,0.342105263158
446.481,0.657894736842,0.342105263158
446.88,0.653594771242,0.346405228758
448.033,0.649350649351,0.350649350649
448.063,0.641025641026,0.358974358974
453.471,0.641025641026,0.358974358974
447.819,0.643312101911,0.356687898089
462.642,0.645569620253,0.354430379747
454.57,0.641509433962,0.358490566038
445.983,0.6375,0.3625
447.616,0.633540372671,0.366459627329
448.654,0.635802469136,0.364197530864
448.219,0.640243902439,0.359756097561
448.264,0.640243902439,0.359756097561
448.423,0.636363636364,0.363636363636
468.228,0.634730538922,0.365269461078
468.676,0.634730538922,0.365269461078
468.002,0.636904761905,0.363095238095
468.692,0.633136094675,0.366863905325
467.424,0.635294117647,0.364705882353
473.605,0.633720930233,0.366279069767
472.72,0.633720930233,0.366279069767
500.705,0.630057803468,0.369942196532
500.454,0.626436781609,0.373563218391
505.764,0.622857142857,0.377142857143
511.542,0.625,0.375
511.112,0.621468926554,0.378531073446
512.404,0.620111731844,0.379888268156
516.449,0.620111731844,0.379888268156
514.771,0.616666666667,0.383333333333
513.369,0.618784530387,0.381215469613
512.636,0.617486338798,0.382513661202
512.89,0.617486338798,0.382513661202
512.732,0.619565217391,0.380434782609
513.807,0.616216216216,0.383783783784
512.574,0.618279569892,0.381720430108
512.129,0.614973262032,0.385026737968
516.202,0.617021276596,0.382978723404
513.075,0.619047619048,0.380952380952
516.08,0.621052631579,0.378947368421
513.04,0.61780104712,0.38219895288
518.309,0.619791666667,0.380208333333
518.624,0.616580310881,0.383419689119
517.961,0.618556701031,0.381443298969
519.023,0.622448979592,0.377551020408
517.687,0.622448979592,0.377551020408
517.338,0.624365482234,0.375634517766
518.084,0.626262626263,0.373737373737
517.253,0.623115577889,0.376884422111
523.706,0.625,0.375
523.639,0.620689655172,0.379310344828
522.817,0.620689655172,0.379310344828
521.876,0.620689655172,0.379310344828
551.323,0.617647058824,0.382352941176
554.353,0.608695652174,0.391304347826
552.163,0.608695652174,0.391304347826
552.563,0.608695652174,0.391304347826
552.807,0.605769230769,0.394230769231
552.587,0.604761904762,0.395238095238
552.615,0.604761904762,0.395238095238
551.953,0.60663507109,0.39336492891
552.007,0.608490566038,0.391509433962
557.069,0.607476635514,0.392523364486
557.636,0.609302325581,0.390697674419
557.889,0.609302325581,0.390697674419
557.603,0.611111111111,0.388888888889
557.611,0.612903225806,0.387096774194
557.524,0.611872146119,0.388127853881
558.632,0.611872146119,0.388127853881
557.135,0.613636363636,0.386363636364
561.881,0.615384615385,0.384615384615
562.806,0.617117117117,0.382882882883
608.159,0.618834080717,0.381165919283
608.735,0.616071428571,0.383928571429
611.592,0.613333333333,0.386666666667
608.011,0.615044247788,0.384955752212
611.08,0.616740088106,0.383259911894
612.803,0.623376623377,0.376623376623
613.069,0.623376623377,0.376623376623
612.973,0.623376623377,0.376623376623
616.193,0.623376623377,0.376623376623
612.964,0.625,0.375
616.518,0.62660944206,0.37339055794
614.194,0.628205128205,0.371794871795
613.824,0.629787234043,0.370212765957
617.743,0.631355932203,0.368644067797
621.319,0.63179916318,0.36820083682
621.323,0.63179916318,0.36820083682
618.464,0.63179916318,0.36820083682
618.173,0.633333333333,0.366666666667
617.756,0.636363636364,0.363636363636
619.314,0.636363636364,0.363636363636
622.524,0.637860082305,0.362139917695
636.258,0.640816326531,0.359183673469
634.934,0.640816326531,0.359183673469
637.651,0.642276422764,0.357723577236
643.91,0.641129032258,0.358870967742
646.421,0.641129032258,0.358870967742
646.497,0.642570281124,0.357429718876
646.177,0.644,0.356
651.221,0.646825396825,0.353174603175
648.035,0.646825396825,0.353174603175
648.415,0.648221343874,0.351778656126
647.466,0.649606299213,0.350393700787
647.278,0.650980392157,0.349019607843
647.517,0.65234375,0.34765625
647.191,0.653696498054,0.346303501946
657.275,0.656370656371,0.343629343629
668.665,0.657692307692,0.342307692308
667.952,0.657692307692,0.342307692308
655.693,0.659003831418,0.340996168582
661.213,0.661596958175,0.338403041825
660.905,0.661596958175,0.338403041825
701.019,0.662878787879,0.337121212121
706.059,0.665413533835,0.334586466165
702.844,0.666666666667,0.333333333333
703.448,0.666666666667,0.333333333333
703.745,0.667910447761,0.332089552239
707.295,0.67037037037,0.32962962963
707.418,0.67037037037,0.32962962963
707.391,0.672794117647,0.327205882353
710.998,0.672794117647,0.327205882353
708.724,0.675182481752,0.324817518248
706.979,0.675182481752,0.324817518248
708.012,0.677536231884,0.322463768116
708.302,0.677536231884,0.322463768116
712.358,0.678700361011,0.321299638989
713.604,0.679856115108,0.320143884892
713.403,0.677419354839,0.322580645161
713.61,0.678571428571,0.321428571429
712.334,0.679715302491,0.320284697509
712.499,0.68085106383,0.31914893617
717.291,0.681978798587,0.318021201413
725.284,0.684210526316,0.315789473684
725.371,0.684210526316,0.315789473684
730.978,0.6875,0.3125
728.746,0.6875,0.3125
728.221,0.6875,0.3125
734.58,0.690721649485,0.309278350515
736.476,0.690721649485,0.309278350515
736.582,0.690721649485,0.309278350515
736.187,0.691780821918,0.308219178082
737.312,0.692832764505,0.307167235495
738.612,0.694915254237,0.305084745763
738.239,0.694915254237,0.305084745763
740.31,0.695945945946,0.304054054054
737.92,0.69696969697,0.30303030303
738.708,0.697986577181,0.302013422819
738.385,0.7,0.3
737.939,0.7,0.3
752.596,0.700996677741,0.299003322259
761.625,0.701986754967,0.298013245033
757.929,0.697368421053,0.302631578947
760.37,0.697368421053,0.302631578947
762.245,0.695081967213,0.304918032787
763.855,0.692810457516,0.307189542484
763.709,0.690553745928,0.309446254072
762.558,0.688311688312,0.311688311688
762.757,0.686084142395,0.313915857605
793.641,0.687096774194,0.312903225806
798.681,0.689102564103,0.310897435897
797.505,0.690095846645,0.309904153355
797.618,0.691082802548,0.308917197452
801.334,0.691082802548,0.308917197452
797.148,0.692063492063,0.307936507937
801.109,0.689873417722,0.310126582278
802.8,0.688679245283,0.311320754717
802.326,0.688679245283,0.311320754717
802.332,0.686520376176,0.313479623824
803.663,0.6875,0.3125
802.758,0.689440993789,0.310559006211
802.642,0.689440993789,0.310559006211
806.358,0.69040247678,0.30959752322
818.026,0.689230769231,0.310769230769
831.336,0.689230769231,0.310769230769
812.637,0.69018404908,0.30981595092
827.801,0.688073394495,0.311926605505
827.662,0.689024390244,0.310975609756
807.83,0.686930091185,0.313069908815
807.696,0.687878787879,0.312121212121
827.95,0.688821752266,0.311178247734
823.643,0.689759036145,0.310240963855
826.885,0.690690690691,0.309309309309
822.564,0.692537313433,0.307462686567
827.604,0.690476190476,0.309523809524
811.18,0.691394658754,0.308605341246
817.9,0.691394658754,0.308605341246
822.859,0.694117647059,0.305882352941
807.746,0.694117647059,0.305882352941
827.886,0.694117647059,0.305882352941
807.266,0.695014662757,0.304985337243
827.023,0.695906432749,0.304093567251
824.896,0.696793002915,0.303206997085
829.736,0.697674418605,0.302325581395
832.877,0.698550724638,0.301449275362
832.539,0.699421965318,0.300578034682
832.787,0.700288184438,0.299711815562
833.004,0.701149425287,0.298850574713
833.022,0.702005730659,0.297994269341
833.63,0.703703703704,0.296296296296
833.649,0.703703703704,0.296296296296
832.742,0.705382436261,0.294617563739
832.604,0.705382436261,0.294617563739
839.586,0.707042253521,0.292957746479
839.655,0.707042253521,0.292957746479
837.657,0.707865168539,0.292134831461
839.521,0.708683473389,0.291316526611
850.446,0.710306406685,0.289693593315
847.537,0.710306406685,0.289693593315
852.868,0.709141274238,0.290858725762
853.837,0.709141274238,0.290858725762
853.218,0.707182320442,0.292817679558
853.367,0.70523415978,0.29476584022
854.24,0.703296703297,0.296703296703
854.509,0.701369863014,0.298630136986
852.93,0.70218579235,0.29781420765
852.632,0.701086956522,0.298913043478
854.69,0.69918699187,0.30081300813
854.72,0.69918699187,0.30081300813
859.325,0.7,0.302702702703
860.424,0.698113207547,0.301886792453
867.837,0.698924731183,0.301075268817
875.081,0.700534759358,0.299465240642
874.502,0.700534759358,0.299465240642
878.322,0.701333333333,0.298666666667
887.733,0.699468085106,0.300531914894
893.903,0.695767195767,0.304232804233
892.773,0.695767195767,0.304232804233
892.272,0.696569920844,0.303430079156
892.581,0.694736842105,0.305263157895
892.425,0.696335078534,0.303664921466
892.511,0.696335078534,0.303664921466
893.226,0.697127937337,0.302872062663
893.355,0.6953125,0.3046875
892.298,0.693506493506,0.306493506494
893.41,0.694300518135,0.305699481865
906.056,0.695090439276,0.304909560724
907.59,0.693298969072,0.306701030928
916.71,0.694871794872,0.305128205128
911.99,0.694871794872,0.305128205128
921.07,0.695652173913,0.304347826087
921.01,0.696428571429,0.303571428571
919.919,0.697201017812,0.302798982188
919.732,0.697969543147,0.302030456853
919.559,0.699494949495,0.300505050505
921.691,0.699494949495,0.300505050505
917.997,0.700251889169,0.299748110831
919.882,0.701005025126,0.298994974874
923.657,0.701754385965,0.298245614035
927.517,0.69825436409,0.30174563591
921.938,0.69825436409,0.30174563591
932.425,0.696517412935,0.303482587065
927.628,0.693069306931,0.306930693069
932.697,0.693069306931,0.306930693069
927.944,0.693827160494,0.306172839506
923.143,0.692118226601,0.307881773399
927.921,0.692874692875,0.307125307125
930.985,0.69362745098,0.30637254902
927.976,0.694376528117,0.305623471883
927.31,0.692682926829,0.307317073171
926.295,0.69099756691,0.30900243309
922.621,0.691747572816,0.308252427184
922.567,0.690072639225,0.309927360775
921.965,0.690821256039,0.309178743961
927.971,0.69156626506,0.30843373494
932.483,0.692307692308,0.307692307692
927.607,0.693045563549,0.306954436451
927.563,0.695238095238,0.304761904762
932.678,0.695238095238,0.304761904762
931.24,0.695238095238,0.304761904762
921.907,0.695961995249,0.304038004751
922.94,0.697399527187,0.302600472813
929.449,0.697399527187,0.302600472813
924.434,0.698113207547,0.301886792453
922.633,0.698823529412,0.301176470588
932.718,0.699300699301,0.300699300699
927.689,0.699300699301,0.300699300699
927.86,0.699300699301,0.300699300699
931.559,0.699300699301,0.300699300699
926.471,0.697674418605,0.302325581395
937.393,0.69837587007,0.30162412993
937.944,0.699074074074,0.300925925926
947.529,0.699769053118,0.300230946882
952.417,0.700460829493,0.299539170507
953.322,0.701149425287,0.298850574713
952.315,0.701834862385,0.298165137615
960.844,0.703196347032,0.296803652968
957.772,0.703196347032,0.296803652968
966.221,0.70159453303,0.29840546697
963.031,0.702272727273,0.297727272727
962.563,0.702031602709,0.297968397291
957.969,0.702031602709,0.297968397291
958.596,0.702031602709,0.297968397291
958.867,0.702702702703,0.297297297297
958.217,0.704035874439,0.295964125561
964.442,0.704035874439,0.295964125561
967.163,0.704697986577,0.295302013423
972.866,0.705357142857,0.294642857143
986.484,0.706013363029,0.293986636971
986.224,0.706666666667,0.293333333333
987.864,0.707317073171,0.292682926829
987.278,0.70796460177,0.29203539823
992.565,0.706401766004,0.293598233996
997.857,0.704845814978,0.295154185022
1008.706,0.701754385965,0.298245614035
1008.766,0.701754385965,0.298245614035
1008.421,0.698689956332,0.301310043668
1007.844,0.698689956332,0.301310043668
1007.251,0.698481561822,0.301518438178
1007.646,0.698481561822,0.301518438178
1008.217,0.698481561822,0.301518438178
1007.886,0.699134199134,0.300865800866
1007.669,0.697624190065,0.302375809935
1007.621,0.698275862069,0.301724137931
1014.487,0.697424892704,0.302575107296
1018.041,0.697424892704,0.302575107296
1028.208,0.696581196581,0.303418803419
1031.637,0.696581196581,0.303418803419
1030.977,0.695744680851,0.304255319149
1031.353,0.695744680851,0.304255319149
1031.225,0.694267515924,0.305732484076
1027.534,0.697033898305,0.305084745763
1031.184,0.6955602537,0.3044397463
1031.411,0.694092827004,0.305907172996
1031.157,0.694736842105,0.305263157895
1033.779,0.696016771488,0.303983228512
1033.519,0.696016771488,0.303983228512
1032.627,0.696652719665,0.303347280335
1033.654,0.697286012526,0.302713987474
1032.617,0.697916666667,0.302083333333
1033.69,0.698544698545,0.301455301455
1032.781,0.699170124481,0.300829875519
1033.524,0.699792960663,0.300207039337
1033.788,0.70041322314,0.29958677686
1032.574,0.701030927835,0.298969072165
1038.091,0.701646090535,0.298353909465
1037.285,0.703476482618,0.296523517382
1037.861,0.703476482618,0.296523517382
1036.923,0.703476482618,0.296523517382
1038.021,0.704081632653,0.295918367347
1041.186,0.702647657841,0.297352342159
1042.296,0.70325203252,0.29674796748
1042.871,0.704453441296,0.295546558704
1043.035,0.704453441296,0.295546558704
1052.87,0.705050505051,0.294949494949
1056.684,0.706237424547,0.293762575453
1056.161,0.706237424547,0.293762575453
1057.619,0.707414829659,0.292585170341
1058.164,0.707414829659,0.292585170341
1058.332,0.708582834331,0.291417165669
1058.403,0.708582834331,0.291417165669
1057.244,0.709163346614,0.290836653386
1057.818,0.709741550696,0.290258449304
1063.628,0.710891089109,0.289108910891
1063.455,0.710891089109,0.289108910891
1077.894,0.711462450593,0.288537549407
1081.49,0.712031558185,0.287968441815
1077.987,0.712598425197,0.287401574803
1082.999,0.713163064833,0.286836935167
1096.136,0.713725490196,0.286274509804
1096.111,0.714285714286,0.285714285714
1097.932,0.71484375,0.287109375
1096.953,0.713450292398,0.286549707602
1123.642,0.714563106796,0.285436893204
1123.047,0.714563106796,0.285436893204
1117.192,0.715667311412,0.284332688588
1126.416,0.715667311412,0.284332688588
1122.301,0.716216216216,0.283783783784
1123.715,0.714836223507,0.285163776493
1119.296,0.713461538462,0.286538461538
1123.688,0.712092130518,0.287907869482
1131.205,0.709369024857,0.290630975143
1127.539,0.709369024857,0.290630975143
1127.694,0.708015267176,0.291984732824
1127.383,0.706666666667,0.293333333333
1127.746,0.707224334601,0.292775665399
1128.153,0.705882352941,0.294117647059
1127.724,0.704545454545,0.295454545455
1127.235,0.705103969754,0.294896030246
1127.336,0.705660377358,0.294339622642
1127.766,0.706214689266,0.293785310734
1128.636,0.704887218045,0.295112781955
1127.956,0.704119850187,0.295880149813
1127.699,0.704119850187,0.295880149813
1127.326,0.704672897196,0.295327102804
1133.633,0.705223880597,0.294776119403
1133.731,0.706319702602,0.293680297398
1133.612,0.706319702602,0.293680297398
1142.905,0.706864564007,0.293135435993
1143.709,0.707407407407,0.292592592593
1142.879,0.707948243993,0.292051756007
1147.275,0.708487084871,0.291512915129
1147.658,0.709023941068,0.290976058932
1147.99,0.709558823529,0.290441176471
1148.388,0.710091743119,0.289908256881
1152.397,0.710622710623,0.289377289377
1153.673,0.711151736746,0.288848263254
1152.839,0.711678832117,0.288321167883
1152.598,0.712204007286,0.287795992714
1163.531,0.713248638838,0.286751361162
1165.517,0.713248638838,0.286751361162
1167.964,0.711956521739,0.288043478261
1166.986,0.712477396022,0.287522603978
1169.607,0.712996389892,0.287003610108
1167.737,0.713513513514,0.286486486486
1167.87,0.715053763441,0.284946236559
1169.519,0.715053763441,0.284946236559
1166.961,0.715053763441,0.284946236559
1167.054,0.713774597496,0.286225402504
1173.576,0.714285714286,0.285714285714
1186.381,0.714795008913,0.285204991087
1183.659,0.715808170515,0.284191829485
1183.684,0.715808170515,0.284191829485
1207.994,0.715044247788,0.284955752212
1208.472,0.715044247788,0.284955752212
1208.478,0.713780918728,0.286219081272
1216.237,0.712522045855,0.289241622575
1216.19,0.711267605634,0.288732394366
1214.672,0.711775043937,0.288224956063
1217.907,0.711033274956,0.288966725044
1217.297,0.711033274956,0.288966725044
1217.062,0.70979020979,0.29020979021
1220.988,0.708551483421,0.291448516579
1217.676,0.707317073171,0.292682926829
1226.506,0.706086956522,0.293913043478
1228.089,0.705372616984,0.294627383016
1227.422,0.705372616984,0.294627383016
1228.996,0.704663212435,0.295336787565
1227.823,0.704663212435,0.295336787565
1227.787,0.705172413793,0.294827586207
1227.725,0.70618556701,0.29381443299
1229.075,0.70618556701,0.29381443299
1233.916,0.706689536878,0.293310463122
1243.482,0.705982905983,0.294017094017
1245.977,0.705982905983,0.294017094017
1237.827,0.706984667802,0.293015332198
1243.515,0.706984667802,0.293015332198
1242.607,0.707482993197,0.292517006803
1242.358,0.707979626486,0.292020373514
1236.894,0.708474576271,0.291525423729
1237.999,0.7089678511,0.2910321489
1237.743,0.709459459459,0.290540540541
1247.066,0.709949409781,0.290050590219
1251.443,0.710437710438,0.289562289562
1252.953,0.710924369748,0.289075630252
1248.105,0.711409395973,0.288590604027
1247.765,0.71189279732,0.28810720268
1260.406,0.711185308848,0.288814691152
1259.239,0.711185308848,0.288814691152
1259.482,0.711666666667,0.288333333333
1259.635,0.712146422629,0.287853577371
1260.583,0.713101160862,0.286898839138
1258.738,0.713101160862,0.286898839138
1260.613,0.71357615894,0.28642384106
1266.026,0.714049586777,0.285950413223
1271.353,0.714521452145,0.285478547855
1271.047,0.714991762768,0.285008237232
1272.707,0.715460526316,0.284539473684
1272.446,0.715927750411,0.284072249589
1272.171,0.715220949264,0.284779050736
1271.908,0.715220949264,0.284779050736
1273.682,0.71568627451,0.28431372549
1278.204,0.714518760196,0.285481239804
1277.718,0.712195121951,0.287804878049
1277.693,0.712195121951,0.287804878049
1307.555,0.711038961039,0.288961038961
1299.713,0.711507293355,0.288492706645
1291.962,0.711974110032,0.288025889968
1297.002,0.710823909532,0.289176090468
1298.602,0.711290322581,0.288709677419
1299.924,0.711755233494,0.288244766506
1298.731,0.712218649518,0.287781350482
1302.614,0.712680577849,0.287319422151
1313.342,0.712,0.288
1311.895,0.712,0.288
1321.052,0.712460063898,0.287539936102
1321.065,0.711323763955,0.288676236045
1329.8,0.712241653418,0.287758346582
1332.657,0.712241653418,0.287758346582
1323.238,0.712698412698,0.287301587302
1333.673,0.713153724247,0.286846275753
1333.034,0.712025316456,0.287974683544
1326.519,0.712480252765,0.287519747235
1322.929,0.712933753943,0.287066246057
1332.809,0.713385826772,0.286614173228
1333.084,0.712715855573,0.287284144427
1332.47,0.712715855573,0.287284144427
1332.92,0.711598746082,0.288401253918
1332.812,0.7125,0.2875
1328.588,0.7125,0.2875
1331.362,0.711388455538,0.288611544462
1333.524,0.710280373832,0.289719626168
1331.891,0.709175738725,0.290824261275
1332.162,0.708527131783,0.291472868217
1333.538,0.708527131783,0.291472868217
1322.86,0.708978328173,0.291021671827
1322.893,0.707882534776,0.292117465224
1336.926,0.706790123457,0.293209876543
1332.412,0.707241910632,0.292758089368
1336.863,0.706153846154,0.293846153846
1346.742,0.705069124424,0.294930875576
1346.271,0.705521472393,0.294478527607
1353.198,0.705972434916,0.294027565084
1354.089,0.702743902439,0.297256097561
1353.238,0.702743902439,0.297256097561
1348.2,0.702743902439,0.297256097561
1353.631,0.703196347032,0.296803652968
1353.055,0.702127659574,0.297872340426
1348.252,0.701062215478,0.298937784522
1348.663,0.701515151515,0.298484848485
1353.085,0.701966717095,0.298033282905
1363.245,0.702416918429,0.297583081571
1366.383,0.702865761689,0.297134238311
1357.827,0.701807228916,0.298192771084
1363.712,0.702255639098,0.297744360902
1367.865,0.702702702703,0.297297297297
1366.937,0.703592814371,0.296407185629
1367.958,0.703592814371,0.296407185629
1367.716,0.704035874439,0.295964125561
1373.106,0.70447761194,0.29552238806
1401.1,0.704918032787,0.295081967213
1397.96,0.705357142857,0.294642857143
1403.712,0.704309063893,0.295690936107
1404.699,0.705185185185,0.294814814815
1403.725,0.704142011834,0.295857988166
1402.635,0.704142011834,0.295857988166
1403.335,0.704579025111,0.295420974889
1402.297,0.705014749263,0.294985250737
1414.518,0.703976435935,0.296023564065
1414.458,0.704845814978,0.295154185022
1407.271,0.704845814978,0.295154185022
1414.314,0.705278592375,0.294721407625
1414.797,0.705710102489,0.294289897511
1408.748,0.705109489051,0.294890510949
1411.689,0.705109489051,0.294890510949
1413.075,0.705539358601,0.294460641399
1424.156,0.70596797671,0.29403202329
1427.71,0.704941860465,0.295058139535
1427.15,0.703918722787,0.296081277213
1428.411,0.702898550725,0.297101449275
1427.707,0.701881331404,0.298118668596
1428.35,0.702312138728,0.297687861272
1427.69,0.701298701299,0.298701298701
1427.882,0.700288184438,0.299711815562
1428.385,0.70071942446,0.29928057554
1428.668,0.699712643678,0.300287356322
1428.667,0.698708751793,0.301291248207
1433.96,0.69770773639,0.30229226361
1432.285,0.69757489301,0.30242510699
1432.166,0.69757489301,0.30242510699
1433.618,0.69757489301,0.30242510699
1433.717,0.696581196581,0.303418803419
1437.802,0.697443181818,0.302556818182
1438.11,0.697443181818,0.302556818182
1437.86,0.697872340426,0.302127659574
1443.455,0.698727015559,0.301272984441
1442.755,0.698727015559,0.301272984441
1442.459,0.699152542373,0.300847457627
1442.784,0.699576868829,0.300423131171
1447.303,0.698591549296,0.301408450704
1452.96,0.698033707865,0.301966292135
1453.061,0.698033707865,0.301966292135
1457.746,0.697054698457,0.302945301543
1462.56,0.695104895105,0.304895104895
1462.228,0.695104895105,0.304895104895
1463.259,0.695955369596,0.304044630404
1462.778,0.695955369596,0.304044630404
1462.22,0.694986072423,0.305013927577
1488.648,0.694444444444,0.305555555556
1491.206,0.694444444444,0.305555555556
1488.313,0.693481276006,0.306518723994
1492.613,0.691562932227,0.308437067773
1492.676,0.691562932227,0.308437067773
1492.631,0.691988950276,0.308011049724
1504.158,0.692413793103,0.307586206897
1506.316,0.691460055096,0.308539944904
1507.566,0.68956043956,0.31043956044
1507.319,0.68956043956,0.31043956044
1507.864,0.688614540466,0.311385459534
1507.354,0.68904109589,0.31095890411
1513.124,0.689466484268,0.310533515732
1511.79,0.689890710383,0.310109289617
1517.866,0.690735694823,0.309264305177
1521.594,0.690735694823,0.309264305177
1525.356,0.691576086957,0.308423913043
1522.336,0.691994572592,0.308005427408
1523.319,0.691994572592,0.308005427408
1527.782,0.692411924119,0.307588075881
1528.178,0.692307692308,0.307692307692
1527.895,0.692307692308,0.307692307692
1529.467,0.692307692308,0.307692307692
1531.245,0.692722371968,0.307277628032
1529.44,0.693135935397,0.306864064603
1533.754,0.693548387097,0.306451612903
1532.945,0.693959731544,0.306040268456
1533.816,0.69436997319,0.30563002681
1535.006,0.694779116466,0.305220883534
1532.749,0.695187165775,0.304812834225
1533.759,0.695594125501,0.304405874499
1532.451,0.696,0.304
1533.13,0.696404793609,0.303595206391
1532.472,0.696808510638,0.303191489362
1534.446,0.697211155378,0.302788844622
1537.322,0.697612732095,0.302387267905
1543.106,0.696688741722,0.303311258278
1553.315,0.69708994709,0.30291005291
1552.445,0.69749009247,0.30250990753
1571.635,0.697889182058,0.302110817942
1572.402,0.698287220026,0.301712779974
1577.884,0.699080157687,0.300919842313
1581.121,0.699080157687,0.300919842313
1593.557,0.699475065617,0.300524934383
1596.225,0.699868938401,0.300131061599
1608.649,0.700261780105,0.299738219895
1614.342,0.700653594771,0.299346405229
1614.348,0.701044386423,0.298955613577
1613.001,0.701434159061,0.298565840939
1607.942,0.701822916667,0.298177083333
1613.336,0.702210663199,0.297789336801
1621.643,0.702983138781,0.297016861219
1617.933,0.703367875648,0.296632124352
1617.222,0.703367875648,0.296632124352
1617.696,0.703751617076,0.296248382924
1623.272,0.704516129032,0.295483870968
1626.251,0.704516129032,0.295483870968
1623.082,0.704896907216,0.295103092784
1622.989,0.705276705277,0.294723294723
1623.054,0.706033376123,0.293966623877
1626.436,0.706033376123,0.293966623877
1622.354,0.70641025641,0.29358974359
1622.307,0.706786171575,0.293213828425
1626.25,0.707535121328,0.292464878672
1622.201,0.707535121328,0.292464878672
1623.776,0.706632653061,0.293367346939
1626.165,0.707006369427,0.292993630573
1622.336,0.70737913486,0.29262086514
1628.393,0.708121827411,0.291878172589
1627.216,0.708491761724,0.291508238276
1627.873,0.708491761724,0.291508238276
1627.088,0.708860759494,0.291139240506
1627.822,0.709228824273,0.290771175727
1627.221,0.709962168979,0.290037831021
1627.979,0.709962168979,0.290037831021
1631.92,0.710691823899,0.289308176101
1633.959,0.710691823899,0.289308176101
1634.526,0.711417816813,0.288582183187
1632.997,0.711417816813,0.288582183187
1646.244,0.711779448622,0.288220551378
1650.051,0.712140175219,0.287859824781
1647.692,0.7125,0.2875
1666.26,0.712858926342,0.287141073658
1663.377,0.713216957606,0.286783042394
1667.88,0.713574097136,0.286425902864
1671.899,0.714640198511,0.285359801489
1673.652,0.714640198511,0.285359801489
1676.489,0.714640198511,0.285359801489
1684.319,0.714993804213,0.285006195787
1683.124,0.715346534653,0.284653465347
1683.099,0.715698393078,0.284301606922
1687.732,0.716399506782,0.283600493218
1687.988,0.716399506782,0.283600493218
1703.887,0.716748768473,0.283251231527
1713.385,0.717444717445,0.282555282555
1716.476,0.717791411043,0.282208588957
1707.78,0.717791411043,0.282208588957
1711.784,0.718137254902,0.281862745098
1716.388,0.718826405868,0.281173594132
1716.503,0.718826405868,0.281173594132
1716.413,0.717948717949,0.282051282051
1707.974,0.717073170732,0.282926829268
1712.396,0.716199756395,0.283800243605
1707.98,0.715328467153,0.284671532847
1712.576,0.714459295261,0.285540704739
1708.526,0.714805825243,0.285194174757
1712.671,0.713939393939,0.286060606061
1707.974,0.714285714286,0.285714285714
1707.366,0.714631197098,0.285368802902
1716.225,0.714113389626,0.285886610374
1718.014,0.714113389626,0.285886610374
1718.452,0.714801444043,0.285198555957
1717.648,0.714801444043,0.285198555957
1717.545,0.715144230769,0.284855769231
1718.453,0.714285714286,0.285714285714
1717.196,0.714628297362,0.285371702638
1716.952,0.714114832536,0.285885167464
1717.648,0.714114832536,0.285885167464
1716.905,0.714456391876,0.285543608124
1718.514,0.714797136038,0.285202863962
1718.013,0.715137067938,0.284862932062
1717.927,0.715476190476,0.284523809524
1717.643,0.714625445898,0.285374554102
1717.769,0.71377672209,0.28622327791
1718.696,0.714116251483,0.285883748517
1731.426,0.714792899408,0.285207100592
1727.95,0.714792899408,0.285207100592
1731.458,0.715130023641,0.284869976359
1727.122,0.714285714286,0.285714285714
1736.6,0.714622641509,0.285377358491
1733.091,0.715294117647,0.284705882353
1733.024,0.715294117647,0.284705882353
1737.721,0.714453584019,0.285546415981
1738.007,0.712778429074,0.287221570926
1738.491,0.712778429074,0.287221570926
1737.555,0.713114754098,0.286885245902
1737.811,0.712280701754,0.287719298246
1737.472,0.71261682243,0.28738317757
1738.34,0.712952158693,0.287047841307
1739.417,0.712121212121,0.287878787879
1739.035,0.712456344587,0.287543655413
1743.811,0.711627906977,0.288372093023
1742.98,0.710801393728,0.289198606272
1750.843,0.709976798144,0.290023201856
1754.315,0.710648148148,0.289351851852
1754.394,0.710648148148,0.289351851852
1757.508,0.71098265896,0.28901734104
1759.899,0.710161662818,0.289838337182
1758.509,0.710495963091,0.289504036909
1761.895,0.710829493088,0.289170506912
1759.807,0.71001150748,0.28998849252
1767.686,0.709195402299,0.290804597701
1768.231,0.709529276693,0.290470723307
1757.857,0.709862385321,0.290137614679
1766.367,0.710194730813,0.289805269187
1764.669,0.710526315789,0.289473684211
1776.43,0.711187214612,0.288812785388
1776.405,0.711187214612,0.288812785388
1778.035,0.711516533637,0.288483466363
1782.805,0.711845102506,0.288154897494
1782.003,0.711035267349,0.288964732651
1792.735,0.711363636364,0.288636363636
1807.865,0.71201814059,0.28798185941
1808.117,0.71201814059,0.28798185941
1808.704,0.711211778029,0.288788221971
1807.879,0.710407239819,0.289592760181
1808.245,0.70993227991,0.29006772009
1811.42,0.70993227991,0.29006772009
1811.373,0.709459459459,0.290540540541
1809.464,0.709459459459,0.290540540541
1807.657,0.707865168539,0.292134831461
1808.218,0.707865168539,0.292134831461
1808.237,0.707070707071,0.292929292929
1811.478,0.707399103139,0.292600896861
1812.029,0.707726763718,0.292273236282
1812.661,0.706473214286,0.293526785714
1812.348,0.706473214286,0.293526785714
1812.312,0.706473214286,0.293526785714
1812.55,0.706800445931,0.293199554069
1812.689,0.70745272525,0.29254727475
1812.028,0.70745272525,0.29254727475
1811.942,0.707777777778,0.292222222222
1812.73,0.706992230855,0.293007769145
1813.091,0.707317073171,0.292682926829
1818.436,0.70685840708,0.29314159292
1817.806,0.70685840708,0.29314159292
1817.622,0.707182320442,0.292817679558
1818.51,0.707505518764,0.292494481236
1819.924,0.706725468578,0.293274531422
1822.98,0.70704845815,0.29295154185
1823.797,0.707692307692,0.292307692308
1822.406,0.707692307692,0.292307692308
1834.304,0.707236842105,0.292763157895
1833.113,0.707236842105,0.292763157895
1833.77,0.706783369803,0.293216630197
1833.583,0.706783369803,0.293216630197
1833.832,0.707103825137,0.292896174863
1833.336,0.707423580786,0.292576419214
1833.269,0.70774263904,0.29225736096
1834.478,0.708061002179,0.291938997821
1832.937,0.70837867247,0.29162132753
1834.477,0.708695652174,0.291304347826
1832.978,0.70901194354,0.29098805646
1832.95,0.709327548807,0.290672451193
1842.967,0.709956709957,0.290043290043
1839.366,0.709956709957,0.290043290043
1839.428,0.709189189189,0.290810810811
1843.673,0.709503239741,0.290496760259
1839.469,0.709816612729,0.290183387271
1856.363,0.710129310345,0.289870689655
1852.45,0.710441334769,0.289558665231
1857.806,0.710752688172,0.289247311828
1858.208,0.711373390558,0.288626609442
1857.327,0.711373390558,0.288626609442
1866.658,0.71199143469,0.28800856531
1863.108,0.71199143469,0.28800856531
1863.152,0.712299465241,0.287700534759
1862.869,0.712606837607,0.287393162393
1862.974,0.712913553895,0.287086446105
1863.282,0.713219616205,0.286780383795
1862.618,0.712460063898,0.287539936102
1863.083,0.71170212766,0.28829787234
1867.808,0.710945802338,0.289054197662
1867.364,0.709437963945,0.290562036055
1868.612,0.709437963945,0.290562036055
1872.52,0.708686440678,0.291313559322
1882.402,0.707936507937,0.292063492063
1897.491,0.707497360084,0.292502639916
1898.011,0.707497360084,0.292502639916
1901.183,0.707805907173,0.292194092827
1901.456,0.708113804004,0.291886195996
1894.4,0.7087276551,0.2912723449
1901.37,0.708289611752,0.291710388248
1898.383,0.708289611752,0.291710388248
1898.43,0.708289611752,0.291710388248
1901.457,0.707853403141,0.292146596859
1896.842,0.707853403141,0.292146596859
1898.278,0.708158995816,0.291841004184
1894.882,0.708463949843,0.291536050157
1902.957,0.70802919708,0.29197080292
1903.22,0.70802919708,0.29197080292
1903.01,0.708333333333,0.291666666667
1907.214,0.70893970894,0.29106029106
1907.289,0.70893970894,0.29106029106
1907.728,0.709241952233,0.290758047767
1908.616,0.709543568465,0.290456431535
1912.433,0.708808290155,0.291191709845
1913.318,0.70734229576,0.29265770424
1912.137,0.70734229576,0.29265770424
1911.892,0.707644628099,0.292355371901
1912.972,0.707946336429,0.292053663571
1912.047,0.70824742268,0.29175257732
1913.272,0.708547888774,0.291452111226
1920.993,0.70914696814,0.29085303186
1921.471,0.709445585216,0.290554414784
1920.992,0.709445585216,0.290554414784
1923.553,0.710040983607,0.289959016393
1922.403,0.710040983607,0.289959016393
1923.413,0.71063394683,0.28936605317
1923.781,0.71063394683,0.28936605317
1923.699,0.710929519918,0.290091930541
1923.124,0.710204081633,0.289795918367
1922.017,0.710499490316,0.289500509684
1936.193,0.711382113821,0.288617886179
1946.389,0.711382113821,0.288617886179
1943.373,0.711382113821,0.288617886179
1934.873,0.711675126904,0.288324873096
1941.464,0.710233029382,0.289766970618
1937.234,0.70951417004,0.29048582996
1938.492,0.70951417004,0.29048582996
1937.199,0.708796764408,0.291203235592
1948.909,0.708080808081,0.291919191919
1949.763,0.706653225806,0.293346774194
1947.906,0.706653225806,0.293346774194
1951.19,0.705941591138,0.294058408862
1952.884,0.705527638191,0.294472361809
1953.551,0.705527638191,0.294472361809
1953.015,0.705823293173,0.294176706827
1952.175,0.706118355065,0.293881644935
1953.038,0.706412825651,0.293587174349
1993.199,0.705705705706,0.294294294294
1992.432,0.706,0.294
1992.165,0.706586826347,0.293413173653
1992.946,0.706586826347,0.293413173653
1993.193,0.706879361914,0.293120638086
1992.863,0.707171314741,0.292828685259
1993.198,0.707462686567,0.292537313433
1992.822,0.707753479125,0.292246520875
1992.607,0.708043694141,0.291956305859
2001.569,0.708333333333,0.291666666667
1997.332,0.708622398414,0.291377601586
1997.858,0.709198813056,0.290801186944
2001.178,0.709198813056,0.290801186944
2006.278,0.709772951629,0.290227048371
2006.402,0.709772951629,0.290227048371
2002.136,0.710344827586,0.289655172414
2002.791,0.710344827586,0.289655172414
2008.27,0.710914454277,0.289085545723
2008.364,0.710914454277,0.289085545723
2013.658,0.711198428291,0.288801571709
2016.372,0.711481844946,0.288518155054
2013.657,0.710784313725,0.289215686275
2012.881,0.711067580803,0.288932419197
2018.649,0.7119140625,0.2880859375
2017.91,0.7119140625,0.2880859375
2017.689,0.711219512195,0.288780487805
2017.033,0.711219512195,0.288780487805
2017.671,0.711500974659,0.288499025341
2029.528,0.710808179163,0.289191820837
2036.318,0.711089494163,0.288910505837
2037.964,0.711370262391,0.288629737609
2038.212,0.711930164888,0.288069835112
2038.011,0.711930164888,0.288069835112
2041.603,0.711240310078,0.288759689922
2043.03,0.7105517909,0.2894482091
2043.592,0.709178743961,0.290821256039
2042.105,0.709178743961,0.290821256039
2087.939,0.708494208494,0.291505791506
2086.961,0.707129094412,0.292870905588
2092.363,0.707129094412,0.292870905588
2086.377,0.706448508181,0.293551491819
2088.176,0.705769230769,0.294230769231
2087.998,0.706333973129,0.293666026871
2093.311,0.706333973129,0.293666026871
2088.181,0.706615532119,0.293384467881
2092.941,0.706896551724,0.293103448276
2088.677,0.706500956023,0.293499043977
2087.57,0.706500956023,0.293499043977
2092.993,0.706781279847,0.293218720153
2098.343,0.707061068702,0.292938931298
2098.041,0.707619047619,0.292380952381
2097.574,0.707897240723,0.292102759277
2098.225,0.707897240723,0.292102759277
2097.619,0.708174904943,0.291825095057
2097.864,0.707502374169,0.292497625831
2102.506,0.706831119545,0.293168880455
2103.382,0.707386363636,0.292613636364
2101.948,0.707386363636,0.292613636364
2112.648,0.706994328922,0.293005671078
2112.389,0.706994328922,0.293005671078
2114.827,0.706326723324,0.293673276676
2114.833,0.706603773585,0.293396226415
2112.824,0.706880301602,0.293119698398
2112.829,0.706214689266,0.293785310734
2118.722,0.706491063029,0.293508936971
2118.813,0.707042253521,0.292957746479
2118.417,0.707042253521,0.292957746479
2123.789,0.707317073171,0.292682926829
2123.994,0.707865168539,0.292134831461
2122.53,0.707865168539,0.292134831461
2122.996,0.708138447147,0.291861552853
2123.794,0.708411214953,0.291588785047
2123.911,0.708683473389,0.291316526611
2122.342,0.708955223881,0.291044776119
2127.031,0.709497206704,0.290502793296
2127.927,0.709497206704,0.290502793296
2128.157,0.70976744186,0.29023255814
2134.007,0.710037174721,0.289962825279
2143.323,0.710306406685,0.289693593315
2145.477,0.710575139147,0.289424860853
2143.926,0.710843373494,0.289156626506
2145.333,0.711111111111,0.288888888889
2143.154,0.711378353377,0.288621646623
2149.563,0.711645101664,0.288354898336
2148.127,0.711911357341,0.288088642659
2156.065,0.712177121771,0.287822878229
2164.128,0.712442396313,0.287557603687
2165.661,0.71270718232,0.28729281768
2173.092,0.712971481141,0.287028518859
2182.913,0.713235294118,0.286764705882
2183.523,0.71349862259,0.28650137741
2186.584,0.71376146789,0.28623853211
2191.376,0.714023831347,0.285976168653
2187.23,0.714285714286,0.285714285714
2188.313,0.714547118024,0.285452881976
2187.987,0.714808043876,0.285191956124
2186.956,0.715328467153,0.284671532847
2187.108,0.715328467153,0.284671532847
2187.553,0.714676390155,0.285323609845
2187.94,0.714936247723,0.285063752277
2187.482,0.715195632393,0.284804367607
2188.518,0.715454545455,0.284545454545
2192.898,0.715970961887,0.284029038113
2202.843,0.715970961887,0.284029038113
2202.804,0.716228467815,0.283771532185
2202.006,0.715579710145,0.284420289855
2208.762,0.714285714286,0.285714285714
2207.688,0.714285714286,0.285714285714
2208.66,0.713640469738,0.286359530262
2221.386,0.712996389892,0.287003610108
2218.721,0.711711711712,0.288288288288
2218.369,0.711711711712,0.288288288288
2213.026,0.71197119712,0.28802880288
2212.398,0.712230215827,0.287769784173
2214.36,0.712746858169,0.287253141831
2211.938,0.712746858169,0.287253141831
2214.87,0.713004484305,0.286995515695
2212.063,0.712623097583,0.287376902417
2213.717,0.712623097583,0.287376902417
2214.333,0.712880143113,0.287119856887
2212.76,0.713136729223,0.286863270777
2213.86,0.71275646744,0.28724353256
2212.755,0.71275646744,0.28724353256
2211.922,0.713268032057,0.286731967943
2214.258,0.713268032057,0.286731967943
2218.136,0.712888888889,0.287111111111
2214.456,0.712888888889,0.287111111111
2224.551,0.713398402839,0.286601597161
2223.682,0.713398402839,0.286601597161
2222.501,0.713020372011,0.286979627989
2223.021,0.713020372011,0.286979627989
2224.362,0.713274336283,0.286725663717
2240.364,0.713527851459,0.286472148541
2239.224,0.713780918728,0.286219081272
2242.698,0.714285714286,0.285714285714
2232.831,0.714285714286,0.285714285714
2231.335,0.713908450704,0.286091549296
2232.658,0.713908450704,0.286091549296
2233.248,0.714411247803,0.285588752197
2236.628,0.714411247803,0.285588752197
2232.276,0.714661984197,0.285338015803
2243.657,0.715162138475,0.284837861525
2237.255,0.715162138475,0.284837861525
2253.755,0.715411558669,0.284588441331
2252.468,0.715660542432,0.284339457568
2261.45,0.715909090909,0.284090909091
2266.847,0.71615720524,0.28384279476
2268.23,0.716404886562,0.283595113438
2273.296,0.716652136007,0.283347863993
2272.512,0.717145343777,0.282854656223
2272.817,0.717145343777,0.282854656223
2273.059,0.717391304348,0.282608695652
2276.384,0.717636837533,0.282363162467
2274.505,0.717013888889,0.282986111111
2276.536,0.715771230503,0.284228769497
2273.954,0.715771230503,0.284228769497
2278.51,0.715397923875,0.284602076125
2278.386,0.715397923875,0.284602076125
2277.654,0.71477960242,0.28522039758
2278.564,0.714162348877,0.285837651123
2278.1,0.713793103448,0.286206896552
2278.086,0.713793103448,0.286206896552
2277.764,0.713178294574,0.286821705426
2277.812,0.71256454389,0.28743545611
2293.605,0.711340206186,0.288659793814
2286.84,0.711340206186,0.288659793814
2292.519,0.711587982833,0.288412017167
2293.401,0.710977701544,0.289022298456
2304.668,0.710616438356,0.289383561644
2306.475,0.710616438356,0.289383561644
2306.719,0.711111111111,0.288888888889
2306.406,0.711111111111,0.288888888889
2304.545,0.711604095563,0.288395904437
2306.3,0.711604095563,0.288395904437
2306.418,0.711849957374,0.288150042626
2303.727,0.712095400341,0.287904599659
2308.076,0.712585034014,0.287414965986
2311.428,0.712585034014,0.287414965986
2308.827,0.712224108659,0.287775891341
2308.049,0.712224108659,0.287775891341
2307.915,0.712468193384,0.287531806616
2313.063,0.712711864407,0.287288135593
2313.174,0.712955122777,0.287044877223
2312.221,0.713197969543,0.286802030457
2312.671,0.71259509721,0.28740490279
2312.905,0.711993243243,0.288006756757
2313.767,0.710792580101,0.289207419899
2312.168,0.710792580101,0.289207419899
2317.58,0.710193765796,0.289806234204
2318.898,0.708999158957,0.291000841043
2318.655,0.708999158957,0.291000841043
2329.509,0.708403361345,0.291596638655
2342.419,0.707460184409,0.292539815591
2343.025,0.707460184409,0.292539815591
2342.529,0.707460184409,0.292539815591
2343.644,0.70770519263,0.29229480737
2341.465,0.708193979933,0.291806020067
2343.46,0.708193979933,0.291806020067
2343.717,0.708437761069,0.291562238931
2343.191,0.708681135225,0.291318864775
2341.672,0.70892410342,0.29107589658
2344.385,0.709166666667,0.290833333333
2343.78,0.708576186511,0.291423813489
2341.224,0.707986688852,0.292013311148
2342.434,0.708229426434,0.291770573566
2347.515,0.707641196013,0.292358803987
2347.913,0.707883817427,0.292116182573
2347.85,0.708126036484,0.291873963516
2357.307,0.706953642384,0.293046357616
2354.719,0.706953642384,0.293046357616
2355.656,0.706368899917,0.293631100083
2352.86,0.706611570248,0.293388429752
2353.776,0.70602807597,0.29397192403
2359.444,0.706270627063,0.293729372937
2363.767,0.705688375927,0.294311624073
2361.334,0.70510708402,0.29489291598
2368.584,0.703947368421,0.296052631579
2367.869,0.703947368421,0.296052631579
2367.89,0.703612479475,0.296387520525
2368.207,0.703612479475,0.296387520525
2367.934,0.703035274815,0.296964725185
2373.611,0.702702702703,0.297297297297
2372.866,0.702702702703,0.297297297297
2387.46,0.70294599018,0.29705400982
2390.898,0.702371218316,0.297628781684
2393.416,0.701797385621,0.298202614379
2393.485,0.701224489796,0.298775510204
2399.314,0.701468189233,0.298531810767
2401.506,0.701140065147,0.298859934853
2398.653,0.701140065147,0.298859934853
2398.065,0.701383238405,0.298616761595
2398.261,0.70162601626,0.29837398374
2397.86,0.701868399675,0.298131600325
2398.241,0.701540957015,0.298459042985
2397.761,0.701540957015,0.298459042985
2398.688,0.701782820097,0.298217179903
2398.438,0.701214574899,0.298785425101
2403.64,0.700080840744,0.299919159256
2403.627,0.700080840744,0.299919159256
2419.409,0.700323101777,0.299676898223
2423.551,0.699757869249,0.300242130751
2434.934,0.7,0.3
2437.736,0.698872785829,0.301127214171
2438.658,0.699115044248,0.300884955752
2437.723,0.699115044248,0.300884955752
2438.612,0.699356913183,0.300643086817
2437.635,0.699598393574,0.300401606426
2437.54,0.699036918138,0.300963081862
2438.174,0.699278267843,0.300721732157
2438.097,0.699519230769,0.300480769231
2437.935,0.699759807846,0.300240192154
2437.941,0.7,0.3
2437.948,0.700239808153,0.299760191847
2446.686,0.700479233227,0.299520766773
2449.687,0.700718276137,0.299281723863
2449.485,0.700956937799,0.299043062201
2448.052,0.701195219124,0.298804780876
2456.898,0.701433121019,0.298566878981
2457.863,0.700875099443,0.299124900557
2462.212,0.701112877583,0.298887122417
2468.001,0.701350277998,0.298649722002
2482.967,0.701587301587,0.298412698413
2491.542,0.701823949247,0.298176050753
2493.03,0.701504354711,0.298495645289
2493.809,0.701504354711,0.298495645289
2492.828,0.701185770751,0.298814229249
2492.18,0.701185770751,0.298814229249
2493.786,0.701421800948,0.298578199052
2493.441,0.701657458564,0.298342541436
2492.214,0.702127659574,0.297872340426
2491.916,0.702127659574,0.297872340426
2492.494,0.702362204724,0.297637795276
2494.402,0.702596380803,0.297403619197
2493.591,0.702044025157,0.297955974843
2498.509,0.70251177394,0.29748822606
2503.318,0.70251177394,0.29748822606
2507.912,0.702745098039,0.297254901961
2512.305,0.702978056426,0.297021943574
2518.79,0.703210649961,0.296789350039
2520.071,0.703442879499,0.296557120501
2518.283,0.702892885066,0.297107114934
2526.21,0.703125,0.296875
2533.955,0.702028081123,0.297971918877
2532.704,0.702028081123,0.297971918877
2533.056,0.701480904131,0.298519095869
2533.042,0.700934579439,0.299065420561
2533.268,0.700389105058,0.299610894942
2532.112,0.699844479005,0.300155520995
2532.257,0.700077700078,0.299922299922
2532.679,0.700310559006,0.299689440994
2542.653,0.699224806202,0.300775193798
2543.035,0.698683191325,0.301316808675
2551.366,0.698683191325,0.301316808675
2543.035,0.698142414861,0.301857585139
2538.193,0.69837587007,0.30162412993
2557.566,0.698608964451,0.301391035549
2563.526,0.698069498069,0.301930501931
2577.705,0.698302469136,0.301697530864
2581.344,0.698535080956,0.301464919044
2583.284,0.698767334361,0.301232665639
2582.808,0.699461952344,0.300538047656
2583.607,0.699461952344,0.300538047656
2597.617,0.699461952344,0.300538047656
2582.126,0.699692780338,0.300307219662
2582.735,0.699923254029,0.300076745971
2583.579,0.700153374233,0.299846625767
2601.218,0.699616858238,0.300383141762
2581.902,0.699846860643,0.300153139357
2606.194,0.699541284404,0.300458715596
2583.485,0.699541284404,0.300458715596
2591.782,0.699770817418,0.300229182582
2597.421,0.7,0.3
2608.524,0.700228832952,0.299771167048
2614.006,0.700685453161,0.299314546839
2613.83,0.700685453161,0.299314546839
2613.651,0.700913242009,0.299086757991
2613.427,0.701140684411,0.298859315589
2614.47,0.701367781155,0.298632218845
2627.835,0.70159453303,0.29840546697
2624.175,0.701820940819,0.298179059181
2629.678,0.702047005307,0.297952994693
2625.211,0.702272727273,0.297727272727
2622.684,0.702498107494,0.297501892506
2619.171,0.702723146747,0.297276853253
2617.973,0.702947845805,0.297052154195
2623.082,0.703172205438,0.296827794562
2619.104,0.703396226415,0.296603773585
2622.574,0.703619909502,0.296380090498
2637.784,0.703843255463,0.296156744537
2643.199,0.70406626506,0.29593373494
2653.073,0.704288939052,0.295711060948
2668.108,0.704511278195,0.295488721805
2668.354,0.704733283246,0.295266716754
2679.824,0.704954954955,0.295045045045
2680.565,0.705176294074,0.294823705926
2685.079,0.705617977528,0.294382022472
2683.256,0.705617977528,0.294382022472
2684.457,0.705089820359,0.294910179641
2684.246,0.70531039641,0.29468960359
2682.985,0.70425690814,0.29574309186
2684.606,0.70425690814,0.29574309186
2683.872,0.703731343284,0.296268656716
2692.957,0.703206562267,0.296793437733
2699.415,0.702903946389,0.297096053611
2701.688,0.702903946389,0.297096053611
2700.985,0.703125,0.296875
2700.058,0.702602230483,0.297397769517
2702.89,0.702823179792,0.297176820208
2702.676,0.702522255193,0.297477744807
2702.431,0.702522255193,0.297477744807
2703.309,0.70200148258,0.29799851742
2702.964,0.702222222222,0.297777777778
2702.296,0.701923076923,0.298076923077
2701.991,0.701923076923,0.298076923077
2702.369,0.70214338507,0.29785661493
2702.347,0.702363367799,0.297636632201
2703.124,0.70258302583,0.29741697417
2703.779,0.701547531319,0.298452468681
2703.266,0.701547531319,0.298452468681
2702.869,0.70176730486,0.29823269514
2703.738,0.701250919794,0.298749080206
2702.932,0.701470588235,0.298529411765
2710.561,0.701689933872,0.298310066128
2714.706,0.702127659574,0.297872340426
2716.606,0.702127659574,0.297872340426
2718.052,0.702346041056,0.297653958944
2719.577,0.702564102564,0.297435897436
2718.731,0.702781844802,0.297218155198
2722.161,0.702999268471,0.297000731529
2725.044,0.703216374269,0.296783625731
2724.196,0.703433162893,0.296566837107
2727.37,0.703865791393,0.296134208607
2728.227,0.703865791393,0.296134208607
2727.732,0.704081632653,0.295918367347
2727.71,0.704297159505,0.295702840495
2728.16,0.704512372635,0.295487627365
2727.913,0.704727272727,0.295272727273
2727.4,0.705156136529,0.294843863471
2726.99,0.705156136529,0.294843863471
2728.271,0.705370101597,0.294629898403
2728.826,0.705583756345,0.294416243655
2728.056,0.705797101449,0.294202898551
2733.738,0.706010137581,0.293989862419
2742.863,0.706222865412,0.293777134588
2743.005,0.706435285611,0.293564714389
2747.341,0.707070707071,0.292929292929
2748.565,0.707070707071,0.292929292929
2748.109,0.707070707071,0.292929292929
2749.532,0.707281903389,0.292718096611
2752.921,0.707492795389,0.292507204611
2758.881,0.707703383729,0.292296616271
2758.948,0.707913669065,0.292086330935
2761.716,0.708333333333,0.291666666667
2757.87,0.708333333333,0.291666666667
2759.918,0.708542713568,0.291457286432
2762.454,0.7087517934,0.2912482066
2769.519,0.709169054441,0.290830945559
2767.783,0.709169054441,0.290830945559
2774.822,0.709585121602,0.290414878398
2774.16,0.709585121602,0.290414878398
2774.477,0.709792709078,0.290207290922
2774.322,0.71,0.29
2772.958,0.710206995004,0.289793004996
2772.431,0.710413694722,0.289586305278
2777.8,0.710620099786,0.289379900214
2778.124,0.710113960114,0.289886039886
2779.504,0.710320284698,0.289679715302
2777.771,0.710526315789,0.289473684211
2793.65,0.7109375,0.2890625
2793.195,0.7109375,0.2890625
2796.12,0.711142654365,0.288857345635
2797.984,0.710843373494,0.289156626506
2799.6,0.710843373494,0.289156626506
2797.372,0.710339943343,0.289660056657
2799.531,0.709837225761,0.290162774239
2797.286,0.709335219236,0.290664780764
2798.283,0.708833922261,0.291166077739
2797.128,0.709039548023,0.290960451977
2803.206,0.708245243129,0.291754756871
2802.262,0.708245243129,0.291754756871
2804.356,0.708245243129,0.291754756871
2803.033,0.707746478873,0.292253521127
2804.254,0.707248416608,0.292751583392
2803.079,0.707454289733,0.292545710267
2804.553,0.706957132818,0.293042867182
2809.533,0.705964912281,0.294035087719
2808.871,0.705964912281,0.294035087719
2811.501,0.70497547302,0.29502452698
2807.623,0.70497547302,0.29502452698
2807.672,0.705388383485,0.294611616515
2810.976,0.705388383485,0.294611616515
2808.016,0.705594405594,0.294405594406
2812.467,0.705800139762,0.294199860238
2817.752,0.706210746685,0.293789253315
2821.345,0.706210746685,0.293789253315
2818.384,0.706415620642,0.293584379358
2820.974,0.706620209059,0.293379790941
2817.512,0.706824512535,0.293175487465
2822.976,0.706536856745,0.293463143255
2822.967,0.706536856745,0.293463143255
2822.868,0.70625,0.29375
2823.254,0.70625,0.29375
2822.907,0.705759888966,0.294240111034
2822.651,0.704781704782,0.295218295218
2822.078,0.704781704782,0.295218295218
2822.335,0.704293628809,0.295706371191
2822.071,0.704498269896,0.295501730104
2829.092,0.704011065007,0.295988934993
2828.631,0.704215618521,0.295784381479
2837.914,0.703729281768,0.296270718232
2838.53,0.703243616287,0.296756383713
2846.227,0.70275862069,0.29724137931
2842.717,0.702963473467,0.297036526533
2841.965,0.702684101858,0.297315898142
2844.41,0.702684101858,0.297315898142
2843.123,0.702888583219,0.297111416781
2842.428,0.703092783505,0.296907216495
2842.848,0.703500343171,0.296499656829
2841.939,0.703500343171,0.296499656829
2853.841,0.703906785469,0.296093214531
2853.005,0.703906785469,0.296093214531
2856.396,0.703627652293,0.296372347707
2852.228,0.703627652293,0.296372347707
2853.609,0.704032809296,0.295967190704
2852.133,0.704032809296,0.295967190704
2862.911,0.704234972678,0.295765027322
2862.415,0.704638472033,0.295361527967
2863.317,0.704638472033,0.295361527967
2868.825,0.704359673025,0.295640326975
2867.344,0.704359673025,0.295640326975
2868.038,0.7045609258,0.2954390742
2868.027,0.704761904762,0.295238095238
2868.679,0.704282800816,0.295717199184
2867.372,0.704483695652,0.295516304348
2873.655,0.704684317719,0.295315682281
2873.054,0.703728813559,0.296271186441
2872.386,0.703728813559,0.296271186441
2888.178,0.70325203252,0.29674796748
2887.684,0.702300405954,0.297699594046
2887.588,0.702300405954,0.297699594046
2896.618,0.701825557809,0.298174442191
2891.862,0.702027027027,0.297972972973
2893.509,0.702228224173,0.297771775827
2897.528,0.70262980445,0.29737019555
2899.951,0.70262980445,0.29737019555
2900.433,0.702830188679,0.297169811321
2898.089,0.702356902357,0.297643097643
2903.641,0.701884253028,0.298115746972
2902.83,0.701412239408,0.298587760592
2902.031,0.701612903226,0.298387096774
2907.408,0.702013422819,0.297986577181
2911.499,0.702013422819,0.297986577181
2913.553,0.701542588867,0.298457411133
2912.864,0.701742627346,0.298257372654
2913.639,0.701272605492,0.298727394508
2912.907,0.700803212851,0.299196787149
2912.242,0.701003344482,0.298996655518
2911.833,0.701203208556,0.298796791444
2913.237,0.700734802939,0.299265197061
2927.621,0.700934579439,0.299065420561
2923.863,0.701134089393,0.298865910607
2936.227,0.701532311792,0.298467688208
2936.407,0.701532311792,0.298467688208
2936.717,0.701929474385,0.298070525615
2936.693,0.701929474385,0.298070525615
2937.957,0.701462765957,0.298537234043
2937.861,0.701859229748,0.298140770252
2937.306,0.701859229748,0.298140770252
2940.209,0.702057067021,0.297942932979
2936.933,0.70225464191,0.29774535809
2938.51,0.701324503311,0.298675496689
2939.699,0.701324503311,0.298675496689
2939.925,0.700860357379,0.299139642621
2948.713,0.700396825397,0.299603174603
2951.286,0.700594844679,0.299405155321
2949.261,0.699669966997,0.300330033003
2948.489,0.699669966997,0.300330033003
2952.516,0.699406723797,0.300593276203
2956.35,0.699406723797,0.300593276203
2953.939,0.699604743083,0.300395256917
2953.311,0.699802501646,0.300197498354
2952.091,0.7,0.3
2952.384,0.699539776463,0.300460223537
2953.258,0.699080157687,0.300919842313
2953.057,0.6992777413,0.3007222587
2958.615,0.699475065617,0.300524934383
2957.815,0.699672131148,0.300327868852
2962.969,0.69875573019,0.30124426981
2962.349,0.69875573019,0.30124426981
2969.419,0.699149771092,0.300850228908
2962.561,0.699149771092,0.300850228908
2981.021,0.699346405229,0.300653594771
2982.803,0.699542782495,0.300457217505
2987.369,0.699738903394,0.300261096606
2987.588,0.699282452707,0.300717547293
2988.62,0.699478487614,0.300521512386
2991.459,0.699022801303,0.300977198697
2997.987,0.69921875,0.30078125
3000.992,0.699414443722,0.300585556278
2998.211,0.699609882965,0.300390117035
3003.01,0.699155295647,0.300844704353
3002.669,0.699350649351,0.300649350649
3007.335,0.699545749513,0.300454250487
3012.311,0.699740596628,0.300259403372
3022.388,0.699935191186,0.300064808814
3025.876,0.700323624595,0.299676375405
3022.932,0.700323624595,0.299676375405
3028.23,0.700517464424,0.299482535576
3027.99,0.700904392765,0.299095607235
3031.195,0.700904392765,0.299095607235
3028.2,0.700451904454,0.299548095546
3032.755,0.7,0.3
3032.912,0.700193423598,0.299806576402
3033.705,0.699742268041,0.300257731959
3043.049,0.699291693496,0.300708306504
3047.84,0.698586118252,0.301413881748
3048.284,0.698586118252,0.301413881748
3047.909,0.698586118252,0.301413881748
3047.949,0.69877970456,0.30122029544
3048.191,0.698331193838,0.301668806162
3048.383,0.698524695318,0.301475304682
3048.582,0.698717948718,0.301282051282
3071.368,0.698270339526,0.301729660474
3072.927,0.698016634677,0.301983365323
3072.023,0.698016634677,0.301983365323
3077.876,0.69820971867,0.30179028133
3082.966,0.697763578275,0.302236421725
3082.146,0.697318007663,0.302681992337
3090.517,0.696178343949,0.303821656051
3090.416,0.696178343949,0.303821656051
3089.1,0.696178343949,0.303821656051
3089.326,0.696178343949,0.303821656051
3092.725,0.695928753181,0.304071246819
3091.994,0.695928753181,0.304071246819
3093.194,0.69548633185,0.30451366815
3098.104,0.694603174603,0.305396825397
3097.913,0.694603174603,0.305396825397
3101.933,0.694796954315,0.305203045685
3105.951,0.694990488269,0.305009511731
3103.644,0.694550063371,0.305449936629
3108.736,0.693232131562,0.306767868438
3109.023,0.693232131562,0.306767868438
3108.85,0.693232131562,0.306767868438
3106.909,0.693426042984,0.306573957016
3108.807,0.692987997473,0.307012002527
3107.604,0.692744479495,0.307255520505
3109.49,0.692744479495,0.307255520505
3116.187,0.692938209332,0.307061790668
3117.072,0.692695214106,0.307304785894
3117.67,0.692695214106,0.307304785894
3122.868,0.692888609188,0.307740717432
3122.005,0.692017598994,0.307982401006
3122.958,0.692017598994,0.307982401006
3128.633,0.691582914573,0.308417085427
3142.624,0.691776522285,0.308223477715
3142.757,0.691969887077,0.308030112923
3142.289,0.692163009404,0.307836990596
3143.043,0.692355889724,0.307644110276
3172.198,0.692548528491,0.307451471509
3167.619,0.692740926158,0.307259073842
3182.383,0.692933083177,0.307066916823
3184.266,0.6925,0.3075
3187.59,0.692692067458,0.307307932542
3196.401,0.692883895131,0.307116104869
3197.985,0.693266832918,0.306733167082
3201.377,0.693266832918,0.306733167082
3205.826,0.693648816936,0.306351183064
3205.757,0.693648816936,0.306351183064
3203.518,0.693839452396,0.306160547604
3202.866,0.694029850746,0.305970149254
3203.824,0.69422001243,0.30577998757
3202.386,0.694409937888,0.305590062112
3208.487,0.693738375697,0.306261624303
3207.222,0.693738375697,0.306261624303
3210.582,0.693738375697,0.306261624303
3209.498,0.693308550186,0.306691449814
3210.779,0.693069306931,0.306930693069
3207.95,0.693069306931,0.306930693069
3215.389,0.693448702101,0.306551297899
3216.36,0.693448702101,0.306551297899
3212.77,0.693209876543,0.306790123457
3215.593,0.693209876543,0.306790123457
3212.91,0.693399136336,0.306600863664
3217.95,0.692971639951,0.307028360049
3228.837,0.692733990148,0.307266009852
3237.38,0.692733990148,0.307266009852
3234.4,0.692307692308,0.307692307692
3229.911,0.692496924969,0.307503075031
3238.568,0.692685925015,0.307314074985
3228.777,0.69226044226,0.30773955774
3237.048,0.691835481891,0.308164518109
3228.793,0.691411042945,0.308588957055
3228.596,0.690987124464,0.309012875536
3227.643,0.69056372549,0.30943627451
3237.83,0.69014084507,0.30985915493
3244.767,0.689718482252,0.310281517748
3244.423,0.689296636086,0.310703363914
3248.85,0.688034188034,0.311965811966
3252.344,0.688034188034,0.311965811966
3257.808,0.688034188034,0.311965811966
3274.718,0.687804878049,0.312195121951
3272.385,0.687804878049,0.312195121951
3283.001,0.688185140073,0.311814859927
3278.407,0.688185140073,0.311814859927
3273.034,0.68837492392,0.31162507608
3277.324,0.688564476886,0.311435523114
3273.923,0.688753799392,0.311246200608
3278.508,0.688942891859,0.311057108141
3288.224,0.689131754706,0.310868245294
3294.404,0.689508793208,0.310491206792
3293.638,0.689508793208,0.310491206792
3293.09,0.689090909091,0.310909090909
3293.2,0.689279224712,0.310720775288
3292.307,0.689467312349,0.310532687651
3296.185,0.689655172414,0.310344827586
3297.67,0.68984280532,0.31015719468
3298.463,0.69003021148,0.30996978852
3297.921,0.690217391304,0.309782608696
3297.14,0.690404345202,0.309595654798
3298.457,0.690591073583,0.309408926417
3302.349,0.690963855422,0.309036144578
3302.252,0.690963855422,0.309036144578
3302.445,0.691149909693,0.308850090307
3302.735,0.691521346963,0.308478653037
3301.965,0.691521346963,0.308478653037
3303.37,0.691706730769,0.308293269231
3304.942,0.691891891892,0.308108108108
3309.393,0.692076830732,0.307923169268
3308.284,0.692446043165,0.307553956835
3308.631,0.692446043165,0.307553956835
3319.352,0.692630317555,0.307369682445
3319.446,0.692814371257,0.307185628743
3319.391,0.692998204668,0.307001795332
3319.76,0.693181818182,0.306818181818
3332.661,0.693548387097,0.306451612903
3328.246,0.693548387097,0.306451612903
3332.743,0.693731343284,0.306268656716
3344.09,0.694096601073,0.305903398927
3344.81,0.694096601073,0.305903398927
3345.592,0.693865396069,0.306134603931
3345.818,0.693865396069,0.306134603931
3354.167,0.694047619048,0.305952380952
3354.069,0.694229625223,0.306365258775
3355.918,0.693816884661,0.306183115339
3358.799,0.694180522565,0.305819477435
3357.922,0.694180522565,0.305819477435
3358.53,0.694362017804,0.305637982196
3372.917,0.694543297746,0.305456702254
3372.751,0.694724362774,0.305275637226
3373.614,0.69490521327,0.30509478673
3373.141,0.695085849615,0.304914150385
3373.364,0.695446481372,0.304553518628
3367.929,0.695446481372,0.304553518628
3372.921,0.695035460993,0.304964539007
3372.37,0.695215593621,0.304784406379
3368.839,0.695395513577,0.304604486423
3377.939,0.695575221239,0.304424778761
3383.487,0.695754716981,0.304245283019
3382.915,0.695703354915,0.304296645085
3382.32,0.695703354915,0.304296645085
3382.863,0.695703354915,0.304296645085
3382.869,0.695882352941,0.304117647059
3388.073,0.695652173913,0.304347826087
3387.751,0.695652173913,0.304347826087
3387.757,0.695830886671,0.304169113329
3387.711,0.696009389671,0.303990610329
3386.947,0.696187683284,0.303812316716
3391.393,0.696365767878,0.303634232122
3392.928,0.696721311475,0.303278688525
3392.679,0.696721311475,0.303278688525
3392.186,0.696898771211,0.303101228789
3392.143,0.697076023392,0.302923976608
3392.886,0.697253068381,0.302746931619
3391.817,0.697429906542,0.302570093458
3392.002,0.697606538237,0.302393461763
3397.908,0.697782963827,0.302217036173
3402.289,0.697959183673,0.302040816327
3409.667,0.698135198135,0.301864801865
3402.387,0.69848661234,0.30151338766
3407.113,0.69848661234,0.30151338766
3413.068,0.698662012798,0.301337987202
3412.996,0.698837209302,0.301162790698
3411.996,0.698431144683,0.301568855317
3412.287,0.698606271777,0.301393728223
3433.331,0.698955916473,0.301044083527
3434.315,0.698955916473,0.301044083527
3432.998,0.699304750869,0.300695249131
3433.08,0.699304750869,0.300695249131
3437.748,0.699652777778,0.300347222222
3438.244,0.6998264893,0.3001735107
3437.046,0.6998264893,0.3001735107
3437.852,0.7,0.3
3439.457,0.700173310225,0.299826689775
3446.28,0.700519330641,0.299480669359
3453.9,0.700519330641,0.299480669359
3453.969,0.700864553314,0.299135446686
3454.417,0.700864553314,0.299135446686
3448.223,0.701036866359,0.298963133641
3447.801,0.701208981002,0.298791018998
3447.203,0.701380897583,0.298619102417
3447.755,0.701552616446,0.298447383554
3448.196,0.701724137931,0.298275862069
3473.033,0.701895462378,0.298104537622
3467.239,0.702237521515,0.297762478485
3468.898,0.702237521515,0.297762478485
3467.706,0.702408256881,0.297591743119
3469.143,0.702578796562,0.297421203438
3468.352,0.702749140893,0.297250859107
3467.967,0.702517162471,0.297482837529
3467.428,0.702517162471,0.297482837529
3467.904,0.702115494568,0.297884505432
3478.381,0.70188463735,0.29811536265
3478.912,0.70188463735,0.29811536265
3480.935,0.702054794521,0.297945205479
3477.662,0.701654306902,0.298345693098
3478.253,0.701254275941,0.298745724059
3476.919,0.701025056948,0.298974943052
3477.917,0.701025056948,0.298974943052
3482.83,0.701195219124,0.298804780876
3482.951,0.700796359499,0.299203640501
3483.216,0.700568181818,0.299431818182
3482.824,0.700568181818,0.299431818182
3486.498,0.700170357751,0.299829642249
3487.923,0.700340522134,0.299659477866
3487.666,0.700510493477,0.299489506523
3488.836,0.700849858357,0.299150141643
3488.664,0.700849858357,0.299150141643
3487.98,0.700453001133,0.299546998867
3486.92,0.700622524052,0.299377475948
3488.737,0.700791855204,0.299208144796
3487.943,0.700395703787,0.299604296213
3488.294,0.7,0.3
3494.645,0.700338600451,0.299661399549
3494.906,0.700338600451,0.299661399549
3496.178,0.70067643743,0.29932356257
3495.326,0.70067643743,0.29932356257
3510.529,0.701013513514,0.298986486486
3497.664,0.701181767023,0.298818232977
3511.332,0.701181767023,0.298818232977
3502.685,0.701349831271,0.298650168729
3498.867,0.701517706577,0.298482293423
3503.783,0.701685393258,0.298314606742
3498.478,0.701852891634,0.298147108366
3497.894,0.70202020202,0.29797979798
3499.42,0.701626472238,0.298373527762
3512.727,0.701793721973,0.298206278027
3514.158,0.702127659574,0.297872340426
3514.19,0.702127659574,0.297872340426
3515.541,0.702294348069,0.297705651931
3514.115,0.701901565996,0.298098434004
3512.564,0.70150922303,0.29849077697
3514.002,0.701675977654,0.298324022346
3522.894,0.701284198772,0.298715801228
3528.411,0.70105967652,0.29894032348
3528.226,0.70105967652,0.29894032348
3527.708,0.700835654596,0.299164345404
3527.32,0.700835654596,0.299164345404
3527.149,0.700055648303,0.299944351697
3528.105,0.700055648303,0.299944351697
3527.714,0.699666295884,0.300333704116
3527.226,0.699833240689,0.300166759311
3527.402,0.699444444444,0.300555555556
3529.094,0.699778024417,0.300221975583
3528.031,0.699778024417,0.300221975583
3533.877,0.699944536883,0.300055463117
3547.362,0.70027700831,0.29972299169
3548.051,0.70027700831,0.29972299169
3547.431,0.700442967885,0.299557032115
3548.564,0.700608743774,0.299391256226
3547.673,0.700774336283,0.299225663717
3548.22,0.700939745716,0.299060254284
3546.77,0.701104972376,0.298895027624
3548.178,0.701270016565,0.298729983435
3546.357,0.701434878587,0.298565121413
3566.212,0.701599558742,0.298400441258
3568.558,0.701377410468,0.298622589532
3567.426,0.701377410468,0.298622589532
3568.075,0.700991189427,0.299008810573
3568.064,0.700770077008,0.299229922992
3567.802,0.700770077008,0.299229922992
3571.387,0.700934579439,0.299065420561
3568.114,0.701098901099,0.298901098901
3572.131,0.701427003293,0.298572996707
3573.174,0.701427003293,0.298572996707
3582.661,0.701590784421,0.298409215579
3582.906,0.701754385965,0.298245614035
3582.487,0.701917808219,0.298082191781
3582.986,0.702081051479,0.297918948521
3578.199,0.702244116037,0.297755883963
3591.119,0.702407002188,0.297592997812
3583.498,0.702569710224,0.297430289776
3577.297,0.702732240437,0.297267759563
3580.908,0.703056768559,0.296943231441
3582.497,0.703056768559,0.296943231441
3582.958,0.703218767049,0.296781232951
3583.634,0.703380588877,0.296619411123
3582.981,0.703542234332,0.296457765668
3602.693,0.703703703704,0.296296296296
3602.892,0.704026115343,0.295973884657
3602.807,0.704026115343,0.295973884657
3603.411,0.704187058184,0.295812941816
3603.755,0.704347826087,0.295652173913
3602.991,0.703965236285,0.296034763715
3602.3,0.704125950054,0.295874049946
3602.655,0.704286489419,0.295713510581
3607.32,0.70460704607,0.29539295393
3607.778,0.70460704607,0.29539295393
3607.126,0.704767063922,0.295232936078
3611.323,0.7049269085,0.2950730915
3616.016,0.704545454545,0.295454545455
3607.494,0.704705246079,0.295294753921
3607.903,0.704864864865,0.295135135135
3617.239,0.703723691311,0.296276308689
3617.351,0.703723691311,0.296276308689
3617.436,0.703723691311,0.296276308689
3622.351,0.702964959569,0.297035040431
3622.317,0.702964959569,0.297035040431
3624.065,0.703125,0.296875
3622.58,0.703284868067,0.296715131933
3623.556,0.702906350915,0.297093649085
3623.759,0.70252824099,0.29747175901
3628.403,0.702150537634,0.297849462366
3632.603,0.702310585707,0.297689414293
3634.137,0.701933404941,0.298066595059
3635.646,0.702093397746,0.297906602254
3634.919,0.702253218884,0.297746781116
3634.979,0.701876675603,0.298123324397
3639.36,0.701500535906,0.298499464094
3647.475,0.70182012848,0.29817987152
3642.008,0.701444622793,0.298555377207
3650.483,0.701444622793,0.298555377207
3650.011,0.701604278075,0.298395721925
3647.695,0.700854700855,0.299145299145
3647.618,0.700854700855,0.299145299145
3647.549,0.700480512547,0.299519487453
3648.092,0.700106723586,0.299893276414
3648.653,0.699360341151,0.301172707889
3647.628,0.698987746404,0.301012253596
3645.877,0.698987746404,0.301012253596
3648.46,0.698615548456,0.301384451544
3643.284,0.698775944651,0.301224055349
3653.658,0.698032961191,0.301967038809
3654.602,0.698032961191,0.301967038809
3657.852,0.697662061637,0.302337938363
3657.491,0.697291556028,0.302708443972
3662.693,0.697403285639,0.302596714361
3662.957,0.697403285639,0.302596714361
3662.8,0.697403285639,0.302596714361
3663.954,0.697403285639,0.302596714361
3663.21,0.697194282689,0.302805717311
3663.124,0.697194282689,0.302805717311
3678.531,0.697354497354,0.302645502646
3687.886,0.697145877378,0.302854122622
3688.65,0.697145877378,0.302854122622
3687.16,0.697305863708,0.302694136292
3692.36,0.69709762533,0.30290237467
3692.522,0.69709762533,0.30290237467
3692.157,0.697257383966,0.302742616034
3691.959,0.69741697417,0.30258302583
3692.927,0.697576396207,0.302423603793
3693.709,0.697735650342,0.302264349658
3692.095,0.697894736842,0.302105263158
3693.102,0.698053655971,0.301946344029
3692.769,0.698212407992,0.301787592008
3692.079,0.698370993169,0.301629006831
3692.017,0.698529411765,0.301470588235
3693.058,0.698687664042,0.301312335958
3692.487,0.698845750262,0.301154249738
3691.975,0.699003670687,0.300996329313
3692.481,0.699161425577,0.300838574423
3692.591,0.699319015191,0.300680984809
3692.721,0.699476439791,0.300523560209
3701.001,0.699790794979,0.300209205021
3697.528,0.699790794979,0.300209205021
3702.917,0.700104493208,0.299895506792
3702.937,0.700104493208,0.299895506792
3702.163,0.700261096606,0.299738903394
3701.988,0.700417536534,0.299582463466
3708.24,0.70057381325,0.29942618675
3713.033,0.700364773319,0.299635226681
3712.987,0.700364773319,0.299635226681
3720.965,0.7,0.3
3722.095,0.699791883455,0.300208116545
3723.701,0.699791883455,0.300208116545
3736.489,0.699064449064,0.300935550936
3735.883,0.699064449064,0.300935550936
3738.345,0.699220779221,0.300779220779
3751.652,0.698495070057,0.301504929943
3747.38,0.698495070057,0.301504929943
3758.678,0.698651452282,0.301348547718
3757.832,0.698807672369,0.301192327631
3757.863,0.69896373057,0.30103626943
3758.845,0.699119627136,0.300880372864
3761.811,0.698757763975,0.301242236025
3772.683,0.698913605794,0.301086394206
3778.791,0.699069286453,0.300930713547
3783.607,0.699224806202,0.300775193798
3787.463,0.699174406605,0.300825593395
3781.894,0.699174406605,0.300825593395
3786.427,0.699174406605,0.300825593395
3787.235,0.699484536082,0.300515463918
3788.021,0.699484536082,0.300515463918
3788.627,0.699124162803,0.300875837197
3788.387,0.699279093718,0.300720906282
3786.813,0.699074074074,0.300925925926
3788.309,0.699074074074,0.300925925926
3789.141,0.699228791774,0.300771208226
3791.481,0.699383350462,0.300616649538
3787.753,0.699537750385,0.300462249615
3791.196,0.699691991786,0.300308008214
3787.842,0.699332991278,0.300667008722
3792.003,0.699487179487,0.300512820513
3794.188,0.699641209636,0.300358790364
3794.926,0.699948796723,0.300051203277
3793.006,0.699948796723,0.300051203277
3792.91,0.700102354145,0.299897645855
3792.274,0.700408997955,0.299591002045
3793.14,0.700408997955,0.299591002045
3797.655,0.700715015322,0.299284984678
3797.675,0.700715015322,0.299284984678
3796.897,0.701020408163,0.298979591837
3797.584,0.701020408163,0.298979591837
3802.217,0.701172870984,0.298827129016
3808.558,0.701325178389,0.298674821611
3818.387,0.701477330616,0.298522669384
3818.514,0.701629327902,0.298370672098
3832.409,0.701781170483,0.298218829517
3852.097,0.701576004067,0.298423995933
3852.883,0.701576004067,0.298423995933
3852.204,0.701727642276,0.298272357724
3852.602,0.701371254444,0.298628745556
3868.029,0.70152284264,0.29847715736
3867.923,0.701674277017,0.298325722983
3872.736,0.701976685251,0.298023314749
3874.757,0.701976685251,0.298023314749
3880.949,0.702127659574,0.297872340426
3882.97,0.702073849267,0.297926150733
3882.089,0.702073849267,0.297926150733
3882.816,0.702073849267,0.297926150733
3883.342,0.701718907988,0.298281092012
3883.722,0.701364325417,0.298635674583
3882.293,0.70101010101,0.29898989899
3883.527,0.700656234225,0.299343765775
3884.005,0.700302724521,0.299697275479
3883.546,0.700100806452,0.299899193548
3883.806,0.700100806452,0.299899193548
3883.223,0.700251889169,0.299748110831
3883.787,0.699899295065,0.300100704935
3882.959,0.700050327126,0.299949672874
3886.486,0.699698189135,0.300301810865
3883.961,0.699849170437,0.300150829563
3888.278,0.7,0.3
3887.008,0.699799196787,0.300200803213
3887.599,0.699799196787,0.300200803213
3889.804,0.699949824385,0.300050175615
3887.021,0.700100300903,0.299899699097
3887.44,0.700400801603,0.299599198397
3890.885,0.700400801603,0.299599198397
3887.648,0.700550826239,0.299449173761
3888.861,0.700700700701,0.299299299299
3892.895,0.701,0.299
3892.915,0.701149425287,0.298850574713
3892.995,0.700799200799,0.299200799201
3892.947,0.700799200799,0.299200799201
3892.644,0.700598802395,0.299401197605
3894.637,0.700598802395,0.299401197605
3894.169,0.700748129676,0.299251870324
3893.835,0.700897308076,0.299102691924
3897.852,0.701046337818,0.298953662182
3906.077,0.701343952215,0.298656047785
3907.456,0.701492537313,0.298507462687
3907.329,0.701492537313,0.298507462687
3916.665,0.701640974639,0.298359025361
3919.075,0.701789264414,0.298210735586
3922.15,0.701937406855,0.298062593145
3928.944,0.702085402185,0.297914597815
3931.587,0.70223325062,0.29776674938
3934.979,0.702528507685,0.297471492315
3933.31,0.702528507685,0.297471492315
3933.856,0.702675916749,0.297324083251
3932.686,0.702327885092,0.297672114908
3932.982,0.702475247525,0.297524752475
3948.496,0.702769535114,0.297230464886
3948.389,0.702769535114,0.297230464886
3958.802,0.702916460702,0.297083539298
3958.696,0.703063241107,0.296936758893
3961.957,0.703209876543,0.296790123457
3962.105,0.703356367226,0.296643632774
3966.982,0.703009373458,0.296990626542
3972.76,0.70197044335,0.29802955665
3973.454,0.70197044335,0.29802955665
3973.572,0.70197044335,0.29802955665
3973.994,0.702117183653,0.297882816347
3973.983,0.701426463355,0.298573536645
3976.449,0.701426463355,0.298573536645
3978.115,0.701081612586,0.299410029499
3977.345,0.700737100737,0.299262899263
3978.373,0.700540009818,0.299459990182
3978.051,0.700540009818,0.299459990182
3977.152,0.700196270854,0.299803729146
3977.173,0.7,0.3
3977.721,0.7,0.3
3978.391,0.700146986771,0.299853013229
3977.861,0.699804113614,0.300195886386
3976.974,0.699951052374,0.300048947626
3983.688,0.699413489736,0.300586510264
3983.668,0.699560332193,0.300439667807
3982.745,0.699560332193,0.300439667807
3982.634,0.699560332193,0.300439667807
3983.401,0.69970703125,0.30029296875
3982.239,0.7,0.3
3982.113,0.7,0.3
3998.189,0.699805068226,0.300194931774
3997.07,0.699805068226,0.300194931774
3997.75,0.699951290794,0.300048709206
3997.197,0.700097370983,0.299902629017
4005.918,0.700389105058,0.299610894942
4001.965,0.700389105058,0.299610894942
4009.844,0.700534759358,0.299465240642
4011.957,0.700680272109,0.299319727891
4021.476,0.700825643516,0.299174356484
4021.557,0.700970873786,0.299029126214
4017.87,0.701260911736,0.298739088264
4017.967,0.701260911736,0.298739088264
4023.048,0.701694915254,0.298305084746
4022.818,0.701694915254,0.298305084746
4023.132,0.701694915254,0.298305084746
4023.8,0.701839303001,0.298160696999
4023.805,0.70198355104,0.29801644896
4023.329,0.702127659574,0.297872340426
4029.652,0.702415458937,0.297584541063
4027.625,0.702415458937,0.297584541063
4028.497,0.702559150169,0.297440849831
4029.449,0.702702702703,0.297297297297
4037.438,0.702846116739,0.297153883261
4039.445,0.702989392478,0.297010607522
4033.944,0.70313253012,0.29686746988
4037.331,0.703275529865,0.296724470135
4043.461,0.703561116458,0.296438883542
4041.832,0.703561116458,0.296438883542
4051.099,0.703846153846,0.296153846154
4047.142,0.703846153846,0.296153846154
4050.905,0.703988467083,0.296011532917
4047.036,0.704130643612,0.295869356388
4055.937,0.704272683629,0.295727316371
4053.695,0.704556354916,0.295443645084
4053.764,0.704556354916,0.295443645084
4053.755,0.704697986577,0.295302013423
4054.945,0.704839482511,0.295160517489
4053.897,0.704980842912,0.295019157088
4053.77,0.705122067975,0.294877932025
4053.47,0.705263157895,0.294736842105
4054.575,0.705404112865,0.294595887135
4060.008,0.705544933078,0.294455066922
4059.41,0.705685618729,0.294314381271
4063.912,0.705966587112,0.294033412888
4062.072,0.705966587112,0.294033412888
4066.402,0.706106870229,0.293893129771
4062.083,0.706247019552,0.293752980448
4068.042,0.706387035272,0.293612964728
4069.325,0.706806282723,0.293193717277
4067.333,0.706806282723,0.293193717277
4067.315,0.706806282723,0.293193717277
4067.686,0.706945765937,0.293054234063
4093.894,0.70674904943,0.29325095057
4087.004,0.70674904943,0.29325095057
4078.892,0.706413301663,0.293586698337
4092.206,0.706552706553,0.293447293447
4078.405,0.706217370669,0.293782629331
4092.634,0.706356736243,0.293643263757
4086.877,0.706021811285,0.293978188715
4078.055,0.705687203791,0.294312796209
4088.071,0.705352913311,0.294647086689
4077.659,0.705018939394,0.294981060606
4076.973,0.705158542357,0.294841457643
4096.798,0.704824976348,0.295175023652
4097.017,0.704491725768,0.295508274232
4100.905,0.704631379962,0.295368620038
4107.128,0.704910292729,0.295089707271
4107.837,0.704910292729,0.295089707271
4108.924,0.704577630958,0.295422369042
4107.034,0.704716981132,0.295283018868
4116.846,0.704995287465,0.295004712535
4113.011,0.704995287465,0.295004712535
4113.921,0.704663212435,0.295336787565
4117.768,0.704802259887,0.295197740113
4112.838,0.704941176471,0.295058823529
4113.112,0.705218617772,0.294781382228
4112.145,0.705218617772,0.294781382228
4118.857,0.704887218045,0.295112781955
4117.935,0.705025833725,0.294974166275
4117.816,0.705164319249,0.294835680751
4112.876,0.704833411544,0.295166588456
4126.187,0.704971857411,0.295028142589
4127.179,0.705248359888,0.294751640112
4126.831,0.705248359888,0.294751640112
4127.26,0.704918032787,0.295081967213
4127.072,0.705056179775,0.294943820225
4128.945,0.704726251755,0.295273748245
4132.084,0.70453482936,0.29546517064
4132.134,0.70453482936,0.29546517064
4137.584,0.704343764596,0.295656235404
4138.507,0.704343764596,0.295656235404
4137.193,0.704481792717,0.295518207283
4141.105,0.704153056463,0.295846943537
4138.401,0.703824626866,0.296175373134
4142.938,0.703634669152,0.296365330848
4142.328,0.703634669152,0.296365330848
4142.661,0.703445065177,0.296554934823
4142.73,0.703445065177,0.296554934823
4142.305,0.703583061889,0.296416938111
4142.005,0.703720930233,0.296279069767
4143.511,0.703858670386,0.296141329614
4143.719,0.703531598513,0.296468401487
4142.412,0.703204830469,0.296795169531
4143.087,0.703342618384,0.296657381616
4151.284,0.703480278422,0.296519721578
4152.306,0.703291608716,0.296708391284
4153.526,0.703291608716,0.296708391284
4158.295,0.703566465956,0.296433534044
4157.374,0.703566465956,0.296433534044
4158.225,0.703703703704,0.296296296296
4157.106,0.703840814438,0.296159185562
4158.074,0.703515263645,0.296484736355
4162.074,0.703789279113,0.296210720887
4163.001,0.703789279113,0.296210720887
4167.871,0.703601108033,0.296398891967
4162.364,0.703601108033,0.296398891967
4162.092,0.703276419012,0.296723580988
4163.041,0.703413284133,0.296586715867
4185.995,0.703225806452,0.296774193548
4185.939,0.703225806452,0.296774193548
4188.42,0.70349907919,0.29650092081
4187.802,0.70349907919,0.29650092081
4188.045,0.703635526921,0.296364473079
4193.296,0.703908045977,0.296091954023
4193.85,0.703908045977,0.296091954023
4192.101,0.704044117647,0.295955882353
4194.52,0.704180064309,0.295819935691
4196.462,0.704315886134,0.295684113866
4210.982,0.704587155963,0.295412844037
4212.843,0.704587155963,0.295412844037
4213.514,0.704264099037,0.295735900963
4197.4,0.703941338222,0.296058661778
4212.923,0.704076958314,0.295923041686
4213.257,0.703754578755,0.296245421245
4216.986,0.703432494279,0.296567505721
4196.935,0.703110704483,0.296889295517
4213.27,0.702789208962,0.297210791038
4215.99,0.702603928735,0.297396071265
4212.257,0.702603928735,0.297396071265
4212.57,0.702283105023,0.297716894977
4216.879,0.701962574167,0.298037425833
4212.283,0.702098540146,0.297901459854
4223.499,0.702234382125,0.297765617875
4227.862,0.701914311759,0.298085688241
4227.449,0.70159453303,0.29840546697
4233.133,0.701730418944,0.298269581056
4232.907,0.701866181156,0.298133818844
4237.962,0.701682582992,0.298317417008
4241.215,0.701682582992,0.298317417008
4237.336,0.701818181818,0.298181818182
4238.297,0.701953657428,0.298046342572
4237.334,0.702089009991,0.297910990009
4238.612,0.702224239673,0.297775760327
4247.897,0.702359346642,0.297640653358
4261.75,0.70262919311,0.29737080689
4259.736,0.70262919311,0.29737080689
4247.387,0.702763932941,0.297236067059
4259.736,0.702898550725,0.297101449275
4247.533,0.703033046627,0.296966953373
4247.94,0.703167420814,0.296832579186
4262.234,0.703435804702,0.296564195298
4264.031,0.703435804702,0.296564195298
4278.113,0.703569814731,0.296430185269
4268.589,0.703703703704,0.296296296296
4277.362,0.703837471783,0.296162528217
4272.028,0.703971119134,0.296028880866
4277.795,0.704104645918,0.295895354082
4282.363,0.704238052299,0.295761947701
4282.254,0.704371338441,0.295628661559
4282.77,0.704187303017,0.295812696983
4282.866,0.704187303017,0.295812696983
4283.472,0.703870387039,0.296129612961
4288.646,0.70368705036,0.29631294964
4289.457,0.70368705036,0.29631294964
4289.176,0.703820224719,0.296179775281
4289.068,0.703504043127,0.296495956873
4287.601,0.703188145487,0.296811854513
4289.411,0.703321364452,0.296678635548
4289.699,0.703005832212,0.296994167788
4289.929,0.703139013453,0.296860986547
4293.649,0.702956989247,0.297043010753
4292.603,0.702956989247,0.297043010753
4298.79,0.702327663384,0.297672336616
4299.062,0.702327663384,0.297672336616
4307.063,0.70259391771,0.29740608229
4307.332,0.70259391771,0.29740608229
4308.644,0.702726866339,0.297273133661
4312.071,0.702412868633,0.297587131367
4312.47,0.702545779366,0.297454220634
4312.441,0.702678571429,0.297321428571
4328.854,0.702365015618,0.297634984382
4327.645,0.702497769848,0.297502230152
4332.787,0.702630405707,0.297369594293
4332.978,0.702762923351,0.297237076649
4332.361,0.702582368655,0.297417631345
4332.933,0.702582368655,0.297417631345
4332.093,0.702714730752,0.297285269248
4339.135,0.702846975089,0.297153024911
4351.454,0.70324300311,0.29675699689
4353.014,0.70324300311,0.29675699689
4353.063,0.70324300311,0.29675699689
4350.909,0.703374777975,0.296625222025
4352.898,0.70390070922,0.29609929078
4352.661,0.70390070922,0.29609929078
4352.053,0.70390070922,0.29609929078
4353.044,0.70390070922,0.29609929078
4353.057,0.704031900753,0.295968099247
4372.121,0.704162976085,0.295837023915
4372.804,0.704424778761,0.295575221239
4372.566,0.704555506413,0.295444493587
4372.811,0.704555506413,0.295444493587
4373.942,0.704816615113,0.295183384887
4372.763,0.704816615113,0.295183384887
4378.902,0.704946996466,0.295053003534
4378.995,0.705077262693,0.294922737307
4379.442,0.705207413945,0.294792586055
4381.339,0.704896338774,0.295103661226
4377.833,0.704585537919,0.295414462081
4378.976,0.704275011018,0.295724988982
4376.988,0.703964757709,0.296035242291
4377.96,0.703654777631,0.296345222369
4384.062,0.703915530136,0.296084469864
4383.985,0.703915530136,0.296084469864
4383.491,0.703736263736,0.296263736264
4382.764,0.703736263736,0.296263736264
4384.904,0.703866432337,0.296133567663
4383.67,0.703557312253,0.296442687747
4382.898,0.703378674857,0.296621325143
4382.995,0.703378674857,0.296621325143
4383.62,0.703070175439,0.296929824561
4384.087,0.703200350723,0.296799649277
4388.912,0.702892199825,0.297107800175
4388.932,0.702584318879,0.297415681121
4387.761,0.702714535902,0.297285464098
4403.643,0.702537182852,0.297462817148
4402.659,0.702667249672,0.297332750328
4402.929,0.702667249672,0.297332750328
4402.17,0.702797202797,0.297202797203
4407.977,0.702927042377,0.297072957623
4407.11,0.703056768559,0.296943231441
4422.885,0.703186381493,0.296813618507
4426.993,0.703315881326,0.296684118674
4427.12,0.703703703704,0.296296296296
4427.86,0.703703703704,0.296296296296
4427.992,0.703703703704,0.296296296296
4426.827,0.703397212544,0.296602787456
4463.541,0.703220191471,0.296779808529
4462.794,0.703220191471,0.296779808529
4462.158,0.70291431057,0.29708568943
4462.852,0.703043478261,0.296956521739
4463.385,0.703172533681,0.296827466319
4462.638,0.702867072111,0.297132927889
4463.284,0.702996092054,0.297003907946
4462.784,0.702690972222,0.297309027778
4463.584,0.702819956616,0.297180043384
4472.311,0.702515177797,0.297484822203
4473.763,0.702035513209,0.297964486791
4471.797,0.702035513209,0.297964486791
4472.893,0.702035513209,0.297964486791
4473.074,0.701731601732,0.298268398268
4473.131,0.701860666378,0.298139333622
4474.222,0.701989619377,0.298010380623
4473.119,0.702118460873,0.297881539127
4473.1,0.702247191011,0.297752808989
4477.923,0.701943844492,0.298056155508
4478.324,0.701640759931,0.298359240069
4478.135,0.701337936987,0.298662063013
4483.908,0.701595515308,0.298404484692
4485.146,0.701595515308,0.298404484692
4483.322,0.701293103448,0.298706896552
4483.509,0.701421800948,0.298578199052
4483.946,0.701550387597,0.298449612403
4482.019,0.701678863539,0.298321136461
4483.411,0.701807228916,0.298192771084
4483.719,0.701935483871,0.298064516129
4491.105,0.702191663086,0.297808336914
4490.978,0.702191663086,0.297808336914
4493.525,0.702319587629,0.297680412371
4497.505,0.702018033491,0.297981966509
4498.462,0.702273702274,0.297726297726
4497.667,0.702273702274,0.297726297726
4503.535,0.702528932705,0.297471067295
4502.915,0.702528932705,0.297471067295
4501.844,0.70265638389,0.29734361611
4502.715,0.70278372591,0.29721627409
4515.178,0.702910958904,0.297089041096
4519.731,0.703038083012,0.296961916988
4518.33,0.70329200513,0.29670799487
4521.348,0.70329200513,0.29670799487
4518.606,0.703418803419,0.296581196581
4532.22,0.703545493379,0.296454506621
4521.854,0.703672075149,0.296327924851
4537.906,0.703924914676,0.296075085324
4523.086,0.703924914676,0.296075085324
4535.463,0.704051172708,0.295948827292
4524.999,0.704303365999,0.295696634001
4522.223,0.704303365999,0.295696634001
4543.634,0.704429301533,0.295570698467
4543.942,0.704555129842,0.295444870158
4549.053,0.704381114419,0.295618885581
4547.72,0.704381114419,0.295618885581
4548.963,0.704506802721,0.295493197279
4548.803,0.70463238419,0.29536761581
4546.927,0.704333050127,0.295666949873
4556.754,0.704458598726,0.295541401274
4557.348,0.704584040747,0.295415959253
4557.759,0.704709376326,0.295290623674
4559.396,0.704834605598,0.295165394402
4557.62,0.704959728699,0.295040271301
4557.45,0.705084745763,0.294915254237
4564.827,0.705209656925,0.294790343075
4567.015,0.70533446232,0.29466553768
4567.944,0.705459162082,0.294540837918
4567.829,0.705708245243,0.294291754757
4567.052,0.705708245243,0.294291754757
4568.484,0.70583262891,0.29416737109
4567.422,0.706081081081,0.293918918919
4567.906,0.706081081081,0.293918918919
4581.973,0.706205149852,0.293794850148
4578.17,0.706576728499,0.293423271501
4577.692,0.706576728499,0.293423271501
4577.371,0.706576728499,0.293423271501
4577.262,0.706700379267,0.293299620733
4578.311,0.707070707071,0.292929292929
4577.669,0.707070707071,0.292929292929
4581.98,0.707070707071,0.292929292929
4577.455,0.707193941944,0.292806058056
4587.387,0.707317073171,0.292682926829
4591.161,0.707440100883,0.292559899117
4595.98,0.707685846283,0.292314153717
4596.93,0.707685846283,0.292314153717
4602.888,0.707808564232,0.292191435768
4606.064,0.707931179186,0.292068820814
4597.358,0.708053691275,0.291946308725
4592.907,0.708298407376,0.291701592624
4592.285,0.708298407376,0.291701592624
4601.036,0.708420611646,0.291579388354
4597.955,0.708542713568,0.291457286432
4607.397,0.708664713269,0.291335286731
4608.358,0.708786610879,0.291213389121
4607.724,0.708908406524,0.291091593476
4607.251,0.709030100334,0.290969899666
4620.171,0.709394572025,0.290605427975
4621.087,0.709394572025,0.290605427975
4620.11,0.709394572025,0.290605427975
4618.811,0.709515859766,0.290484140234
4617.837,0.709637046308,0.290362953692
4618.62,0.709879116298,0.290120883702
4620.98,0.709879116298,0.290120883702
4630.928,0.710120783007,0.289879216993
4630.895,0.710120783007,0.289879216993
4633.613,0.710482529118,0.289517470882
4632.757,0.710482529118,0.289517470882
4632.291,0.710482529118,0.289517470882
4632.824,0.710602910603,0.289397089397
4633.698,0.71072319202,0.28927680798
4633.912,0.710843373494,0.289156626506
4632.381,0.71096345515,0.28903654485
4637.746,0.711203319502,0.288796680498
4637.258,0.711203319502,0.288796680498
4643.109,0.71144278607,0.28855721393
4641.778,0.71144278607,0.28855721393
4643.664,0.711562370493,0.288437629507
4643.489,0.711681855841,0.288318144159
4648.029,0.711801242236,0.288198757764
4652.299,0.712039718659,0.287960281341
4656.5,0.712039718659,0.287960281341
4653.123,0.712158808933,0.287841191067
4652.107,0.712277800744,0.287722199256
4652.832,0.712515489467,0.287484510533
4653.028,0.712515489467,0.287484510533
4660.927,0.712634186623,0.287365813377
4661.767,0.712752785803,0.287247214197
4662.363,0.712871287129,0.287128712871
4662.958,0.713226205192,0.286773794808
4663.307,0.713226205192,0.286773794808
4662.685,0.713226205192,0.286773794808
4663.976,0.71334431631,0.28665568369