Time,RejRate,AcceptRate
127.666666667,0.0,1.0
138.143199,0.5,0.5
265.809865667,0.333333333333,0.666666666667
393.476532333,0.25,0.75
521.143199,0.2,0.8
648.809865667,0.166666666667,0.833333333333
776.476532333,0.142857142857,0.857142857143
904.143199,0.125,0.875
1031.80986567,0.111111111111,0.888888888889
1042.286398,0.2,0.8
1169.95306467,0.181818181818,0.818181818182
1297.61973133,0.166666666667,0.833333333333
1425.286398,0.153846153846,0.846153846154
1552.95306467,0.142857142857,0.857142857143
1563.429597,0.2,0.8
1691.09626367,0.1875,0.8125
1818.76293033,0.176470588235,0.823529411765
1829.23946267,0.222222222222,0.777777777778
1956.90612933,0.210526315789,0.789473684211
1967.38266167,0.25,0.75
1977.859194,0.285714285714,0.714285714286
1988.33572633,0.318181818182,0.681818181818
2116.002393,0.304347826087,0.695652173913
2126.47892533,0.333333333333,0.666666666667
2136.95545767,0.36,0.64
2264.62212433,0.346153846154,0.653846153846
2275.09865667,0.37037037037,0.62962962963
2285.575189,0.392857142857,0.607142857143
2296.05172133,0.413793103448,0.586206896552
2306.52825367,0.433333333333,0.566666666667
2317.004786,0.451612903226,0.548387096774
2327.48131833,0.46875,0.53125
2455.147985,0.454545454545,0.545454545455
2465.62451733,0.470588235294,0.529411764706
2476.10104967,0.485714285714,0.514285714286
2486.577582,0.5,0.5
2497.05411433,0.513513513514,0.486486486486
2507.53064667,0.526315789474,0.473684210526
2518.007179,0.538461538462,0.461538461538
2645.67384567,0.525,0.475
2656.150378,0.536585365854,0.463414634146
2666.62691033,0.547619047619,0.452380952381
2677.10344267,0.558139534884,0.441860465116
2687.579975,0.568181818182,0.431818181818
2698.05650733,0.577777777778,0.422222222222
2708.53303967,0.586956521739,0.413043478261
2719.009572,0.595744680851,0.404255319149
2729.48610433,0.604166666667,0.395833333333
2739.96263667,0.612244897959,0.387755102041
2750.439169,0.62,0.38
2760.91570133,0.627450980392,0.372549019608
2771.39223367,0.634615384615,0.365384615385
2781.868766,0.641509433962,0.358490566038
2792.34529833,0.648148148148,0.351851851852
2802.82183067,0.654545454545,0.345454545455
2813.298363,0.660714285714,0.339285714286
2823.77489533,0.666666666667,0.333333333333
2834.25142767,0.672413793103,0.327586206897
2844.72796,0.677966101695,0.322033898305
2972.39462667,0.666666666667,0.333333333333
2982.871159,0.672131147541,0.327868852459
2993.34769133,0.677419354839,0.322580645161
3003.82422367,0.68253968254,0.31746031746
3014.300756,0.6875,0.3125
3024.77728833,0.692307692308,0.307692307692
3035.25382067,0.69696969697,0.30303030303
3045.730353,0.701492537313,0.298507462687
3056.20688533,0.705882352941,0.294117647059
3183.873552,0.695652173913,0.304347826087
3311.54021867,0.685714285714,0.314285714286
3439.20688533,0.676056338028,0.323943661972
3566.873552,0.666666666667,0.333333333333
3694.54021867,0.657534246575,0.342465753425
3822.20688533,0.648648648649,0.351351351351
3949.873552,0.64,0.36
3960.35008433,0.644736842105,0.355263157895
4088.016751,0.636363636364,0.363636363636
4215.68341767,0.628205128205,0.371794871795
4343.35008433,0.620253164557,0.379746835443
4353.82661667,0.625,0.375
4481.49328333,0.617283950617,0.382716049383
4491.96981567,0.621951219512,0.378048780488
4502.446348,0.626506024096,0.373493975904
4630.11301467,0.619047619048,0.380952380952
4757.77968133,0.611764705882,0.388235294118
4768.25621367,0.616279069767,0.383720930233
4778.732746,0.620689655172,0.379310344828
4789.20927833,0.625,0.375
4799.68581067,0.629213483146,0.370786516854
4927.35247733,0.622222222222,0.377777777778
4937.82900967,0.626373626374,0.373626373626
4948.305542,0.630434782609,0.369565217391
4958.78207433,0.634408602151,0.365591397849
5086.448741,0.627659574468,0.372340425532
5214.11540767,0.621052631579,0.378947368421
5224.59194,0.625,0.375
5352.25860667,0.618556701031,0.381443298969
5479.92527333,0.612244897959,0.387755102041
5607.59194,0.606060606061,0.393939393939
5735.25860667,0.6,0.4
5862.92527333,0.594059405941,0.405940594059
5873.40180567,0.598039215686,0.401960784314
6001.06847233,0.592233009709,0.407766990291
6011.54500467,0.596153846154,0.403846153846
6139.21167133,0.590476190476,0.409523809524
6266.878338,0.584905660377,0.415094339623
6394.54500467,0.579439252336,0.420560747664
6405.021537,0.583333333333,0.416666666667
6532.68820367,0.577981651376,0.422018348624
6543.164736,0.581818181818,0.418181818182
6553.64126833,0.585585585586,0.414414414414
6564.11780067,0.589285714286,0.410714285714
6574.594333,0.592920353982,0.407079646018
6585.07086533,0.59649122807,0.40350877193
6595.54739767,0.6,0.4
6723.21406433,0.594827586207,0.405172413793
6733.69059667,0.598290598291,0.401709401709
6744.167129,0.601694915254,0.398305084746
6754.64366133,0.605042016807,0.394957983193
6882.310328,0.6,0.4
6892.78686033,0.603305785124,0.396694214876
6903.26339267,0.606557377049,0.393442622951
6913.739925,0.609756097561,0.390243902439
6924.21645733,0.612903225806,0.387096774194
6934.69298967,0.616,0.384
6945.169522,0.619047619048,0.380952380952
6955.64605433,0.622047244094,0.377952755906
6966.12258667,0.625,0.375
7093.78925333,0.62015503876,0.37984496124
7104.26578567,0.623076923077,0.376923076923
7114.742318,0.625954198473,0.374045801527
7125.21885033,0.628787878788,0.371212121212
7135.69538267,0.631578947368,0.368421052632
7146.171915,0.634328358209,0.365671641791
7156.64844733,0.637037037037,0.362962962963
7167.12497967,0.639705882353,0.360294117647
7177.601512,0.642335766423,0.357664233577
7305.26817867,0.63768115942,0.36231884058
7432.93484533,0.63309352518,0.36690647482
7560.601512,0.628571428571,0.371428571429
7688.26817867,0.624113475177,0.375886524823
7815.93484533,0.619718309859,0.380281690141
7943.601512,0.615384615385,0.384615384615
8071.26817867,0.611111111111,0.388888888889
8198.93484533,0.606896551724,0.393103448276
8326.601512,0.602739726027,0.397260273973
8337.07804433,0.605442176871,0.394557823129
8347.55457667,0.608108108108,0.391891891892
8358.031109,0.610738255034,0.389261744966
8485.69777567,0.606666666667,0.393333333333
8496.174308,0.609271523179,0.390728476821
8623.84097467,0.605263157895,0.394736842105
8634.317507,0.607843137255,0.392156862745
8644.79403933,0.61038961039,0.38961038961
8655.27057167,0.612903225806,0.387096774194
8665.747104,0.615384615385,0.384615384615
8676.22363633,0.617834394904,0.382165605096
8686.70016867,0.620253164557,0.379746835443
8697.176701,0.622641509434,0.377358490566
8824.84336767,0.61875,0.38125
8835.3199,0.621118012422,0.378881987578
8962.98656667,0.617283950617,0.382716049383
8973.463099,0.61963190184,0.38036809816
8983.93963133,0.621951219512,0.378048780488
8994.41616367,0.624242424242,0.375757575758
9004.892696,0.626506024096,0.373493975904
9015.36922833,0.62874251497,0.37125748503
9025.84576067,0.630952380952,0.369047619048
9036.322293,0.633136094675,0.366863905325
9046.79882533,0.635294117647,0.364705882353
9057.27535767,0.637426900585,0.362573099415
9067.75189,0.639534883721,0.360465116279
9078.22842233,0.64161849711,0.35838150289
9088.70495467,0.64367816092,0.35632183908
9099.181487,0.645714285714,0.354285714286
9109.65801933,0.647727272727,0.352272727273
9120.13455167,0.649717514124,0.350282485876
9130.611084,0.651685393258,0.348314606742
9141.08761633,0.653631284916,0.346368715084
9151.56414867,0.655555555556,0.344444444444
9162.040681,0.657458563536,0.342541436464
9172.51721333,0.659340659341,0.340659340659
9182.99374567,0.661202185792,0.338797814208
9193.470278,0.663043478261,0.336956521739
9203.94681033,0.664864864865,0.335135135135
9214.42334267,0.666666666667,0.333333333333
9224.899875,0.668449197861,0.331550802139
9235.37640733,0.670212765957,0.329787234043
9245.85293967,0.671957671958,0.328042328042
9256.329472,0.673684210526,0.326315789474
9266.80600433,0.675392670157,0.324607329843
9277.28253667,0.677083333333,0.322916666667
9404.94920333,0.673575129534,0.326424870466
9532.61587,0.670103092784,0.329896907216
9543.09240233,0.671794871795,0.328205128205
9553.56893467,0.673469387755,0.326530612245
9564.045467,0.675126903553,0.324873096447
9574.52199933,0.676767676768,0.323232323232
9584.99853167,0.678391959799,0.321608040201
9595.475064,0.68,0.32
9605.95159633,0.681592039801,0.318407960199
9616.42812867,0.683168316832,0.316831683168
9626.904661,0.684729064039,0.315270935961
9637.38119333,0.686274509804,0.313725490196
9765.04786,0.682926829268,0.317073170732
9892.71452667,0.679611650485,0.320388349515
10020.3811933,0.676328502415,0.323671497585
10148.04786,0.673076923077,0.326923076923
10275.7145267,0.66985645933,0.33014354067
10403.3811933,0.666666666667,0.333333333333
10413.8577257,0.668246445498,0.331753554502
10424.334258,0.669811320755,0.330188679245
10434.8107903,0.671361502347,0.328638497653
10562.477457,0.668224299065,0.331775700935
10572.9539893,0.66976744186,0.33023255814
10700.620656,0.666666666667,0.333333333333
10711.0971883,0.668202764977,0.331797235023
10721.5737207,0.669724770642,0.330275229358
10849.2403873,0.666666666667,0.333333333333
10859.7169197,0.668181818182,0.331818181818
10987.3835863,0.665158371041,0.334841628959
11115.050253,0.662162162162,0.337837837838
11242.7169197,0.659192825112,0.340807174888
11370.3835863,0.65625,0.34375
11498.050253,0.653333333333,0.346666666667
11508.5267853,0.654867256637,0.345132743363
11636.193452,0.651982378855,0.348017621145
11763.8601187,0.649122807018,0.350877192982
11891.5267853,0.646288209607,0.353711790393
12019.193452,0.64347826087,0.35652173913
12146.8601187,0.640692640693,0.359307359307
12157.336651,0.64224137931,0.35775862069
12285.0033177,0.639484978541,0.360515021459
12295.47985,0.641025641026,0.358974358974
12305.9563823,0.642553191489,0.357446808511
12316.4329147,0.64406779661,0.35593220339
12326.909447,0.645569620253,0.354430379747
12337.3859793,0.647058823529,0.352941176471
12465.052646,0.644351464435,0.355648535565
12475.5291783,0.645833333333,0.354166666667
12486.0057107,0.647302904564,0.352697095436
12496.482243,0.648760330579,0.351239669421
12506.9587753,0.650205761317,0.349794238683
12634.625442,0.647540983607,0.352459016393
12645.1019743,0.648979591837,0.351020408163
12655.5785067,0.650406504065,0.349593495935
12666.055039,0.651821862348,0.348178137652
12793.7217057,0.649193548387,0.350806451613
12804.198238,0.650602409639,0.349397590361
12814.6747703,0.652,0.348
12942.341437,0.649402390438,0.350597609562
12952.8179693,0.650793650794,0.349206349206
13080.484636,0.648221343874,0.351778656126
13090.9611683,0.649606299213,0.350393700787
13101.4377007,0.650980392157,0.349019607843
13111.914233,0.65234375,0.34765625
13239.5808997,0.649805447471,0.350194552529
13250.057432,0.651162790698,0.348837209302
13260.5339643,0.65250965251,0.34749034749
13271.0104967,0.653846153846,0.346153846154
13281.487029,0.655172413793,0.344827586207
13409.1536957,0.652671755725,0.347328244275
13419.630228,0.653992395437,0.346007604563
13430.1067603,0.655303030303,0.344696969697
13440.5832927,0.656603773585,0.343396226415
13451.059825,0.657894736842,0.342105263158
13461.5363573,0.659176029963,0.340823970037
13472.0128897,0.660447761194,0.339552238806
13482.489422,0.661710037175,0.338289962825
13492.9659543,0.662962962963,0.337037037037
13620.632621,0.660516605166,0.339483394834
13631.1091533,0.661764705882,0.338235294118
13641.5856857,0.663003663004,0.336996336996
13652.062218,0.664233576642,0.335766423358
13662.5387503,0.665454545455,0.334545454545
13673.0152827,0.666666666667,0.333333333333
13683.491815,0.667870036101,0.332129963899
13693.9683473,0.669064748201,0.330935251799
13704.4448797,0.670250896057,0.329749103943
13714.921412,0.671428571429,0.328571428571
13725.3979443,0.672597864769,0.327402135231
13735.8744767,0.673758865248,0.326241134752
13746.351009,0.674911660777,0.325088339223
13756.8275413,0.676056338028,0.323943661972
13767.3040737,0.677192982456,0.322807017544
13777.780606,0.678321678322,0.321678321678
13788.2571383,0.679442508711,0.320557491289
13798.7336707,0.680555555556,0.319444444444
13809.210203,0.681660899654,0.318339100346
13819.6867353,0.68275862069,0.31724137931
13830.1632677,0.683848797251,0.316151202749
13840.6398,0.684931506849,0.315068493151
13851.1163323,0.686006825939,0.313993174061
13861.5928647,0.687074829932,0.312925170068
13872.069397,0.68813559322,0.31186440678
13999.7360637,0.685810810811,0.314189189189
14127.4027303,0.683501683502,0.316498316498
14255.069397,0.681208053691,0.318791946309
14382.7360637,0.678929765886,0.321070234114
14510.4027303,0.676666666667,0.323333333333
14638.069397,0.674418604651,0.325581395349
14765.7360637,0.672185430464,0.327814569536
14776.212596,0.673267326733,0.326732673267
14903.8792627,0.671052631579,0.328947368421
15031.5459293,0.668852459016,0.331147540984
15042.0224617,0.669934640523,0.330065359477
15052.498994,0.671009771987,0.328990228013
15180.1656607,0.668831168831,0.331168831169
15307.8323273,0.666666666667,0.333333333333
15435.498994,0.664516129032,0.335483870968
15563.1656607,0.662379421222,0.337620578778
15690.8323273,0.660256410256,0.339743589744
15818.498994,0.658146964856,0.341853035144
15946.1656607,0.656050955414,0.343949044586
16073.8323273,0.653968253968,0.346031746032
16201.498994,0.651898734177,0.348101265823
16211.9755263,0.652996845426,0.347003154574
16222.4520587,0.654088050314,0.345911949686
16232.928591,0.655172413793,0.344827586207
16360.5952577,0.653125,0.346875
16488.2619243,0.651090342679,0.348909657321
16498.7384567,0.652173913043,0.347826086957
16509.214989,0.653250773994,0.346749226006
16636.8816557,0.651234567901,0.348765432099
16647.358188,0.652307692308,0.347692307692
16657.8347203,0.653374233129,0.346625766871
16668.3112527,0.654434250765,0.345565749235
16678.787785,0.655487804878,0.344512195122
16689.2643173,0.656534954407,0.343465045593
16699.7408497,0.657575757576,0.342424242424
16710.217382,0.658610271903,0.341389728097
16720.6939143,0.659638554217,0.340361445783
16731.1704467,0.660660660661,0.339339339339
16741.646979,0.661676646707,0.338323353293
16869.3136457,0.659701492537,0.340298507463
16879.790178,0.660714285714,0.339285714286
16890.2667103,0.661721068249,0.338278931751
16900.7432427,0.662721893491,0.337278106509
16911.219775,0.663716814159,0.336283185841
16921.6963073,0.664705882353,0.335294117647
16932.1728397,0.66568914956,0.33431085044
16942.649372,0.666666666667,0.333333333333
16953.1259043,0.667638483965,0.332361516035
17080.792571,0.665697674419,0.334302325581
17091.2691033,0.666666666667,0.333333333333
17101.7456357,0.667630057803,0.332369942197
17112.222168,0.668587896254,0.331412103746
17122.6987003,0.669540229885,0.330459770115
17133.1752327,0.670487106017,0.329512893983
17143.651765,0.671428571429,0.328571428571
17154.1282973,0.672364672365,0.327635327635
17164.6048297,0.673295454545,0.326704545455
17175.081362,0.674220963173,0.325779036827
17185.5578943,0.675141242938,0.324858757062
17196.0344267,0.676056338028,0.323943661972
17206.510959,0.676966292135,0.323033707865
17216.9874913,0.677871148459,0.322128851541
17227.4640237,0.678770949721,0.321229050279
17237.940556,0.679665738162,0.320334261838
17248.4170883,0.680555555556,0.319444444444
17258.8936207,0.681440443213,0.318559556787
17269.370153,0.682320441989,0.317679558011
17279.8466853,0.683195592287,0.316804407713
17290.3232177,0.684065934066,0.315934065934
17300.79975,0.684931506849,0.315068493151
17311.2762823,0.685792349727,0.314207650273
17321.7528147,0.686648501362,0.313351498638
17332.229347,0.6875,0.3125
17342.7058793,0.688346883469,0.311653116531
17353.1824117,0.689189189189,0.310810810811
17363.658944,0.690026954178,0.309973045822
17374.1354763,0.690860215054,0.309139784946
17501.802143,0.689008042895,0.310991957105
17512.2786753,0.689839572193,0.310160427807
17639.945342,0.688,0.312
17650.4218743,0.688829787234,0.311170212766
17660.8984067,0.689655172414,0.310344827586
17788.5650733,0.687830687831,0.312169312169
17799.0416057,0.688654353562,0.311345646438
17809.518138,0.689473684211,0.310526315789
17819.9946703,0.690288713911,0.309711286089
17947.661337,0.688481675393,0.311518324607
17958.1378693,0.689295039164,0.310704960836
17968.6144017,0.690104166667,0.309895833333
17979.090934,0.690909090909,0.309090909091
17989.5674663,0.69170984456,0.30829015544
18000.0439987,0.692506459948,0.307493540052
18010.520531,0.693298969072,0.306701030928
18020.9970633,0.694087403599,0.305912596401
18031.4735957,0.694871794872,0.305128205128
18041.950128,0.695652173913,0.304347826087
18052.4266603,0.696428571429,0.303571428571
18062.9031927,0.697201017812,0.302798982188
18073.379725,0.697969543147,0.302030456853
18083.8562573,0.698734177215,0.301265822785
18094.3327897,0.699494949495,0.300505050505
18104.809322,0.700251889169,0.299748110831
18115.2858543,0.701005025126,0.298994974874
18125.7623867,0.701754385965,0.298245614035
18136.238919,0.7025,0.2975
18146.7154513,0.703241895262,0.296758104738
18157.1919837,0.703980099502,0.296019900498
18167.668516,0.704714640199,0.295285359801
18178.1450483,0.705445544554,0.294554455446
18188.6215807,0.706172839506,0.293827160494
18316.2882473,0.704433497537,0.295566502463
18443.954914,0.702702702703,0.297297297297
18571.6215807,0.700980392157,0.299019607843
18699.2882473,0.699266503667,0.300733496333
18826.954914,0.69756097561,0.30243902439
18954.6215807,0.695863746959,0.304136253041
18965.098113,0.696601941748,0.303398058252
19092.7647797,0.694915254237,0.305084745763
19103.241312,0.695652173913,0.304347826087
19113.7178443,0.696385542169,0.303614457831
19241.384511,0.694711538462,0.305288461538
19251.8610433,0.695443645084,0.304556354916
19262.3375757,0.696172248804,0.303827751196
19390.0042423,0.694510739857,0.305489260143
19400.4807747,0.695238095238,0.304761904762
19410.957307,0.695961995249,0.304038004751
19538.6239737,0.694312796209,0.305687203791
19666.2906403,0.692671394799,0.307328605201
19676.7671727,0.693396226415,0.306603773585
19687.243705,0.694117647059,0.305882352941
19697.7202373,0.694835680751,0.305164319249
19825.386904,0.693208430913,0.306791569087
19835.8634363,0.693925233645,0.306074766355
19846.3399687,0.694638694639,0.305361305361
19856.816501,0.695348837209,0.304651162791
19984.4831677,0.69373549884,0.30626450116
20112.1498343,0.69212962963,0.30787037037
20239.816501,0.690531177829,0.309468822171
20367.4831677,0.688940092166,0.311059907834
20495.1498343,0.687356321839,0.312643678161
20622.816501,0.685779816514,0.314220183486
20750.4831677,0.684210526316,0.315789473684
20878.1498343,0.682648401826,0.317351598174
21005.816501,0.681093394077,0.318906605923
21016.2930333,0.681818181818,0.318181818182
21143.9597,0.680272108844,0.319727891156
21154.4362323,0.680995475113,0.319004524887
21164.9127647,0.681715575621,0.318284424379
21292.5794313,0.68018018018,0.31981981982
21303.0559637,0.680898876404,0.319101123596
21313.532496,0.681614349776,0.318385650224
21441.1991627,0.680089485459,0.319910514541
21451.675695,0.680803571429,0.319196428571
21462.1522273,0.681514476615,0.318485523385
21472.6287597,0.682222222222,0.317777777778
21600.2954263,0.680709534368,0.319290465632
21727.962093,0.679203539823,0.320796460177
21738.4386253,0.679911699779,0.320088300221
21866.105292,0.678414096916,0.321585903084
21993.7719587,0.676923076923,0.323076923077
22004.248491,0.677631578947,0.322368421053
22014.7250233,0.678336980306,0.321663019694
22025.2015557,0.67903930131,0.32096069869
22035.678088,0.679738562092,0.320261437908
22046.1546203,0.680434782609,0.319565217391
22056.6311527,0.681127982646,0.318872017354
22067.107685,0.681818181818,0.318181818182
22077.5842173,0.682505399568,0.317494600432
22088.0607497,0.683189655172,0.316810344828
22098.537282,0.683870967742,0.316129032258
22109.0138143,0.684549356223,0.315450643777
22119.4903467,0.6852248394,0.3147751606
22129.966879,0.685897435897,0.314102564103
22257.6335457,0.684434968017,0.315565031983
22268.110078,0.685106382979,0.314893617021
22278.5866103,0.685774946921,0.314225053079
22289.0631427,0.686440677966,0.313559322034
22299.539675,0.68710359408,0.31289640592
22310.0162073,0.68776371308,0.31223628692
22437.682874,0.686315789474,0.313684210526
22565.3495407,0.68487394958,0.31512605042
22693.0162073,0.683438155136,0.316561844864
22820.682874,0.682008368201,0.317991631799
22948.3495407,0.680584551148,0.319415448852
23076.0162073,0.679166666667,0.320833333333
23203.682874,0.677754677755,0.322245322245
23214.1594063,0.678423236515,0.321576763485
23224.6359387,0.679089026915,0.320910973085
23352.3026053,0.677685950413,0.322314049587
23479.969272,0.676288659794,0.323711340206
23490.4458043,0.67695473251,0.32304526749
23500.9223367,0.677618069815,0.322381930185
23628.5890033,0.676229508197,0.323770491803
23639.0655357,0.676891615542,0.323108384458
23766.7322023,0.675510204082,0.324489795918
23777.2087347,0.67617107943,0.32382892057
23787.685267,0.676829268293,0.323170731707
23798.1617993,0.677484787018,0.322515212982
23808.6383317,0.678137651822,0.321862348178
23819.114864,0.678787878788,0.321212121212
23829.5913963,0.679435483871,0.320564516129
23840.0679287,0.680080482897,0.319919517103
23850.544461,0.680722891566,0.319277108434
23861.0209933,0.681362725451,0.318637274549
23871.4975257,0.682,0.318
23881.974058,0.682634730539,0.317365269461
23892.4505903,0.683266932271,0.316733067729
23902.9271227,0.683896620278,0.316103379722
23913.403655,0.684523809524,0.315476190476
23923.8801873,0.685148514851,0.314851485149
23934.3567197,0.685770750988,0.314229249012
23944.833252,0.686390532544,0.313609467456
23955.3097843,0.687007874016,0.312992125984
23965.7863167,0.687622789784,0.312377210216
24093.4529833,0.686274509804,0.313725490196
24103.9295157,0.686888454012,0.313111545988
24114.406048,0.6875,0.3125
24124.8825803,0.688109161793,0.311890838207
24135.3591127,0.688715953307,0.311284046693
24145.835645,0.68932038835,0.31067961165
24156.3121773,0.68992248062,0.31007751938
24166.7887097,0.690522243714,0.309477756286
24177.265242,0.69111969112,0.30888030888
24187.7417743,0.691714836224,0.308285163776
24198.2183067,0.692307692308,0.307692307692
24208.694839,0.692898272553,0.307101727447
24219.1713713,0.693486590038,0.306513409962
24346.838038,0.692160611855,0.307839388145
24474.5047047,0.690839694656,0.309160305344
24602.1713713,0.689523809524,0.310476190476
24612.6479037,0.690114068441,0.309885931559
24740.3145703,0.68880455408,0.31119544592
24867.981237,0.6875,0.3125
24995.6479037,0.686200378072,0.313799621928
25006.124436,0.68679245283,0.31320754717
25016.6009683,0.687382297552,0.312617702448
25027.0775007,0.687969924812,0.312030075188
25154.7441673,0.686679174484,0.313320825516
25165.2206997,0.687265917603,0.312734082397
25175.697232,0.68785046729,0.31214953271
25186.1737643,0.688432835821,0.311567164179
25313.840431,0.687150837989,0.312849162011
25441.5070977,0.685873605948,0.314126394052
25451.98363,0.686456400742,0.313543599258
25462.4601623,0.687037037037,0.312962962963
25590.126829,0.685767097967,0.314232902033
25600.6033613,0.686346863469,0.313653136531
25611.0798937,0.686924493554,0.313075506446
25621.556426,0.6875,0.3125
25632.0329583,0.688073394495,0.311926605505
25642.5094907,0.688644688645,0.311355311355
25652.986023,0.689213893967,0.310786106033
25663.4625553,0.689781021898,0.310218978102
25791.129222,0.688524590164,0.311475409836
25801.6057543,0.689090909091,0.310909090909
25812.0822867,0.689655172414,0.310344827586
25822.558819,0.690217391304,0.309782608696
25833.0353513,0.690777576854,0.309222423146
25960.702018,0.689530685921,0.310469314079
25971.1785503,0.69009009009,0.30990990991
25981.6550827,0.690647482014,0.309352517986
25992.131615,0.691202872531,0.308797127469
26002.6081473,0.691756272401,0.308243727599
26013.0846797,0.692307692308,0.307692307692
26023.561212,0.692857142857,0.307142857143
26034.0377443,0.693404634581,0.306595365419
26044.5142767,0.693950177936,0.306049822064
26172.1809433,0.692717584369,0.307282415631
26182.6574757,0.693262411348,0.306737588652
26193.134008,0.693805309735,0.306194690265
26203.6105403,0.694346289753,0.305653710247
26214.0870727,0.694885361552,0.305114638448
26224.563605,0.695422535211,0.304577464789
26235.0401373,0.695957820738,0.304042179262
26245.5166697,0.69649122807,0.30350877193
26255.993202,0.697022767075,0.302977232925
26266.4697343,0.697552447552,0.302447552448
26276.9462667,0.698080279232,0.301919720768
26287.422799,0.698606271777,0.301393728223
26297.8993313,0.699130434783,0.300869565217
26308.3758637,0.699652777778,0.300347222222
26318.852396,0.700173310225,0.299826689775
26329.3289283,0.700692041522,0.299307958478
26456.995595,0.699481865285,0.300518134715
26467.4721273,0.7,0.3
26477.9486597,0.700516351119,0.299483648881
26488.425192,0.701030927835,0.298969072165
26498.9017243,0.70154373928,0.29845626072
26509.3782567,0.702054794521,0.297945205479
26519.854789,0.702564102564,0.297435897436
26530.3313213,0.703071672355,0.296928327645
26540.8078537,0.703577512777,0.296422487223
26551.284386,0.704081632653,0.295918367347
26561.7609183,0.704584040747,0.295415959253
26572.2374507,0.705084745763,0.294915254237
26582.713983,0.705583756345,0.294416243655
26593.1905153,0.706081081081,0.293918918919
26603.6670477,0.706576728499,0.293423271501
26614.14358,0.707070707071,0.292929292929
26624.6201123,0.70756302521,0.29243697479
26752.286779,0.706375838926,0.293624161074
26762.7633113,0.706867671692,0.293132328308
26773.2398437,0.707357859532,0.292642140468
26900.9065103,0.706176961603,0.293823038397
27028.573177,0.705,0.295
27156.2398437,0.703826955075,0.296173044925
27283.9065103,0.702657807309,0.297342192691
27294.3830427,0.703150912106,0.296849087894
27422.0497093,0.701986754967,0.298013245033
27432.5262417,0.702479338843,0.297520661157
27560.1929083,0.701320132013,0.298679867987
27570.6694407,0.701812191104,0.298187808896
27581.145973,0.702302631579,0.297697368421
27708.8126397,0.701149425287,0.298850574713
27719.289172,0.701639344262,0.298360655738
27729.7657043,0.702127659574,0.297872340426
27857.432371,0.700980392157,0.299019607843
27867.9089033,0.701468189233,0.298531810767
27995.57557,0.700325732899,0.299674267101
28006.0521023,0.70081300813,0.29918699187
28133.718769,0.699675324675,0.300324675325
28144.1953013,0.700162074554,0.299837925446
28271.861968,0.699029126214,0.300970873786
28399.5286347,0.697899838449,0.302100161551
28527.1953013,0.696774193548,0.303225806452
28654.861968,0.695652173913,0.304347826087
28782.5286347,0.694533762058,0.305466237942
28910.1953013,0.69341894061,0.30658105939
29037.861968,0.692307692308,0.307692307692
29165.5286347,0.6912,0.3088
29293.1953013,0.690095846645,0.309904153355
29303.6718337,0.690590111643,0.309409888357
29431.3385003,0.68949044586,0.31050955414
29441.8150327,0.689984101749,0.310015898251
29452.291565,0.690476190476,0.309523809524
29462.7680973,0.690966719493,0.309033280507
29590.434764,0.689873417722,0.310126582278
29600.9112963,0.690363349131,0.309636650869
29728.577963,0.68927444795,0.31072555205
29856.2446297,0.688188976378,0.311811023622
29866.721162,0.688679245283,0.311320754717
29994.3878287,0.68759811617,0.31240188383
30004.864361,0.688087774295,0.311912225705
30132.5310277,0.687010954617,0.312989045383
30143.00756,0.6875,0.3125
30153.4840923,0.687987519501,0.312012480499
30163.9606247,0.688473520249,0.311526479751
30174.437157,0.688958009331,0.311041990669
30184.9136893,0.689440993789,0.310559006211
30195.3902217,0.68992248062,0.31007751938
30205.866754,0.69040247678,0.30959752322
30216.3432863,0.690880989181,0.309119010819
30226.8198187,0.691358024691,0.308641975309
30237.296351,0.691833590139,0.308166409861
30247.7728833,0.692307692308,0.307692307692
30258.2494157,0.692780337942,0.307219662058
30268.725948,0.693251533742,0.306748466258
30279.2024803,0.693721286371,0.306278713629
30289.6790127,0.694189602446,0.305810397554
30300.155545,0.69465648855,0.30534351145
30310.6320773,0.69512195122,0.30487804878
30321.1086097,0.695585996956,0.304414003044
30331.585142,0.696048632219,0.303951367781
30342.0616743,0.696509863429,0.303490136571
30352.5382067,0.69696969697,0.30303030303
30363.014739,0.697428139183,0.302571860817
30373.4912713,0.697885196375,0.302114803625
30383.9678037,0.698340874811,0.301659125189
30394.444336,0.698795180723,0.301204819277
30404.9208683,0.699248120301,0.300751879699
30415.3974007,0.6996996997,0.3003003003
30425.873933,0.700149925037,0.299850074963
30436.3504653,0.700598802395,0.299401197605
30446.8269977,0.701046337818,0.298953662182
30457.30353,0.701492537313,0.298507462687
30467.7800623,0.701937406855,0.298062593145
30478.2565947,0.702380952381,0.297619047619
30488.733127,0.702823179792,0.297176820208
30499.2096593,0.703264094955,0.296735905045
30509.6861917,0.703703703704,0.296296296296
30520.162724,0.704142011834,0.295857988166
30530.6392563,0.704579025111,0.295420974889
30541.1157887,0.705014749263,0.294985250737
30551.592321,0.705449189985,0.294550810015
30562.0688533,0.705882352941,0.294117647059
30572.5453857,0.706314243759,0.293685756241
30583.021918,0.706744868035,0.293255131965
30593.4984503,0.707174231332,0.292825768668
30721.165117,0.706140350877,0.293859649123
30731.6416493,0.706569343066,0.293430656934
30742.1181817,0.706997084548,0.293002915452
30869.7848483,0.70596797671,0.29403202329
30997.451515,0.704941860465,0.295058139535
31125.1181817,0.703918722787,0.296081277213
31252.7848483,0.702898550725,0.297101449275
31380.451515,0.701881331404,0.298118668596
31508.1181817,0.700867052023,0.299132947977
31635.7848483,0.699855699856,0.300144300144
31646.2613807,0.700288184438,0.299711815562
31656.737913,0.70071942446,0.29928057554
31784.4045797,0.699712643678,0.300287356322
31794.881112,0.700143472023,0.299856527977
31922.5477787,0.699140401146,0.300859598854
32050.2144453,0.698140200286,0.301859799714
32060.6909777,0.698571428571,0.301428571429
32188.3576443,0.69757489301,0.30242510699
32198.8341767,0.698005698006,0.301994301994
32209.310709,0.698435277383,0.301564722617
32336.9773757,0.697443181818,0.302556818182
32347.453908,0.697872340426,0.302127659574
32357.9304403,0.698300283286,0.301699716714
32368.4069727,0.698727015559,0.301272984441
32378.883505,0.699152542373,0.300847457627
32506.5501717,0.698166431594,0.301833568406
32517.026704,0.698591549296,0.301408450704
32527.5032363,0.699015471167,0.300984528833
32537.9797687,0.699438202247,0.300561797753
32548.456301,0.699859747546,0.300140252454
32558.9328333,0.700280112045,0.299719887955
32569.4093657,0.700699300699,0.299300699301
32697.0760323,0.699720670391,0.300279329609
32824.742699,0.698744769874,0.301255230126
32835.2192313,0.699164345404,0.300835654596
32845.6957637,0.699582753825,0.300417246175
32856.172296,0.7,0.3
32866.6488283,0.700416088766,0.299583911234
32877.1253607,0.700831024931,0.299168975069
32887.601893,0.701244813278,0.298755186722
32898.0784253,0.701657458564,0.298342541436
32908.5549577,0.702068965517,0.297931034483
32919.03149,0.702479338843,0.297520661157
32929.5080223,0.702888583219,0.297111416781
32939.9845547,0.703296703297,0.296703296703
32950.461087,0.703703703704,0.296296296296
32960.9376193,0.704109589041,0.295890410959
32971.4141517,0.704514363885,0.295485636115
32981.890684,0.704918032787,0.295081967213
32992.3672163,0.705320600273,0.294679399727
33002.8437487,0.705722070845,0.294277929155
33013.320281,0.70612244898,0.29387755102
33023.7968133,0.70652173913,0.29347826087
33034.2733457,0.706919945726,0.293080054274
33044.749878,0.707317073171,0.292682926829
33055.2264103,0.707713125846,0.292286874154
33065.7029427,0.708108108108,0.291891891892
33076.179475,0.708502024291,0.291497975709
33086.6560073,0.708894878706,0.291105121294
33097.1325397,0.709286675639,0.290713324361
33107.609072,0.709677419355,0.290322580645
33118.0856043,0.710067114094,0.289932885906
33128.5621367,0.710455764075,0.289544235925
33139.038669,0.710843373494,0.289156626506
33149.5152013,0.711229946524,0.288770053476
33159.9917337,0.711615487316,0.288384512684
33287.6584003,0.710666666667,0.289333333333
33415.325067,0.709720372836,0.290279627164
33542.9917337,0.708776595745,0.291223404255
33670.6584003,0.707835325365,0.292164674635
33798.325067,0.706896551724,0.293103448276
33925.9917337,0.705960264901,0.294039735099
34053.6584003,0.705026455026,0.294973544974
34181.325067,0.704095112285,0.295904887715
34191.8015993,0.704485488127,0.295514511873
34319.468266,0.703557312253,0.296442687747
34447.1349327,0.702631578947,0.297368421053
34457.611465,0.703022339028,0.296977660972
34585.2781317,0.702099737533,0.297900262467
34712.9447983,0.701179554391,0.298820445609
34840.611465,0.700261780105,0.299738219895
34968.2781317,0.699346405229,0.300653594771
35095.9447983,0.698433420366,0.301566579634
35106.4213307,0.698826597132,0.301173402868
35234.0879973,0.697916666667,0.302083333333
35361.754664,0.697009102731,0.302990897269
35372.2311963,0.697402597403,0.302597402597
35499.897863,0.696498054475,0.303501945525
35510.3743953,0.69689119171,0.30310880829
35638.041062,0.695989650712,0.304010349288
35765.7077287,0.695090439276,0.304909560724
35893.3743953,0.694193548387,0.305806451613
35903.8509277,0.694587628866,0.305412371134
36031.5175943,0.693693693694,0.306306306306
36041.9941267,0.694087403599,0.305912596401
36052.470659,0.694480102696,0.305519897304
36062.9471913,0.694871794872,0.305128205128
36073.4237237,0.695262483995,0.304737516005
36201.0903903,0.694373401535,0.305626598465
36211.5669227,0.694763729246,0.305236270754
36222.043455,0.695153061224,0.304846938776
36232.5199873,0.695541401274,0.304458598726
36242.9965197,0.695928753181,0.304071246819
36253.473052,0.696315120712,0.303684879288
36263.9495843,0.696700507614,0.303299492386
36274.4261167,0.697084917617,0.302915082383
36402.0927833,0.696202531646,0.303797468354
36412.5693157,0.696586599241,0.303413400759
36540.2359823,0.695707070707,0.304292929293
36550.7125147,0.696090794451,0.303909205549
36561.189047,0.696473551637,0.303526448363
36571.6655793,0.696855345912,0.303144654088
36582.1421117,0.697236180905,0.302763819095
36592.618644,0.697616060226,0.302383939774
36603.0951763,0.697994987469,0.302005012531
36613.5717087,0.698372966208,0.301627033792
36624.048241,0.69875,0.30125
36634.5247733,0.699126092385,0.300873907615
36645.0013057,0.699501246883,0.300498753117
36655.477838,0.699875466999,0.300124533001
36665.9543703,0.700248756219,0.299751243781
36676.4309027,0.700621118012,0.299378881988
36686.907435,0.700992555831,0.299007444169
36697.3839673,0.70136307311,0.29863692689
36707.8604997,0.701732673267,0.298267326733
36718.337032,0.702101359703,0.297898640297
36728.8135643,0.702469135802,0.297530864198
36739.2900967,0.702836004932,0.297163995068
36749.766629,0.703201970443,0.296798029557
36760.2431613,0.70356703567,0.29643296433
36770.7196937,0.703931203931,0.296068796069
36781.196226,0.704294478528,0.295705521472
36791.6727583,0.704656862745,0.295343137255
36802.1492907,0.705018359853,0.294981640147
36812.625823,0.705378973105,0.294621026895
36940.2924897,0.704517704518,0.295482295482
36950.769022,0.70487804878,0.29512195122
36961.2455543,0.705237515225,0.294762484775
37088.912221,0.704379562044,0.295620437956
37099.3887533,0.704738760632,0.295261239368
37109.8652857,0.705097087379,0.294902912621
37120.341818,0.705454545455,0.294545454545
37130.8183503,0.705811138015,0.294188861985
37141.2948827,0.706166868198,0.293833131802
37151.771415,0.70652173913,0.29347826087
37162.2479473,0.70687575392,0.29312424608
37172.7244797,0.707228915663,0.292771084337
37183.201012,0.707581227437,0.292418772563
37193.6775443,0.707932692308,0.292067307692
37204.1540767,0.708283313325,0.291716686675
37214.630609,0.708633093525,0.291366906475
37225.1071413,0.708982035928,0.291017964072
37235.5836737,0.709330143541,0.290669856459
37246.060206,0.709677419355,0.290322580645
37256.5367383,0.710023866348,0.289976133652
37267.0132707,0.710369487485,0.289630512515
37277.489803,0.710714285714,0.289285714286
37287.9663353,0.711058263971,0.288941736029
37298.4428677,0.711401425178,0.288598574822
37308.9194,0.711743772242,0.288256227758
37319.3959323,0.712085308057,0.287914691943
37329.8724647,0.712426035503,0.287573964497
37340.348997,0.712765957447,0.287234042553
37350.8255293,0.713105076741,0.286894923259
37361.3020617,0.713443396226,0.286556603774
37371.778594,0.713780918728,0.286219081272
37382.2551263,0.714117647059,0.285882352941
37392.7316587,0.714453584019,0.285546415981
37403.208191,0.714788732394,0.285211267606
37530.8748577,0.713950762016,0.286049237984
37658.5415243,0.713114754098,0.286885245902
37786.208191,0.712280701754,0.287719298246
37913.8748577,0.711448598131,0.288551401869
38041.5415243,0.710618436406,0.289381563594
38169.208191,0.70979020979,0.29020979021
38179.6847233,0.710128055879,0.289871944121
38307.35139,0.709302325581,0.290697674419
38435.0180567,0.708478513357,0.291521486643
38445.494589,0.708816705336,0.291183294664
38455.9711213,0.709154113557,0.290845886443
38466.4476537,0.709490740741,0.290509259259
38476.924186,0.709826589595,0.290173410405
38604.5908527,0.709006928406,0.290993071594
38615.067385,0.709342560554,0.290657439446
38742.7340517,0.708525345622,0.291474654378
38753.210584,0.708860759494,0.291139240506
38763.6871163,0.709195402299,0.290804597701
38774.1636487,0.709529276693,0.290470723307
38784.640181,0.709862385321,0.290137614679
38795.1167133,0.710194730813,0.289805269187
38805.5932457,0.710526315789,0.289473684211
38816.069778,0.710857142857,0.289142857143
38826.5463103,0.711187214612,0.288812785388
38837.0228427,0.711516533637,0.288483466363
38847.499375,0.711845102506,0.288154897494
38857.9759073,0.712172923777,0.287827076223
38868.4524397,0.7125,0.2875
38996.1191063,0.711691259932,0.288308740068
39006.5956387,0.71201814059,0.28798185941
39017.072171,0.712344280861,0.287655719139
39027.5487033,0.712669683258,0.287330316742
39155.21537,0.71186440678,0.28813559322
39165.6919023,0.712189616253,0.287810383747
39176.1684347,0.712514092446,0.287485907554
39186.644967,0.712837837838,0.287162162162
39197.1214993,0.713160854893,0.286839145107
39207.5980317,0.713483146067,0.286516853933
39218.074564,0.713804713805,0.286195286195
39228.5510963,0.714125560538,0.285874439462
39239.0276287,0.71444568869,0.28555431131
39249.504161,0.714765100671,0.285234899329
39259.9806933,0.715083798883,0.284916201117
39270.4572257,0.715401785714,0.284598214286
39280.933758,0.715719063545,0.284280936455
39408.6004247,0.714922048998,0.285077951002
39419.076957,0.715239154616,0.284760845384
39546.7436237,0.714444444444,0.285555555556
39674.4102903,0.713651498335,0.286348501665
39684.8868227,0.713968957871,0.286031042129
39812.5534893,0.713178294574,0.286821705426
39940.220156,0.712389380531,0.287610619469
39950.6966883,0.71270718232,0.28729281768
40078.363355,0.711920529801,0.288079470199
40206.0300217,0.711135611907,0.288864388093
40333.6966883,0.710352422907,0.289647577093
40344.1732207,0.710671067107,0.289328932893
40471.8398873,0.70989010989,0.29010989011
40482.3164197,0.71020856202,0.28979143798
40492.792952,0.710526315789,0.289473684211
40503.2694843,0.710843373494,0.289156626506
40513.7460167,0.711159737418,0.288840262582
40524.222549,0.711475409836,0.288524590164
40534.6990813,0.711790393013,0.288209606987
40545.1756137,0.712104689204,0.287895310796
40555.652146,0.712418300654,0.287581699346
40566.1286783,0.712731229597,0.287268770403
40576.6052107,0.713043478261,0.286956521739
40704.2718773,0.71226927253,0.28773072747
40714.7484097,0.712581344902,0.287418655098
40842.4150763,0.711809317443,0.288190682557
40852.8916087,0.712121212121,0.287878787879
40863.368141,0.712432432432,0.287567567568
40873.8446733,0.712742980562,0.287257019438
40884.3212057,0.713052858684,0.286947141316
41011.9878723,0.712284482759,0.287715517241
41139.654539,0.711517761033,0.288482238967
41150.1310713,0.711827956989,0.288172043011
41160.6076037,0.712137486574,0.287862513426
41171.084136,0.712446351931,0.287553648069
41181.5606683,0.712754555198,0.287245444802
41192.0372007,0.713062098501,0.286937901499
41202.513733,0.713368983957,0.286631016043
41212.9902653,0.713675213675,0.286324786325
41223.4667977,0.713980789755,0.286019210245
41233.94333,0.714285714286,0.285714285714
41244.4198623,0.71458998935,0.28541001065
41254.8963947,0.714893617021,0.285106382979
41265.372927,0.715196599362,0.284803400638
41275.8494593,0.715498938429,0.284501061571
41286.3259917,0.715800636267,0.284199363733
41296.802524,0.716101694915,0.283898305085
41307.2790563,0.716402116402,0.283597883598
41317.7555887,0.716701902748,0.283298097252
41328.232121,0.717001055966,0.282998944034
41338.7086533,0.717299578059,0.282700421941
41349.1851857,0.717597471022,0.282402528978
41476.8518523,0.716842105263,0.283157894737
41487.3283847,0.717139852787,0.282860147213
41497.804917,0.71743697479,0.28256302521
41508.2814493,0.717733473242,0.282266526758
41518.7579817,0.718029350105,0.281970649895
41529.234514,0.71832460733,0.28167539267
41539.7110463,0.718619246862,0.281380753138
41550.1875787,0.718913270637,0.281086729363
41560.664111,0.719206680585,0.280793319415
41571.1406433,0.719499478624,0.280500521376
41581.6171757,0.719791666667,0.280208333333
41709.2838423,0.719042663892,0.280957336108
41719.7603747,0.719334719335,0.280665280665
41847.4270413,0.718587746625,0.281412253375
41975.093708,0.717842323651,0.282157676349
42102.7603747,0.717098445596,0.282901554404
42230.4270413,0.71635610766,0.28364389234
42240.9035737,0.716649431231,0.283350568769
42368.5702403,0.715909090909,0.284090909091
42496.236907,0.715170278638,0.284829721362
42623.9035737,0.714432989691,0.285567010309
42751.5702403,0.713697219361,0.286302780639
42762.0467727,0.713991769547,0.286008230453
42772.523305,0.714285714286,0.285714285714
42900.1899717,0.713552361396,0.286447638604
43027.8566383,0.712820512821,0.287179487179
43038.3331707,0.713114754098,0.286885245902
43165.9998373,0.712384851586,0.287615148414
43293.666504,0.711656441718,0.288343558282
43304.1430363,0.711950970378,0.288049029622
43431.809703,0.711224489796,0.288775510204
43442.2862353,0.711518858308,0.288481141692
43569.952902,0.710794297352,0.289205702648
43580.4294343,0.711088504578,0.288911495422
43708.096101,0.710365853659,0.289634146341
43718.5726333,0.710659898477,0.289340101523
43729.0491657,0.710953346856,0.289046653144
43739.525698,0.711246200608,0.288753799392
43750.0022303,0.711538461538,0.288461538462
43760.4787627,0.711830131446,0.288169868554
43770.955295,0.712121212121,0.287878787879
43781.4318273,0.712411705348,0.287588294652
43791.9083597,0.712701612903,0.287298387097
43802.384892,0.712990936556,0.287009063444
43812.8614243,0.713279678068,0.286720321932
43823.3379567,0.713567839196,0.286432160804
43833.814489,0.713855421687,0.286144578313
43844.2910213,0.714142427282,0.285857572718
43854.7675537,0.714428857715,0.285571142285
43865.244086,0.714714714715,0.285285285285
43875.7206183,0.715,0.285
43886.1971507,0.715284715285,0.284715284715
43896.673683,0.715568862275,0.284431137725
44024.3403497,0.714855433699,0.285144566301
44034.816882,0.715139442231,0.284860557769
44045.2934143,0.715422885572,0.284577114428
44055.7699467,0.715705765408,0.284294234592
44066.246479,0.715988083416,0.284011916584
44076.7230113,0.71626984127,0.28373015873
44087.1995437,0.716551040634,0.283448959366
44097.676076,0.716831683168,0.283168316832
44108.1526083,0.717111770524,0.282888229476
44118.6291407,0.717391304348,0.282608695652
44246.2958073,0.716683119447,0.283316880553
44373.962474,0.715976331361,0.284023668639
44501.6291407,0.715270935961,0.284729064039
44629.2958073,0.714566929134,0.285433070866
44639.7723397,0.714847590954,0.285152409046
44767.4390063,0.714145383104,0.285854616896
44777.9155387,0.714425907753,0.285574092247
44905.5822053,0.713725490196,0.286274509804
44916.0587377,0.714005876592,0.285994123408
44926.53527,0.714285714286,0.285714285714
45054.2019367,0.713587487781,0.286412512219
45064.678469,0.7138671875,0.2861328125
45192.3451357,0.713170731707,0.286829268293
45202.821668,0.713450292398,0.286549707602
45330.4883347,0.712755598832,0.287244401168
45458.1550013,0.712062256809,0.287937743191
45468.6315337,0.712342079689,0.287657920311
45479.108066,0.712621359223,0.287378640777
45489.5845983,0.712900096993,0.287099903007
45617.251265,0.712209302326,0.287790697674
45627.7277973,0.712487899322,0.287512100678
45638.2043297,0.712765957447,0.287234042553
45648.680862,0.713043478261,0.286956521739
45659.1573943,0.71332046332,0.28667953668
45669.6339267,0.713596914176,0.286403085824
45797.3005933,0.712909441233,0.287090558767
45807.7771257,0.713185755534,0.286814244466
45818.253658,0.713461538462,0.286538461538
45828.7301903,0.713736791547,0.286263208453
45839.2067227,0.714011516315,0.285988483685
45849.683255,0.714285714286,0.285714285714
45860.1597873,0.714559386973,0.285440613027
45870.6363197,0.714832535885,0.285167464115
45881.112852,0.715105162524,0.284894837476
45891.5893843,0.715377268386,0.284622731614
46019.256051,0.714694656489,0.285305343511
46146.9227177,0.714013346044,0.285986653956
46274.5893843,0.713333333333,0.286666666667
46402.256051,0.712654614653,0.287345385347
46529.9227177,0.711977186312,0.288022813688
46657.5893843,0.711301044634,0.288698955366
46785.256051,0.710626185958,0.289373814042
46912.9227177,0.709952606635,0.290047393365
46923.39925,0.710227272727,0.289772727273
46933.8757823,0.710501419111,0.289498580889
47061.542449,0.709829867675,0.290170132325
47189.2091157,0.709159584514,0.290840415486
47199.685648,0.709433962264,0.290566037736
47210.1621803,0.709707822809,0.290292177191
47337.828847,0.709039548023,0.290960451977
47348.3053793,0.709313264346,0.290686735654
47475.972046,0.708646616541,0.291353383459
47486.4485783,0.708920187793,0.291079812207
47496.9251107,0.709193245779,0.290806754221
47507.401643,0.70946579194,0.29053420806
47517.8781753,0.709737827715,0.290262172285
47645.544842,0.709073900842,0.290926099158
47656.0213743,0.709345794393,0.290654205607
47666.4979067,0.709617180205,0.290382819795
47676.974439,0.709888059701,0.290111940299
47687.4509713,0.710158434296,0.289841565704
47697.9275037,0.7104283054,0.2895716946
47708.404036,0.710697674419,0.289302325581
47718.8805683,0.710966542751,0.289033457249
47729.3571007,0.711234911792,0.288765088208
47739.833633,0.711502782931,0.288497217069
47750.3101653,0.711770157553,0.288229842447
47760.7866977,0.712037037037,0.287962962963
47771.26323,0.712303422757,0.287696577243
47781.7397623,0.712569316081,0.287430683919
47792.2162947,0.712834718375,0.287165281625
47802.692827,0.713099630996,0.286900369004
47813.1693593,0.7133640553,0.2866359447
47823.6458917,0.713627992634,0.286372007366
47834.122424,0.713891444342,0.286108555658
47961.7890907,0.713235294118,0.286764705882
47972.265623,0.71349862259,0.28650137741
47982.7421553,0.71376146789,0.28623853211
47993.2186877,0.714023831347,0.285976168653
48003.69522,0.714285714286,0.285714285714
48131.3618867,0.713632204941,0.286367795059
48259.0285533,0.712979890311,0.287020109689
48386.69522,0.712328767123,0.287671232877
48514.3618867,0.711678832117,0.288321167883
48642.0285533,0.711030082042,0.288969917958
48769.69522,0.710382513661,0.289617486339
48780.1717523,0.710646041856,0.289353958144
48907.838419,0.71,0.29
48918.3149513,0.710263396912,0.289736603088
49045.981618,0.709618874773,0.290381125227
49056.4581503,0.709882139619,0.290117860381
49184.124817,0.709239130435,0.290760869565
49194.6013493,0.709502262443,0.290497737557
49205.0778817,0.709764918626,0.290235081374
49332.7445483,0.709123757904,0.290876242096
49343.2210807,0.709386281588,0.290613718412
49470.8877473,0.708746618575,0.291253381425
49481.3642797,0.709009009009,0.290990990991
49491.840812,0.709270927093,0.290729072907
49502.3173443,0.709532374101,0.290467625899
49512.7938767,0.709793351303,0.290206648697
49523.270409,0.710053859964,0.289946140036
49533.7469413,0.710313901345,0.289686098655
49544.2234737,0.710573476703,0.289426523297
49554.700006,0.710832587287,0.289167412713
49565.1765383,0.711091234347,0.288908765653
49575.6530707,0.711349419124,0.288650580876
49586.129603,0.711607142857,0.288392857143
49596.6061353,0.71186440678,0.28813559322
49607.0826677,0.712121212121,0.287878787879
49617.5592,0.712377560107,0.287622439893
49628.0357323,0.712633451957,0.287366548043
49638.5122647,0.712888888889,0.287111111111
49648.988797,0.713143872114,0.286856127886
49659.4653293,0.713398402839,0.286601597161
49669.9418617,0.71365248227,0.28634751773
49680.418394,0.713906111603,0.286093888397
49690.8949263,0.714159292035,0.285840707965
49701.3714587,0.714412024757,0.285587975243
49711.847991,0.714664310954,0.285335689046
49722.3245233,0.714916151809,0.285083848191
49732.8010557,0.715167548501,0.284832451499
49743.277588,0.715418502203,0.284581497797
49753.7541203,0.715669014085,0.284330985915
49764.2306527,0.715919085312,0.284080914688
49774.707185,0.716168717047,0.283831282953
49785.1837173,0.716417910448,0.283582089552
49795.6602497,0.716666666667,0.283333333333
49806.136782,0.716914986854,0.283085013146
49816.6133143,0.717162872154,0.282837127846
49827.0898467,0.71741032371,0.28258967629
49837.566379,0.717657342657,0.282342657343
49848.0429113,0.717903930131,0.282096069869
49858.5194437,0.71815008726,0.28184991274
49868.995976,0.71839581517,0.28160418483
49879.4725083,0.718641114983,0.281358885017
49889.9490407,0.718885987815,0.281114012185
49900.425573,0.719130434783,0.280869565217
50028.0922397,0.718505647263,0.281494352737
50155.7589063,0.717881944444,0.282118055556
50166.2354387,0.718126626193,0.281873373807
50176.711971,0.718370883882,0.281629116118
50187.1885033,0.718614718615,0.281385281385
50197.6650357,0.718858131488,0.281141868512
50208.141568,0.719101123596,0.280898876404
50218.6181003,0.719343696028,0.280656303972
50346.284767,0.718723037101,0.281276962899
50473.9514337,0.718103448276,0.281896551724
50601.6181003,0.717484926787,0.282515073213
50729.284767,0.71686746988,0.28313253012
50739.7612993,0.717110920034,0.282889079966
50867.427966,0.716494845361,0.283505154639
50995.0946327,0.715879828326,0.284120171674
51005.571165,0.716123499142,0.283876500858
51016.0476973,0.716366752356,0.283633247644
51143.714364,0.715753424658,0.284246575342
51271.3810307,0.715141146279,0.284858853721
51399.0476973,0.71452991453,0.28547008547
51526.714364,0.713919726729,0.286080273271
51654.3810307,0.713310580205,0.286689419795
51782.0476973,0.712702472293,0.287297527707
51909.714364,0.712095400341,0.287904599659
51920.1908963,0.712340425532,0.287659574468
51930.6674287,0.712585034014,0.287414965986
51941.143961,0.712829226848,0.287170773152
51951.6204933,0.713073005093,0.286926994907
51962.0970257,0.713316369805,0.286683630195
51972.573558,0.713559322034,0.286440677966
51983.0500903,0.713801862828,0.286198137172
51993.5266227,0.714043993232,0.285956006768
52004.003155,0.714285714286,0.285714285714
52014.4796873,0.714527027027,0.285472972973
52024.9562197,0.714767932489,0.285232067511
52035.432752,0.715008431703,0.284991568297
52045.9092843,0.715248525695,0.284751474305
52056.3858167,0.715488215488,0.284511784512
52066.862349,0.715727502103,0.284272497897
52077.3388813,0.715966386555,0.284033613445
52087.8154137,0.716204869857,0.283795130143
52098.291946,0.71644295302,0.28355704698
52108.7684783,0.716680637049,0.283319362951
52119.2450107,0.716917922948,0.283082077052
52129.721543,0.717154811715,0.282845188285
52140.1980753,0.717391304348,0.282608695652
52150.6746077,0.717627401838,0.282372598162
52161.15114,0.717863105175,0.282136894825
52171.6276723,0.718098415346,0.281901584654
52182.1042047,0.718333333333,0.281666666667
52192.580737,0.718567860117,0.281432139883
52203.0572693,0.718801996672,0.281198003328
52213.5338017,0.719035743973,0.280964256027
52224.010334,0.71926910299,0.28073089701
52234.4868663,0.719502074689,0.280497925311
52244.9633987,0.719734660033,0.280265339967
52255.439931,0.719966859983,0.280033140017
52265.9164633,0.720198675497,0.279801324503
52276.3929957,0.720430107527,0.279569892473
52286.869528,0.720661157025,0.279338842975
52297.3460603,0.720891824938,0.279108175062
52307.8225927,0.721122112211,0.278877887789
52318.299125,0.721352019786,0.278647980214
52328.7756573,0.7215815486,0.2784184514
52339.2521897,0.721810699588,0.278189300412
52349.728722,0.722039473684,0.277960526316
52360.2052543,0.722267871816,0.277732128184
52370.6817867,0.72249589491,0.27750410509
52381.158319,0.722723543888,0.277276456112
52391.6348513,0.722950819672,0.277049180328
52402.1113837,0.723177723178,0.276822276822
52412.587916,0.723404255319,0.276595744681
52423.0644483,0.723630417007,0.276369582993
52550.731115,0.723039215686,0.276960784314
52561.2076473,0.723265306122,0.276734693878
52571.6841797,0.723491027732,0.276508972268
52582.160712,0.723716381418,0.276283618582
52709.8273787,0.723127035831,0.276872964169
52837.4940453,0.722538649308,0.277461350692
52965.160712,0.721951219512,0.278048780488
53092.8273787,0.72136474411,0.27863525589
53220.4940453,0.720779220779,0.279220779221
53348.160712,0.720194647202,0.279805352798
53475.8273787,0.71961102107,0.28038897893
53603.4940453,0.719028340081,0.280971659919
53613.9705777,0.71925566343,0.28074433657
53624.44711,0.71948261924,0.28051738076
53634.9236423,0.719709208401,0.280290791599
53762.590309,0.719128329298,0.280871670702
53773.0668413,0.71935483871,0.28064516129
53900.733508,0.718775181305,0.281224818695
54028.4001747,0.718196457327,0.281803542673
54038.876707,0.718423169751,0.281576830249
54166.5433737,0.717845659164,0.282154340836
54294.2100403,0.717269076305,0.282730923695
54304.6865727,0.717495987159,0.282504012841
54315.163105,0.717722534082,0.282277465918
54325.6396373,0.717948717949,0.282051282051
54336.1161697,0.718174539632,0.281825460368
54346.592702,0.7184,0.2816
54357.0692343,0.71862509992,0.28137490008
54367.5457667,0.718849840256,0.281150159744
54378.022299,0.719074221868,0.280925778132
54388.4988313,0.719298245614,0.280701754386
54398.9753637,0.719521912351,0.280478087649
54409.451896,0.71974522293,0.28025477707
54419.9284283,0.719968178202,0.280031821798
54547.595095,0.719395866455,0.280604133545
54675.2617617,0.71882446386,0.28117553614
54802.9284283,0.718253968254,0.281746031746
54930.595095,0.717684377478,0.282315622522
55058.2617617,0.717115689382,0.282884310618
55185.9284283,0.716547901821,0.283452098179
55313.595095,0.715981012658,0.284018987342
55441.2617617,0.715415019763,0.284584980237
55568.9284283,0.714849921011,0.285150078989
55579.4049607,0.715074980268,0.284925019732
55589.881493,0.715299684543,0.284700315457
55600.3580253,0.715524034673,0.284475965327
55610.8345577,0.715748031496,0.284251968504
55621.31109,0.715971675846,0.284028324154
55631.7876223,0.716194968553,0.283805031447
55642.2641547,0.716417910448,0.283582089552
55769.9308213,0.715855572998,0.284144427002
55780.4073537,0.716078431373,0.283921568627
55790.883886,0.716300940439,0.283699059561
55918.5505527,0.715740015662,0.284259984338
56046.2172193,0.715179968701,0.284820031299
56056.6937517,0.715402658327,0.284597341673
56067.170284,0.715625,0.284375
56077.6468163,0.715846994536,0.284153005464
56205.313483,0.715288611544,0.284711388456
56215.7900153,0.715510522214,0.284489477786
56226.2665477,0.715732087227,0.284267912773
56236.74308,0.715953307393,0.284046692607
56247.2196123,0.716174183515,0.283825816485
56257.6961447,0.716394716395,0.283605283605
56385.3628113,0.715838509317,0.284161490683
56395.8393437,0.716058960434,0.283941039566
56406.315876,0.716279069767,0.283720930233
56533.9825427,0.715724244771,0.284275755229
56544.459075,0.715944272446,0.284055727554
56554.9356073,0.716163959783,0.283836040217
56565.4121397,0.716383307573,0.283616692427
56575.888672,0.716602316602,0.283397683398
56586.3652043,0.716820987654,0.283179012346
56596.8417367,0.717039321511,0.282960678489
56607.318269,0.717257318952,0.282742681048
56617.7948013,0.717474980754,0.282525019246
56745.461468,0.716923076923,0.283076923077
56873.1281347,0.716372021522,0.283627978478
57000.7948013,0.715821812596,0.284178187404
57128.461468,0.715272448196,0.284727551804
57256.1281347,0.71472392638,0.28527607362
57266.604667,0.714942528736,0.285057471264
57277.0811993,0.715160796325,0.284839203675
57287.5577317,0.715378729916,0.284621270084
57298.034264,0.715596330275,0.284403669725
57425.7009307,0.715049656226,0.284950343774
57436.177463,0.715267175573,0.284732824427
57563.8441297,0.714721586575,0.285278413425
57574.320662,0.71493902439,0.28506097561
57701.9873287,0.714394516375,0.285605483625
57712.463861,0.714611872146,0.285388127854
57840.1305277,0.714068441065,0.285931558935
57850.60706,0.714285714286,0.285714285714
57978.2737267,0.713743356112,0.286256643888
57988.750259,0.713960546282,0.286039453718
57999.2267913,0.714177407127,0.285822592873
58009.7033237,0.714393939394,0.285606060606
58137.3699903,0.713853141559,0.286146858441
58265.036657,0.713313161876,0.286686838124
58275.5131893,0.713529856387,0.286470143613
58285.9897217,0.713746223565,0.286253776435
58296.466254,0.713962264151,0.286037735849
58306.9427863,0.714177978884,0.285822021116
58317.4193187,0.7143933685,0.2856066315
58327.895851,0.714608433735,0.285391566265
58455.5625177,0.714070729872,0.285929270128
58466.03905,0.714285714286,0.285714285714
58593.7057167,0.713749060856,0.286250939144
58604.182249,0.713963963964,0.286036036036
58614.6587813,0.714178544636,0.285821455364
58625.1353137,0.714392803598,0.285607196402
58752.8019803,0.713857677903,0.286142322097
58880.468647,0.713323353293,0.286676646707
59008.1353137,0.712789827973,0.287210172027
59135.8019803,0.712257100149,0.287742899851
59263.468647,0.711725168036,0.288274831964
59391.1353137,0.711194029851,0.288805970149
59518.8019803,0.710663683818,0.289336316182
59529.2785127,0.71087928465,0.28912071535
59539.755045,0.711094564408,0.288905435592
59550.2315773,0.71130952381,0.28869047619
59677.898244,0.710780669145,0.289219330855
59688.3747763,0.710995542348,0.289004457652
59816.041443,0.710467706013,0.289532293987
59943.7081097,0.709940652819,0.290059347181
60071.3747763,0.709414381023,0.290585618977
60081.8513087,0.70962962963,0.29037037037
60092.327841,0.709844559585,0.290155440415
60102.8043733,0.710059171598,0.289940828402
60113.2809057,0.710273466371,0.289726533629
60123.757438,0.710487444609,0.289512555391
60134.2339703,0.710701107011,0.289298892989
60261.900637,0.71017699115,0.28982300885
60272.3771693,0.710390567428,0.289609432572
60282.8537017,0.710603829161,0.289396170839
60293.330234,0.710816777042,0.289183222958
60303.8067663,0.711029411765,0.288970588235
60314.2832987,0.711241734019,0.288758265981
60324.759831,0.711453744493,0.288546255507
60335.2363633,0.711665443874,0.288334556126
60345.7128957,0.711876832845,0.288123167155
60356.189428,0.712087912088,0.287912087912
60366.6659603,0.712298682284,0.287701317716
60494.332627,0.711777615216,0.288222384784
60504.8091593,0.711988304094,0.288011695906
60515.2856917,0.712198685172,0.287801314828
60525.762224,0.712408759124,0.287591240876
60536.2387563,0.712618526623,0.287381473377
60663.905423,0.712099125364,0.287900874636
60674.3819553,0.712308812819,0.287691187181
60802.048622,0.711790393013,0.288209606987
60929.7152887,0.711272727273,0.288727272727
61057.3819553,0.710755813953,0.289244186047
61185.048622,0.710239651416,0.289760348584
61195.5251543,0.710449927431,0.289550072569
61323.191821,0.709934735315,0.290065264685
61333.6683533,0.710144927536,0.289855072464
61461.33502,0.70963070239,0.29036929761
61589.0016867,0.709117221418,0.290882778582
61716.6683533,0.708604483008,0.291395516992
61727.1448857,0.708815028902,0.291184971098
61737.621418,0.709025270758,0.290974729242
61865.2880847,0.708513708514,0.291486291486
61875.764617,0.708723864456,0.291276135544
62003.4312837,0.708213256484,0.291786743516
62013.907816,0.708423326134,0.291576673866
62024.3843483,0.708633093525,0.291366906475
62034.8608807,0.70884255931,0.29115744069
62045.337413,0.709051724138,0.290948275862
62055.8139453,0.709260588658,0.290739411342
62183.480612,0.7087517934,0.2912482066
62193.9571443,0.708960573477,0.291039426523
62204.4336767,0.709169054441,0.290830945559
62214.910209,0.709377236936,0.290622763064
62225.3867413,0.709585121602,0.290414878398
62353.053408,0.709077912795,0.290922087205
62363.5299403,0.709285714286,0.290714285714
62374.0064727,0.709493219129,0.290506780871
62384.483005,0.70970042796,0.29029957204
62512.1496717,0.709194583036,0.290805416964
62522.626204,0.709401709402,0.290598290598
62533.1027363,0.709608540925,0.290391459075
62543.5792687,0.709815078236,0.290184921764
62554.055801,0.710021321962,0.289978678038
62564.5323333,0.710227272727,0.289772727273
62575.0088657,0.710432931157,0.289567068843
62585.485398,0.710638297872,0.289361702128
62595.9619303,0.710843373494,0.289156626506
62606.4384627,0.71104815864,0.28895184136
62616.914995,0.711252653928,0.288747346072
62627.3915273,0.711456859972,0.288543140028
62637.8680597,0.711660777385,0.288339222615
62648.344592,0.71186440678,0.28813559322
62658.8211243,0.712067748765,0.287932251235
62786.487791,0.711565585331,0.288434414669
62914.1544577,0.711064129669,0.288935870331
63041.8211243,0.710563380282,0.289436619718
63052.2976567,0.710767065447,0.289232934553
63179.9643233,0.710267229255,0.289732770745
63307.63099,0.709768095573,0.290231904427
63435.2976567,0.709269662921,0.290730337079
63562.9643233,0.708771929825,0.291228070175
63690.63099,0.708274894811,0.291725105189
63701.1075223,0.70847932726,0.29152067274
63828.774189,0.707983193277,0.292016806723
63956.4408557,0.707487753674,0.292512246326
64084.1075223,0.706993006993,0.293006993007
64211.774189,0.706498951782,0.293501048218
64339.4408557,0.706005586592,0.293994413408
64349.917388,0.706210746685,0.293789253315
64360.3939203,0.706415620642,0.293584379358
64488.060587,0.705923344948,0.294076655052
64498.5371193,0.706128133705,0.293871866295
64509.0136517,0.706332637439,0.293667362561
64519.490184,0.706536856745,0.293463143255
64529.9667163,0.706740792217,0.293259207783
64540.4432487,0.706944444444,0.293055555556
64550.919781,0.707147814018,0.292852185982
64561.3963133,0.707350901526,0.292649098474
64689.06298,0.706860706861,0.293139293139
64816.7296467,0.706371191136,0.293628808864
64944.3963133,0.705882352941,0.294117647059
65072.06298,0.705394190871,0.294605809129
65199.7296467,0.704906703525,0.295093296475
65327.3963133,0.704419889503,0.295580110497
65337.8728457,0.704623878537,0.295376121463
65465.5395123,0.704137931034,0.295862068966
65476.0160447,0.704341833218,0.295658166782
65603.6827113,0.703856749311,0.296143250689
65614.1592437,0.70406056435,0.29593943565
65624.635776,0.704264099037,0.295735900963
65635.1123083,0.704467353952,0.295532646048
65762.778975,0.703983516484,0.296016483516
65890.4456417,0.703500343171,0.296499656829
65900.922174,0.703703703704,0.296296296296
66028.5888407,0.70322138451,0.29677861549
66039.065373,0.703424657534,0.296575342466
66049.5419053,0.703627652293,0.296372347707
66060.0184377,0.703830369357,0.296169630643
66070.49497,0.704032809296,0.295967190704
66080.9715023,0.704234972678,0.295765027322
66091.4480347,0.704436860068,0.295563139932
66219.1147013,0.703956343793,0.296043656207
66229.5912337,0.704158145876,0.295841854124
66240.067766,0.704359673025,0.295640326975
66250.5442983,0.7045609258,0.2954390742
66261.0208307,0.704761904762,0.295238095238
66271.497363,0.704962610469,0.295037389531
66281.9738953,0.705163043478,0.294836956522
66292.4504277,0.705363204345,0.294636795655
66302.92696,0.705563093623,0.294436906377
66313.4034923,0.705762711864,0.294237288136
66323.8800247,0.705962059621,0.294037940379
66334.356557,0.706161137441,0.293838862559
66344.8330893,0.706359945873,0.293640054127
66355.3096217,0.706558485463,0.293441514537
66365.786154,0.706756756757,0.293243243243
66376.2626863,0.706954760297,0.293045239703
66386.7392187,0.707152496626,0.292847503374
66514.4058853,0.706675657451,0.293324342549
66524.8824177,0.706873315364,0.293126684636
66535.35895,0.707070707071,0.292929292929
66663.0256167,0.706594885599,0.293405114401
66673.502149,0.706792199059,0.293207800941
66683.9786813,0.706989247312,0.293010752688
66694.4552137,0.707186030893,0.292813969107
66704.931746,0.707382550336,0.292617449664
66715.4082783,0.70757880617,0.29242119383
66725.8848107,0.707774798928,0.292225201072
66736.361343,0.707970529136,0.292029470864
66746.8378753,0.708165997323,0.291834002677
66757.3144077,0.708361204013,0.291638795987
66884.9810743,0.707887700535,0.292112299465
67012.647741,0.707414829659,0.292585170341
67140.3144077,0.70694259012,0.29305740988
67267.9810743,0.706470980654,0.293529019346
67395.647741,0.706,0.294
67523.3144077,0.705529646902,0.294470353098
67650.9810743,0.705059920107,0.294940079893
67778.647741,0.704590818363,0.295409181637
67906.3144077,0.704122340426,0.295877659574
67916.79094,0.704318936877,0.295681063123
67927.2674723,0.704515272244,0.295484727756
68054.934139,0.70404777704,0.29595222296
68065.4106713,0.70424403183,0.29575596817
68075.8872037,0.704440026508,0.295559973492
68086.363736,0.704635761589,0.295364238411
68096.8402683,0.704831237591,0.295168762409
68107.3168007,0.705026455026,0.294973544974
68117.793333,0.705221414408,0.294778585592
68245.4599997,0.704755614267,0.295244385733
68255.936532,0.70495049505,0.29504950495
68266.4130643,0.705145118734,0.294854881266
68276.8895967,0.705339485827,0.294660514173
68287.366129,0.705533596838,0.294466403162
68297.8426613,0.705727452271,0.294272547729
68308.3191937,0.705921052632,0.294078947368
68318.795726,0.706114398422,0.293885601578
68446.4623927,0.705650459921,0.294349540079
68456.938925,0.705843729481,0.294156270519
68467.4154573,0.706036745407,0.293963254593
68477.8919897,0.706229508197,0.293770491803
68488.368522,0.706422018349,0.293577981651
68616.0351887,0.705959397511,0.294040602489
68743.7018553,0.705497382199,0.294502617801
68871.368522,0.705035971223,0.294964028777
68999.0351887,0.704575163399,0.295424836601
69126.7018553,0.704114957544,0.295885042456
69254.368522,0.70365535248,0.29634464752
69264.8450543,0.703848662753,0.296151337247
69275.3215867,0.704041720991,0.295958279009
69402.9882533,0.703583061889,0.296416938111
69413.4647857,0.703776041667,0.296223958333
69541.1314523,0.703318152245,0.296681847755
69551.6079847,0.703511053316,0.296488946684
69679.2746513,0.703053931124,0.296946068876
69689.7511837,0.703246753247,0.296753246753
69700.227716,0.703439325114,0.296560674886
69710.7042483,0.703631647211,0.296368352789
69721.1807807,0.703823720026,0.296176279974
69848.8474473,0.703367875648,0.296632124352
69976.514114,0.702912621359,0.297087378641
69986.9906463,0.703104786546,0.296895213454
69997.4671787,0.703296703297,0.296703296703
70007.943711,0.703488372093,0.296511627907
70018.4202433,0.703679793415,0.296320206585
70028.8967757,0.703870967742,0.296129032258
70039.373308,0.704061895551,0.295938104449
70049.8498403,0.70425257732,0.29574742268
70060.3263727,0.704443013522,0.295556986478
70070.802905,0.704633204633,0.295366795367
70081.2794373,0.704823151125,0.295176848875
70208.946104,0.704370179949,0.295629820051
70336.6127707,0.703917790623,0.296082209377
70347.089303,0.704107830552,0.295892169448
70357.5658353,0.704297626684,0.295702373316
70368.0423677,0.704487179487,0.295512820513
70378.5189,0.70467648943,0.29532351057
70388.9954323,0.704865556978,0.295134443022
70399.4719647,0.705054382598,0.294945617402
70409.948497,0.705242966752,0.294757033248
70420.4250293,0.705431309904,0.294568690096
70430.9015617,0.705619412516,0.294380587484
70441.378094,0.705807275048,0.294192724952
70451.8546263,0.705994897959,0.294005102041
70462.3311587,0.706182281708,0.293817718292
70589.9978253,0.705732484076,0.294267515924
70600.4743577,0.705919796308,0.294080203692
70610.95089,0.706106870229,0.293893129771
70621.4274223,0.706293706294,0.293706293706
70631.9039547,0.706480304956,0.293519695044
70642.380487,0.706666666667,0.293333333333
70652.8570193,0.706852791878,0.293147208122
70663.3335517,0.70703868104,0.29296131896
70673.810084,0.707224334601,0.292775665399
70684.2866163,0.707409753008,0.292590246992
70694.7631487,0.707594936709,0.292405063291
70705.239681,0.707779886148,0.292220113852
70715.7162133,0.70796460177,0.29203539823
70726.1927457,0.708149084018,0.291850915982
70736.669278,0.708333333333,0.291666666667
70747.1458103,0.708517350158,0.291482649842
70757.6223427,0.708701134931,0.291298865069
70768.098875,0.708884688091,0.291115311909
70895.7655417,0.708438287154,0.291561712846
70906.242074,0.708621774701,0.291378225299
70916.7186063,0.708805031447,0.291194968553
70927.1951387,0.708988057825,0.291011942175
70937.671671,0.709170854271,0.290829145729
71065.3383377,0.708725674827,0.291274325173
71193.0050043,0.708281053952,0.291718946048
71320.671671,0.707836990596,0.292163009404
71448.3383377,0.707393483709,0.292606516291
71576.0050043,0.706950532248,0.293049467752
71703.671671,0.706508135169,0.293491864831
71831.3383377,0.706066291432,0.293933708568
71959.0050043,0.705625,0.294375
71969.4815367,0.705808869457,0.294191130543
71979.958069,0.705992509363,0.294007490637
71990.4346013,0.70617592015,0.29382407985
72000.9111337,0.706359102244,0.293640897756
72128.5778003,0.705919003115,0.294080996885
72139.0543327,0.706102117061,0.293897882939
72149.530865,0.706285003111,0.293714996889
72277.1975317,0.705845771144,0.294154228856
72287.674064,0.706028589186,0.293971410814
72415.3407307,0.705590062112,0.294409937888
72543.0073973,0.705152079454,0.294847920546
72553.4839297,0.705334987593,0.294665012407
72563.960462,0.70551766894,0.29448233106
72574.4369943,0.705700123916,0.294299876084
72584.9135267,0.705882352941,0.294117647059
72595.390059,0.706064356436,0.293935643564
72605.8665913,0.706246134818,0.293753865182
72616.3431237,0.706427688504,0.293572311496
72626.819656,0.706609017912,0.293390982088
72637.2961883,0.706790123457,0.293209876543
72647.7727207,0.706971005552,0.293028994448
72658.249253,0.707151664612,0.292848335388
72668.7257853,0.707332101047,0.292667898953
72679.2023177,0.707512315271,0.292487684729
72689.67885,0.707692307692,0.292307692308
72817.3455167,0.707257072571,0.292742927429
72945.0121833,0.706822372465,0.293177627535
73072.67885,0.706388206388,0.293611793612
73200.3455167,0.705954573358,0.294045426642
73328.0121833,0.705521472393,0.294478527607
73455.67885,0.705088902514,0.294911097486
73583.3455167,0.704656862745,0.295343137255
73593.822049,0.704837721984,0.295162278016
73721.4887157,0.704406364749,0.295593635251
73849.1553823,0.703975535168,0.296024464832
73859.6319147,0.704156479218,0.295843520782
73987.2985813,0.70372632865,0.29627367135
74114.965248,0.703296703297,0.296703296703
74125.4417803,0.703477730323,0.296522269677
74253.108447,0.703048780488,0.296951219512
74263.5849793,0.703229737965,0.296770262035
74391.251646,0.702801461632,0.297198538368
74518.9183127,0.702373706634,0.297626293366
74646.5849793,0.701946472019,0.298053527981
74774.251646,0.701519756839,0.298480243161
74784.7281783,0.70170109356,0.29829890644
74795.2047107,0.701882210079,0.298117789921
74805.681243,0.702063106796,0.297936893204
74816.1577753,0.702243784112,0.297756215888
74943.824442,0.701818181818,0.298181818182
74954.3009743,0.701998788613,0.298001211387
75081.967641,0.701573849879,0.298426150121
75209.6343077,0.701149425287,0.298850574713
75337.3009743,0.700725513906,0.299274486094
75464.967641,0.700302114804,0.299697885196
75475.4441733,0.700483091787,0.299516908213
75603.11084,0.70006035003,0.29993964997
75730.7775067,0.699638118215,0.300361881785
75741.254039,0.699819168174,0.300180831826
75868.9207057,0.699397590361,0.300602409639
75879.397238,0.699578567128,0.300421432872
75889.8737703,0.699759326113,0.300240673887
76017.540437,0.699338544799,0.300661455201
76028.0169693,0.699519230769,0.300480769231
76038.4935017,0.6996996997,0.3003003003
76048.970034,0.699879951981,0.300120048019
76059.4465663,0.700059988002,0.299940011998
76069.9230987,0.700239808153,0.299760191847
76197.5897653,0.699820251648,0.300179748352
76325.256432,0.699401197605,0.300598802395
76335.7329643,0.699581089168,0.300418910832
76346.2094967,0.69976076555,0.30023923445
76356.686029,0.699940227137,0.300059772863
76484.3526957,0.699522102748,0.300477897252
76494.829228,0.699701492537,0.300298507463
76505.3057603,0.699880668258,0.300119331742
76632.972427,0.69946332737,0.30053667263
76643.4489593,0.699642431466,0.300357568534
76653.9254917,0.699821322216,0.300178677784
76664.402024,0.7,0.3
76674.8785563,0.700178465199,0.299821534801
76802.545223,0.699762187872,0.300237812128
76813.0217553,0.699940582294,0.300059417706
76823.4982877,0.700118764846,0.299881235154
76833.97482,0.700296735905,0.299703264095
76844.4513523,0.700474495848,0.299525504152
76854.9278847,0.70065204505,0.29934795495
76865.404417,0.700829383886,0.299170616114
76875.8809493,0.701006512729,0.298993487271
76886.3574817,0.701183431953,0.298816568047
76896.834014,0.701360141928,0.298639858072
76907.3105463,0.701536643026,0.298463356974
77034.977213,0.701122268163,0.298877731837
77045.4537453,0.701298701299,0.298701298701
77055.9302777,0.701474926254,0.298525073746
77066.40681,0.701650943396,0.298349056604
77076.8833423,0.701826753094,0.298173246906
77087.3598747,0.702002355713,0.297997644287
77097.836407,0.702177751619,0.297822248381
77108.3129393,0.702352941176,0.297647058824
77118.7894717,0.70252792475,0.29747207525
77129.266004,0.702702702703,0.297297297297
77139.7425363,0.702877275396,0.297122724604
77150.2190687,0.703051643192,0.296948356808
77160.695601,0.703225806452,0.296774193548
77171.1721333,0.703399765533,0.296600234467
77298.8388,0.702987697715,0.297012302285
77426.5054667,0.702576112412,0.297423887588
77554.1721333,0.702165008777,0.297834991223
77681.8388,0.701754385965,0.298245614035
77692.3153323,0.701928696669,0.298071303331
77819.981999,0.701518691589,0.298481308411
77830.4585313,0.701692936369,0.298307063631
77958.125198,0.701283547258,0.298716452742
77968.6017303,0.701457725948,0.298542274052
77979.0782627,0.701631701632,0.298368298368
78106.7449293,0.701223063483,0.298776936517
78234.411596,0.700814901048,0.299185098952
78244.8881283,0.700988947062,0.299011052938
78255.3646607,0.701162790698,0.298837209302
78265.841193,0.701336432307,0.298663567693
78393.5078597,0.700929152149,0.299070847851
78521.1745263,0.700522344748,0.299477655252
78531.6510587,0.700696055684,0.299303944316
78542.127591,0.700869565217,0.299130434783
78552.6041233,0.701042873696,0.298957126304
78563.0806557,0.701215981471,0.298784018529
78573.557188,0.701388888889,0.298611111111
78584.0337203,0.701561596298,0.298438403702
78594.5102527,0.701734104046,0.298265895954
78604.986785,0.701906412478,0.298093587522
78615.4633173,0.70207852194,0.29792147806
78625.9398497,0.702250432776,0.297749567224
78753.6065163,0.70184544406,0.29815455594
78764.0830487,0.702017291066,0.297982708934
78774.559581,0.702188940092,0.297811059908
78785.0361133,0.70236039148,0.29763960852
78795.5126457,0.70253164557,0.29746835443
78805.989178,0.702702702703,0.297297297297
78816.4657103,0.702873563218,0.297126436782
78826.9422427,0.703044227455,0.296955772545
78954.6089093,0.702640642939,0.297359357061
79082.275576,0.702237521515,0.297762478485
79209.9422427,0.701834862385,0.298165137615
79337.6089093,0.701432664756,0.298567335244
79465.275576,0.701030927835,0.298969072165
79592.9422427,0.70062965083,0.29937034917
79720.6089093,0.700228832952,0.299771167048
79848.275576,0.699828473413,0.300171526587
79975.9422427,0.699428571429,0.300571428571
80103.6089093,0.699029126214,0.300970873786
80231.275576,0.698630136986,0.301369863014
80241.7521083,0.698802053622,0.301197946378
80252.2286407,0.69897377423,0.30102622577
80262.705173,0.699145299145,0.300854700855
80390.3718397,0.69874715262,0.30125284738
80518.0385063,0.698349459306,0.301650540694
80528.5150387,0.698521046644,0.301478953356
80538.991571,0.698692438886,0.301307561114
80549.4681033,0.698863636364,0.301136363636
80677.13477,0.698466780239,0.301533219761
80804.8014367,0.698070374574,0.301929625426
80932.4681033,0.697674418605,0.302325581395
81060.13477,0.697278911565,0.302721088435
81070.6113023,0.697450424929,0.302549575071
81198.277969,0.697055492639,0.302944507361
81208.7545013,0.697226938314,0.302773061686
81336.421168,0.696832579186,0.303167420814
81346.8977003,0.697003957038,0.302996042962
81357.3742327,0.697175141243,0.302824858757
81367.850765,0.697346132129,0.302653867871
81495.5174317,0.696952595937,0.303047404063
81623.1840983,0.696559503666,0.303440496334
81633.6606307,0.696730552424,0.303269447576
81761.3272973,0.696338028169,0.303661971831
81888.993964,0.695945945946,0.304054054054
81899.4704963,0.69611705121,0.30388294879
82027.137163,0.695725534308,0.304274465692
82037.6136953,0.695896571107,0.304103428893
82048.0902277,0.69606741573,0.30393258427
82058.56676,0.696238068501,0.303761931499
82186.2334267,0.695847362514,0.304152637486
82313.9000933,0.695457094784,0.304542905216
82324.3766257,0.695627802691,0.304372197309
82452.0432923,0.695238095238,0.304761904762
82579.709959,0.694848824188,0.305151175812
82590.1864913,0.695019585898,0.304980414102
82600.6630237,0.6951901566,0.3048098434
82611.139556,0.695360536613,0.304639463387
82621.6160883,0.695530726257,0.304469273743
82632.0926207,0.695700725851,0.304299274149
82642.569153,0.695870535714,0.304129464286
82653.0456853,0.696040156163,0.303959843837
82663.5222177,0.696209587514,0.303790412486
82791.1888843,0.695821727019,0.304178272981
82801.6654167,0.695991091314,0.304008908686
82812.141949,0.696160267112,0.303839732888
82822.6184813,0.696329254727,0.303670745273
82833.0950137,0.696498054475,0.303501945525
82843.571546,0.696666666667,0.303333333333
82854.0480783,0.696835091616,0.303164908384
82864.5246107,0.697003329634,0.302996670366
82875.001143,0.697171381032,0.302828618968
83002.6678097,0.696784922395,0.303215077605
83130.3344763,0.696398891967,0.303601108033
83140.8110087,0.696566998893,0.303433001107
83268.4776753,0.696181516325,0.303818483675
83278.9542077,0.696349557522,0.303650442478
83406.6208743,0.695964621338,0.304035378662
83534.287541,0.695580110497,0.304419889503
83661.9542077,0.695196024296,0.304803975704
83789.6208743,0.694812362031,0.305187637969
83917.287541,0.694429123001,0.305570876999
84044.9542077,0.694046306505,0.305953693495
84172.6208743,0.693663911846,0.306336088154
84183.0974067,0.693832599119,0.306167400881
84310.7640733,0.693450742983,0.306549257017
84438.43074,0.693069306931,0.306930693069
84448.9072723,0.693238042881,0.306761957119
84576.573939,0.692857142857,0.307142857143
84587.0504713,0.693025809995,0.306974190005
84597.5270037,0.693194291987,0.306805708013
84725.1936703,0.692814042787,0.307185957213
84735.6702027,0.69298245614,0.30701754386
84746.146735,0.693150684932,0.306849315068
84756.6232673,0.693318729463,0.306681270537
84767.0997997,0.693486590038,0.306513409962
84777.576332,0.693654266958,0.306345733042
84788.0528643,0.693821760525,0.306178239475
84798.5293967,0.693989071038,0.306010928962
84809.005929,0.694156198798,0.305843801202
84819.4824613,0.694323144105,0.305676855895
84947.149128,0.693944353519,0.306055646481
84957.6256603,0.694111232279,0.305888767721
84968.1021927,0.694277929155,0.305722070845
84978.578725,0.694444444444,0.305555555556
84989.0552573,0.694610778443,0.305389221557
84999.5317897,0.694776931447,0.305223068553
85010.008322,0.694942903752,0.305057096248
85020.4848543,0.695108695652,0.304891304348
85030.9613867,0.695274307442,0.304725692558
85041.437919,0.695439739414,0.304560260586
85051.9144513,0.695604991861,0.304395008139
85062.3909837,0.695770065076,0.304229934924
85072.867516,0.69593495935,0.30406504065
85083.3440483,0.696099674973,0.303900325027
85093.8205807,0.696264212236,0.303735787764
85104.297113,0.696428571429,0.303571428571
85114.7736453,0.696592752839,0.303407247161
85125.2501777,0.696756756757,0.303243243243
85252.9168443,0.696380334954,0.303619665046
85263.3933767,0.696544276458,0.303455723542
85273.869909,0.696708041015,0.303291958985
85401.5365757,0.696332254585,0.303667745415
85529.2032423,0.695956873315,0.304043126685
85656.869909,0.695581896552,0.304418103448
85784.5365757,0.69520732364,0.30479267636
85912.2032423,0.694833153929,0.305166846071
86039.869909,0.694459386767,0.305540613233
86050.3464413,0.694623655914,0.305376344086
86060.8229737,0.694787748522,0.305212251478
86071.299506,0.694951664876,0.305048335124
86081.7760383,0.69511540526,0.30488459474
86209.442705,0.69474248927,0.30525751073
86219.9192373,0.69490616622,0.30509383378
86347.585904,0.694533762058,0.305466237942
86358.0624363,0.694697375469,0.305302624531
86485.729103,0.694325481799,0.305674518201
86613.3957697,0.693953986089,0.306046013911
86623.872302,0.694117647059,0.305882352941
86751.5389687,0.69374665954,0.30625334046
86879.2056353,0.693376068376,0.306623931624
87006.872302,0.693005872931,0.306994127069
87134.5389687,0.692636072572,0.307363927428
87145.015501,0.6928,0.3072
87155.4920333,0.692963752665,0.307036247335
87283.1587,0.692594565796,0.307405434204
87293.6352323,0.692758253461,0.307241746539
87421.301899,0.69238956892,0.30761043108
87431.7784313,0.692553191489,0.307446808511
87559.445098,0.692185007974,0.307814992026
87687.1117647,0.691817215728,0.308182784272
87814.7784313,0.691449814126,0.308550185874
87942.445098,0.691082802548,0.308917197452
88070.1117647,0.690716180371,0.309283819629
88080.588297,0.690880169671,0.309119830329
88208.2549637,0.690514043455,0.309485956545
88218.731496,0.690677966102,0.309322033898
88346.3981627,0.690312334569,0.309687665431
88356.874695,0.690476190476,0.309523809524
88367.3512273,0.690639873083,0.309360126917
88377.8277597,0.690803382664,0.309196617336
88388.304292,0.690966719493,0.309033280507
88398.7808243,0.691129883844,0.308870116156
88409.2573567,0.691292875989,0.308707124011
88419.733889,0.691455696203,0.308544303797
88430.2104213,0.691618344755,0.308381655245
88440.6869537,0.691780821918,0.308219178082
88451.163486,0.691943127962,0.308056872038
88461.6400183,0.692105263158,0.307894736842
88472.1165507,0.692267227775,0.307732772225
88599.7832173,0.691903259727,0.308096740273
88727.449884,0.691539674199,0.308460325801
88737.9264163,0.691701680672,0.308298319328
88865.593083,0.691338582677,0.308661417323
88876.0696153,0.691500524659,0.308499475341
88886.5461477,0.691662296801,0.308337703199
88897.02268,0.691823899371,0.308176100629
88907.4992123,0.691985332635,0.308014667365
88917.9757447,0.692146596859,0.307853403141
88928.452277,0.692307692308,0.307692307692
89056.1189437,0.691945606695,0.308054393305
89066.595476,0.692106638787,0.307893361213
89077.0720083,0.692267502612,0.307732497388
89204.738675,0.691906005222,0.308093994778
89332.4053417,0.691544885177,0.308455114823
89460.0720083,0.691184141888,0.308815858112
89470.5485407,0.691345151199,0.308654848801
89598.2152073,0.690984887962,0.309015112038
89608.6917397,0.691145833333,0.308854166667
89736.3584063,0.690786048933,0.309213951067
89746.8349387,0.690946930281,0.309053069719
89874.5016053,0.690587623505,0.309412376495
89884.9781377,0.690748440748,0.309251559252
89895.45467,0.690909090909,0.309090909091
90023.1213367,0.690550363448,0.309449636552
90150.7880033,0.690192008303,0.309807991697
90278.45467,0.689834024896,0.310165975104
90406.1213367,0.689476412649,0.310523587351
90416.597869,0.689637305699,0.310362694301
90427.0744013,0.689798032108,0.310201967892
90437.5509337,0.689958592133,0.310041407867
90565.2176003,0.689601655458,0.310398344542
90575.6941327,0.689762150982,0.310237849018
90586.170665,0.68992248062,0.31007751938
90596.6471973,0.690082644628,0.309917355372
90607.1237297,0.690242643263,0.309757356737
90617.600262,0.69040247678,0.30959752322
90745.2669287,0.690046415678,0.309953584322
90755.743461,0.690206185567,0.309793814433
90766.2199933,0.690365790829,0.309634209171
90776.6965257,0.69052523172,0.30947476828
90787.173058,0.690684508492,0.309315491508
90797.6495903,0.690843621399,0.309156378601
90808.1261227,0.691002570694,0.308997429306
90818.602655,0.691161356629,0.308838643371
90829.0791873,0.691319979456,0.308680020544
90956.745854,0.690965092402,0.309034907598
91084.4125207,0.690610569523,0.309389430477
91212.0791873,0.690256410256,0.309743589744
91222.5557197,0.690415171707,0.309584828293
91350.2223863,0.69006147541,0.30993852459
91477.889053,0.689708141321,0.310291858679
91605.5557197,0.689355168884,0.310644831116
91733.2223863,0.689002557545,0.310997442455
91743.6989187,0.689161554192,0.310838445808
91754.175451,0.68932038835,0.31067961165
91764.6519833,0.689479060266,0.310520939734
91892.31865,0.689127105666,0.310872894334
92019.9853167,0.688775510204,0.311224489796
92147.6519833,0.68842427333,0.31157572667
92158.1285157,0.688583078491,0.311416921509
92285.7951823,0.688232297504,0.311767702496
92296.2717147,0.688391038697,0.311608961303
92306.748247,0.688549618321,0.311450381679
92317.2247793,0.688708036623,0.311291963377
92327.7013117,0.688866293849,0.311133706151
92455.3679783,0.688516260163,0.311483739837
92583.034645,0.688166582021,0.311833417979
92593.5111773,0.688324873096,0.311675126904
92603.9877097,0.688483003551,0.311516996449
92614.464242,0.688640973631,0.311359026369
92624.9407743,0.688798783578,0.311201216422
92752.607441,0.688449848024,0.311550151976
92880.2741077,0.688101265823,0.311898734177
93007.9407743,0.687753036437,0.312246963563
93135.607441,0.687405159332,0.312594840668
93263.2741077,0.687057633974,0.312942366026
93273.75064,0.687215765538,0.312784234462
93401.4173067,0.686868686869,0.313131313131
93529.0839733,0.686521958607,0.313478041393
93656.75064,0.686175580222,0.313824419778
93784.4173067,0.685829551185,0.314170448815
93912.0839733,0.685483870968,0.314516129032
93922.5605057,0.68564231738,0.31435768262
94050.2271723,0.685297079557,0.314702920443
94060.7037047,0.685455460493,0.314544539507
94071.180237,0.685613682093,0.314386317907
94081.6567693,0.685771744595,0.314228255405
94209.323436,0.685427135678,0.314572864322
94219.7999683,0.685585133099,0.314414866901
94347.466635,0.685240963855,0.314759036145
94357.9431673,0.685398896136,0.314601103864
94368.4196997,0.68555667001,0.31444332999
94378.896232,0.685714285714,0.314285714286
94389.3727643,0.685871743487,0.314128256513
94399.8492967,0.686029043565,0.313970956435
94410.325829,0.686186186186,0.313813813814
94420.8023613,0.686343171586,0.313656828414
94431.2788937,0.6865,0.3135
94441.755426,0.686656671664,0.313343328336
94452.2319583,0.686813186813,0.313186813187
94462.7084907,0.686969545681,0.313030454319
94473.185023,0.687125748503,0.312874251497
94483.6615553,0.687281795511,0.312718204489
94611.328222,0.686939182453,0.313060817547
94738.9948887,0.686596910812,0.313403089188
94749.471421,0.686752988048,0.313247011952
94759.9479533,0.686908909905,0.313091090095
94770.4244857,0.687064676617,0.312935323383
94898.0911523,0.686723023371,0.313276976629
95025.757819,0.686381709742,0.313618290258
95153.4244857,0.686040735221,0.313959264779
95163.901018,0.686196623635,0.313803376365
95291.5676847,0.685856079404,0.314143920596
95419.2343513,0.685515873016,0.314484126984
95546.901018,0.685176003966,0.314823996034
95557.3775503,0.685332011893,0.314667988107
95685.044217,0.684992570579,0.315007429421
95812.7108837,0.684653465347,0.315346534653
95823.187416,0.684809500247,0.315190499753
95833.6639483,0.684965380811,0.315034619189
95961.330615,0.684626791893,0.315373208107
96088.9972817,0.684288537549,0.315711462451
96216.6639483,0.683950617284,0.316049382716
96227.1404807,0.684106614018,0.315893385982
96237.617013,0.684262456833,0.315737543167
96248.0935453,0.684418145957,0.315581854043
96258.5700777,0.684573681617,0.315426318383
96269.04661,0.684729064039,0.315270935961
96279.5231423,0.684884293452,0.315115706548
96289.9996747,0.685039370079,0.314960629921
96417.6663413,0.684702410231,0.315297589769
96428.1428737,0.684857423795,0.315142576205
96438.619406,0.685012285012,0.314987714988
96449.0959383,0.685166994106,0.314833005894
96459.5724707,0.685321551301,0.314678448699
96587.2391373,0.684985279686,0.315014720314
96597.7156697,0.685139774399,0.314860225601
96608.192202,0.685294117647,0.314705882353
96618.6687343,0.685448309652,0.314551690348
96746.335401,0.685112634672,0.314887365328
96874.0020677,0.684777288302,0.315222711698
97001.6687343,0.684442270059,0.315557729941
97129.335401,0.684107579462,0.315892420538
97257.0020677,0.683773216031,0.316226783969
97267.4786,0.683927699072,0.316072300928
97277.9551323,0.68408203125,0.31591796875
97405.621799,0.683748169839,0.316251830161
97533.2884657,0.683414634146,0.316585365854
97660.9551323,0.683081423696,0.316918576304
97671.4316647,0.683235867446,0.316764132554
97799.0983313,0.68290306868,0.31709693132
97809.5748637,0.68305744888,0.31694255112
97937.2415303,0.682725060827,0.317274939173
97947.7180627,0.682879377432,0.317120622568
97958.194595,0.683033543996,0.316966456004
98085.8612617,0.682701652089,0.317298347911
98096.337794,0.682855755221,0.317144244779
98106.8143263,0.683009708738,0.316990291262
98234.480993,0.682678311499,0.317321688501
98244.9575253,0.682832201746,0.317167798254
98255.4340577,0.682985942802,0.317014057198
98265.91059,0.683139534884,0.316860465116
98393.5772567,0.682808716707,0.317191283293
98521.2439233,0.68247821878,0.31752178122
98531.7204557,0.682631833575,0.317368166425
98542.196988,0.682785299807,0.317214700193
98552.6735203,0.68293861769,0.31706138231
98563.1500527,0.68309178744,0.31690821256
98573.626585,0.683244809271,0.316755190729
98701.2932517,0.682915057915,0.317084942085
98711.769784,0.683068017366,0.316931982634
98722.2463163,0.683220829315,0.316779170685
98732.7228487,0.683373493976,0.316626506024
98743.199381,0.683526011561,0.316473988439
98753.6759133,0.683678382282,0.316321617718
98764.1524457,0.683830606352,0.316169393648
98774.628978,0.683982683983,0.316017316017
98785.1055103,0.684134615385,0.315865384615
98795.5820427,0.684286400769,0.315713599231
98923.2487093,0.683957732949,0.316042267051
98933.7252417,0.684109457513,0.315890542487
99061.3919083,0.683781190019,0.316218809981
99189.058575,0.68345323741,0.31654676259
99316.7252417,0.683125599233,0.316874400767
99444.3919083,0.682798275036,0.317201724964
99572.058575,0.682471264368,0.317528735632
99582.5351073,0.68262326472,0.31737673528
99710.201774,0.682296650718,0.317703349282
99720.6783063,0.682448589192,0.317551410808
99731.1548387,0.682600382409,0.317399617591
99741.631371,0.682752030578,0.317247969422
99869.2980377,0.682425978988,0.317574021012
99879.77457,0.682577565632,0.317422434368
99890.2511023,0.682729007634,0.317270992366
99900.7276347,0.682880305198,0.317119694802
99911.204167,0.683031458532,0.316968541468
99921.6806993,0.683182467842,0.316817532158
100049.347366,0.682857142857,0.317142857143
100177.014033,0.682532127558,0.317467872442
100304.680699,0.682207421503,0.317792578497
100315.157232,0.682358535426,0.317641464574
100325.633764,0.682509505703,0.317490494297
100453.300431,0.682185273159,0.317814726841
100463.776963,0.682336182336,0.317663817664
100474.253495,0.682486948268,0.317513051732
100484.730028,0.682637571157,0.317362428843
100495.20656,0.682788051209,0.317211948791
100505.683092,0.682938388626,0.317061611374
100516.159625,0.68308858361,0.31691141639
100526.636157,0.683238636364,0.316761363636
100537.112689,0.683388547089,0.316611452911
100547.589222,0.683538315989,0.316461684011
100558.065754,0.683687943262,0.316312056738
100568.542286,0.683837429112,0.316162570888
100579.018819,0.683986773736,0.316013226264
100589.495351,0.684135977337,0.315864022663
100599.971883,0.684285040113,0.315714959887
100610.448416,0.684433962264,0.315566037736
100620.924948,0.684582743989,0.315417256011
100631.40148,0.684731385485,0.315268614515
100641.878013,0.684879886952,0.315120113048
100652.354545,0.685028248588,0.314971751412
100662.831077,0.685176470588,0.314823529412
100673.30761,0.685324553151,0.314675446849
100683.784142,0.685472496474,0.314527503526
100694.260674,0.685620300752,0.314379699248
100704.737207,0.685767966181,0.314232033819
100715.213739,0.685915492958,0.314084507042
100725.690271,0.686062881276,0.313937118724
100736.166804,0.686210131332,0.313789868668
100746.643336,0.686357243319,0.313642756681
100757.119868,0.686504217432,0.313495782568
100767.596401,0.686651053864,0.313348946136
100778.072933,0.686797752809,0.313202247191
100788.549465,0.68694431446,0.31305568554
100799.025998,0.687090739008,0.312909260992
100809.50253,0.687237026648,0.312762973352
100819.979062,0.68738317757,0.31261682243
100830.455595,0.687529191966,0.312470808034
100840.932127,0.687675070028,0.312324929972
100851.408659,0.687820811946,0.312179188054
100861.885192,0.68796641791,0.31203358209
100872.361724,0.688111888112,0.311888111888
100882.838256,0.68825722274,0.31174277726
100893.314789,0.688402421984,0.311597578016
100903.791321,0.688547486034,0.311452513966
100914.267853,0.688692415077,0.311307584923
100924.744386,0.688837209302,0.311162790698
100935.220918,0.688981868898,0.311018131102
100945.69745,0.689126394052,0.310873605948
100956.173983,0.689270784951,0.310729215049
100966.650515,0.689415041783,0.310584958217
100977.127047,0.689559164733,0.310440835267
100987.60358,0.689703153989,0.310296846011
100998.080112,0.689847009736,0.310152990264
101008.556644,0.689990732159,0.310009267841
101019.033177,0.690134321445,0.309865678555
101029.509709,0.690277777778,0.309722222222
101039.986241,0.690421101342,0.309578898658
101050.462774,0.690564292322,0.309435707678
101060.939306,0.690707350902,0.309292649098
101071.415838,0.690850277264,0.309149722736
101081.892371,0.690993071594,0.309006928406
101092.368903,0.691135734072,0.308864265928
101102.845435,0.691278264882,0.308721735118
101113.321968,0.691420664207,0.308579335793
101123.7985,0.691562932227,0.308437067773
101134.275032,0.691705069124,0.308294930876
101144.751565,0.691847075081,0.308152924919
101155.228097,0.691988950276,0.308011049724
101165.704629,0.692130694892,0.307869305108
101176.181162,0.692272309108,0.307727690892
101186.657694,0.692413793103,0.307586206897
101197.134226,0.692555147059,0.307444852941
101324.800893,0.692237023427,0.307762976573
101335.277425,0.692378328742,0.307621671258
101462.944092,0.692060578247,0.307939421753
101590.610759,0.691743119266,0.308256880734
101718.277425,0.691425951398,0.308574048602
101845.944092,0.691109074244,0.308890925756
101973.610759,0.690792487403,0.309207512597
102101.277425,0.690476190476,0.309523809524
102111.753958,0.69061784897,0.30938215103
102239.420624,0.690301921317,0.309698078683
102367.087291,0.689986282579,0.310013717421
102494.753958,0.689670932358,0.310329067642
102505.23049,0.689812699863,0.310187300137
102632.897157,0.689497716895,0.310502283105
102643.373689,0.689639434048,0.310360565952
102653.850221,0.689781021898,0.310218978102
102664.326754,0.68992248062,0.31007751938
102674.803286,0.690063810392,0.309936189608
102802.469953,0.689749430524,0.310250569476
102812.946485,0.689890710383,0.310109289617
102823.423017,0.690031861629,0.309968138371
102951.089684,0.689717925387,0.310282074613
102961.566216,0.68985902683,0.31014097317
102972.042749,0.69,0.31
102982.519281,0.69014084507,0.30985915493
102992.995813,0.690281562216,0.309718437784
103003.472346,0.690422151611,0.309577848389
103013.948878,0.69056261343,0.30943738657
103024.42541,0.690702947846,0.309297052154
103034.901943,0.690843155032,0.309156844968
103045.378475,0.690983235161,0.309016764839
103055.855007,0.691123188406,0.308876811594
103066.33154,0.691263014939,0.308736985061
103076.808072,0.691402714932,0.308597285068
103087.284604,0.691542288557,0.308457711443
103097.761137,0.691681735986,0.308318264014
103108.237669,0.691821057388,0.308178942612
103118.714201,0.691960252936,0.308039747064
103129.190734,0.692099322799,0.307900677201
103139.667266,0.692238267148,0.307761732852
103150.143798,0.692377086152,0.307622913848
103160.620331,0.692515779982,0.307484220018
103171.096863,0.692654348806,0.307345651194
103298.76353,0.692342342342,0.307657657658
103309.240062,0.692480864475,0.307519135525
103319.716594,0.692619261926,0.307380738074
103330.193127,0.692757534863,0.307242465137
103340.669659,0.692895683453,0.307104316547
103351.146191,0.693033707865,0.306966292135
103361.622724,0.693171608266,0.306828391734
103372.099256,0.693309384823,0.306690615177
103382.575788,0.693447037702,0.306552962298
103393.052321,0.69358456707,0.30641543293
103403.528853,0.693721973094,0.306278026906
103414.005385,0.693859255939,0.306140744061
103424.481918,0.693996415771,0.306003584229
103434.95845,0.694133452754,0.305866547246
103445.434982,0.694270367055,0.305729632945
103455.911515,0.694407158837,0.305592841163
103466.388047,0.694543828265,0.305456171735
103476.864579,0.694680375503,0.305319624497
103487.341112,0.694816800715,0.305183199285
103497.817644,0.694953104064,0.305046895936
103508.294176,0.695089285714,0.304910714286
103518.770709,0.695225345828,0.304774654172
103529.247241,0.695361284567,0.304638715433
103539.723773,0.695497102095,0.304502897905
103550.200306,0.695632798574,0.304367201426
103560.676838,0.695768374165,0.304231625835
103571.15337,0.695903829029,0.304096170971
103581.629903,0.696039163329,0.303960836671
103592.106435,0.696174377224,0.303825622776
103602.582967,0.696309470876,0.303690529124
103613.0595,0.696444444444,0.303555555556
103740.726166,0.696135051088,0.303864948912
103751.202699,0.696269982238,0.303730017762
103761.679231,0.696404793609,0.303595206391
103772.155763,0.696539485359,0.303460514641
103782.632296,0.69667405765,0.30332594235
103793.108828,0.696808510638,0.303191489362
103803.58536,0.696942844484,0.303057155516
103814.061893,0.697077059345,0.302922940655
103824.538425,0.697211155378,0.302788844622
103835.014957,0.697345132743,0.302654867257
103845.49149,0.697478991597,0.302521008403
103855.968022,0.697612732095,0.302387267905
103866.444554,0.697746354397,0.302253645603
103876.921087,0.697879858657,0.302120141343
103887.397619,0.698013245033,0.301986754967
103897.874151,0.69814651368,0.30185348632
103908.350684,0.698279664755,0.301720335245
103918.827216,0.698412698413,0.301587301587
103929.303748,0.698545614808,0.301454385192
103939.780281,0.698678414097,0.301321585903
103950.256813,0.698811096433,0.301188903567
103960.733345,0.698943661972,0.301056338028
103971.209878,0.699076110867,0.300923889133
103981.68641,0.699208443272,0.300791556728
103992.162942,0.699340659341,0.300659340659
104002.639475,0.699472759227,0.300527240773
104013.116007,0.699604743083,0.300395256917
104023.592539,0.699736611062,0.300263388938
104034.069072,0.699868363317,0.300131636683
104044.545604,0.7,0.3
104055.022136,0.700131521263,0.299868478737
104065.498669,0.700262927257,0.299737072743
104075.975201,0.700394218134,0.299605781866
104086.451733,0.700525394046,0.299474605954
104096.928266,0.700656455142,0.299343544858
104107.404798,0.700787401575,0.299212598425
104117.88133,0.700918233494,0.299081766506
104245.547997,0.700611888112,0.299388111888
104256.024529,0.700742682394,0.299257317606
104383.691196,0.700436681223,0.299563318777
104394.167728,0.7005674378,0.2994325622
104404.644261,0.700698080279,0.299301919721
104532.310927,0.70039249891,0.29960750109
104542.78746,0.700523103749,0.299476896251
104553.263992,0.700653594771,0.299346405229
104563.740524,0.700783972125,0.299216027875
104574.217057,0.70091423596,0.29908576404
104584.693589,0.701044386423,0.298955613577
104595.170121,0.701174423662,0.298825576338
104722.836788,0.700869565217,0.299130434783
104850.503455,0.700564971751,0.299435028249
104860.979987,0.700695047785,0.299304952215
104871.456519,0.700825010855,0.299174989145
104881.933052,0.700954861111,0.299045138889
104892.409584,0.701084598698,0.298915401302
104902.886116,0.701214223764,0.298785776236
104913.362649,0.701343736454,0.298656263546
105041.029315,0.701039861352,0.298960138648