Time,RejRate,AcceptRate
127.666666667,0.0,1.0
138.143199,0.5,0.5
148.619731333,0.666666666667,0.333333333333
276.286398,0.5,0.5
403.953064667,0.4,0.6
414.429597,0.5,0.5
542.096263667,0.428571428571,0.571428571429
552.572796,0.5,0.5
563.049328333,0.555555555556,0.444444444444
573.525860667,0.6,0.4
584.002393,0.636363636364,0.363636363636
594.478925333,0.666666666667,0.333333333333
604.955457667,0.692307692308,0.307692307692
615.43199,0.714285714286,0.285714285714
625.908522333,0.733333333333,0.266666666667
753.575189,0.6875,0.3125
764.051721333,0.705882352941,0.294117647059
891.718388,0.666666666667,0.333333333333
902.194920333,0.684210526316,0.315789473684
1029.861587,0.65,0.35
1157.52825367,0.619047619048,0.380952380952
1285.19492033,0.590909090909,0.409090909091
1412.861587,0.565217391304,0.434782608696
1540.52825367,0.541666666667,0.458333333333
1668.19492033,0.52,0.48
1795.861587,0.5,0.5
1923.52825367,0.481481481481,0.518518518519
1934.004786,0.5,0.5
2061.67145267,0.48275862069,0.51724137931
2189.33811933,0.466666666667,0.533333333333
2199.81465167,0.483870967742,0.516129032258
2327.48131833,0.46875,0.53125
2337.95785067,0.484848484848,0.515151515152
2348.434383,0.5,0.5
2358.91091533,0.514285714286,0.485714285714
2369.38744767,0.527777777778,0.472222222222
2379.86398,0.540540540541,0.459459459459
2390.34051233,0.552631578947,0.447368421053
2400.81704467,0.564102564103,0.435897435897
2411.293577,0.575,0.425
2421.77010933,0.585365853659,0.414634146341
2432.24664167,0.595238095238,0.404761904762
2442.723174,0.604651162791,0.395348837209
2453.19970633,0.613636363636,0.386363636364
2463.67623867,0.622222222222,0.377777777778
2474.152771,0.630434782609,0.369565217391
2484.62930333,0.63829787234,0.36170212766
2495.10583567,0.645833333333,0.354166666667
2505.582368,0.65306122449,0.34693877551
2516.05890033,0.66,0.34
2526.53543267,0.666666666667,0.333333333333
2537.011965,0.673076923077,0.326923076923
2547.48849733,0.679245283019,0.320754716981
2557.96502967,0.685185185185,0.314814814815
2568.441562,0.690909090909,0.309090909091
2578.91809433,0.696428571429,0.303571428571
2589.39462667,0.701754385965,0.298245614035
2599.871159,0.706896551724,0.293103448276
2610.34769133,0.71186440678,0.28813559322
2620.82422367,0.716666666667,0.283333333333
2631.300756,0.72131147541,0.27868852459
2641.77728833,0.725806451613,0.274193548387
2652.25382067,0.730158730159,0.269841269841
2662.730353,0.734375,0.265625
2673.20688533,0.738461538462,0.261538461538
2683.68341767,0.742424242424,0.257575757576
2694.15995,0.746268656716,0.253731343284
2821.82661667,0.735294117647,0.264705882353
2832.303149,0.739130434783,0.260869565217
2842.77968133,0.742857142857,0.257142857143
2853.25621367,0.746478873239,0.253521126761
2863.732746,0.75,0.25
2874.20927833,0.753424657534,0.246575342466
2884.68581067,0.756756756757,0.243243243243
2895.162343,0.76,0.24
2905.63887533,0.763157894737,0.236842105263
2916.11540767,0.766233766234,0.233766233766
2926.59194,0.769230769231,0.230769230769
3054.25860667,0.759493670886,0.240506329114
3064.735139,0.7625,0.2375
3075.21167133,0.765432098765,0.234567901235
3085.68820367,0.768292682927,0.231707317073
3096.164736,0.771084337349,0.228915662651
3106.64126833,0.77380952381,0.22619047619
3117.11780067,0.776470588235,0.223529411765
3127.594333,0.779069767442,0.220930232558
3138.07086533,0.781609195402,0.218390804598
3265.737532,0.772727272727,0.227272727273
3276.21406433,0.775280898876,0.224719101124
3286.69059667,0.777777777778,0.222222222222
3297.167129,0.78021978022,0.21978021978
3307.64366133,0.782608695652,0.217391304348
3318.12019367,0.784946236559,0.215053763441
3328.596726,0.787234042553,0.212765957447
3339.07325833,0.789473684211,0.210526315789
3349.54979067,0.791666666667,0.208333333333
3360.026323,0.79381443299,0.20618556701
3370.50285533,0.795918367347,0.204081632653
3380.97938767,0.79797979798,0.20202020202
3391.45592,0.8,0.2
3401.93245233,0.80198019802,0.19801980198
3412.40898467,0.803921568627,0.196078431373
3540.07565133,0.796116504854,0.203883495146
3667.742318,0.788461538462,0.211538461538
3678.21885033,0.790476190476,0.209523809524
3805.885517,0.783018867925,0.216981132075
3816.36204933,0.785046728972,0.214953271028
3944.028716,0.777777777778,0.222222222222
4071.69538267,0.770642201835,0.229357798165
4199.36204933,0.763636363636,0.236363636364
4209.83858167,0.765765765766,0.234234234234
4220.315114,0.767857142857,0.232142857143
4230.79164633,0.769911504425,0.230088495575
4241.26817867,0.771929824561,0.228070175439
4368.93484533,0.765217391304,0.234782608696
4496.601512,0.758620689655,0.241379310345
4507.07804433,0.760683760684,0.239316239316
4517.55457667,0.762711864407,0.237288135593
4645.22124333,0.756302521008,0.243697478992
4655.69777567,0.758333333333,0.241666666667
4666.174308,0.760330578512,0.239669421488
4676.65084033,0.762295081967,0.237704918033
4687.12737267,0.764227642276,0.235772357724
4697.603905,0.766129032258,0.233870967742
4708.08043733,0.768,0.232
4718.55696967,0.769841269841,0.230158730159
4729.033502,0.771653543307,0.228346456693
4739.51003433,0.7734375,0.2265625
4749.98656667,0.77519379845,0.22480620155
4760.463099,0.776923076923,0.223076923077
4770.93963133,0.778625954198,0.221374045802
4781.41616367,0.780303030303,0.219696969697
4791.892696,0.781954887218,0.218045112782
4919.55936267,0.776119402985,0.223880597015
5047.22602933,0.77037037037,0.22962962963
5174.892696,0.764705882353,0.235294117647
5185.36922833,0.766423357664,0.233576642336
5313.035895,0.760869565217,0.239130434783
5440.70256167,0.755395683453,0.244604316547
5568.36922833,0.75,0.25
5578.84576067,0.751773049645,0.248226950355
5589.322293,0.753521126761,0.246478873239
5599.79882533,0.755244755245,0.244755244755
5610.27535767,0.756944444444,0.243055555556
5737.94202433,0.751724137931,0.248275862069
5748.41855667,0.753424657534,0.246575342466
5758.895089,0.755102040816,0.244897959184
5769.37162133,0.756756756757,0.243243243243
5779.84815367,0.758389261745,0.241610738255
5907.51482033,0.753333333333,0.246666666667
6035.181487,0.748344370861,0.251655629139
6045.65801933,0.75,0.25
6056.13455167,0.751633986928,0.248366013072
6066.611084,0.753246753247,0.246753246753
6077.08761633,0.754838709677,0.245161290323
6087.56414867,0.75641025641,0.24358974359
6098.040681,0.757961783439,0.242038216561
6108.51721333,0.759493670886,0.240506329114
6118.99374567,0.761006289308,0.238993710692
6129.470278,0.7625,0.2375
6257.13694467,0.757763975155,0.242236024845
6384.80361133,0.753086419753,0.246913580247
6395.28014367,0.754601226994,0.245398773006
6522.94681033,0.75,0.25
6533.42334267,0.751515151515,0.248484848485
6543.899875,0.753012048193,0.246987951807
6554.37640733,0.754491017964,0.245508982036
6682.043074,0.75,0.25
6809.70974067,0.745562130178,0.254437869822
6937.37640733,0.741176470588,0.258823529412
7065.043074,0.736842105263,0.263157894737
7192.70974067,0.732558139535,0.267441860465
7320.37640733,0.728323699422,0.271676300578
7448.043074,0.724137931034,0.275862068966
7575.70974067,0.72,0.28
7586.186273,0.721590909091,0.278409090909
7713.85293967,0.717514124294,0.282485875706
7724.329472,0.719101123596,0.280898876404
7734.80600433,0.720670391061,0.279329608939
7862.472671,0.716666666667,0.283333333333
7990.13933767,0.71270718232,0.28729281768
8000.61587,0.714285714286,0.285714285714
8011.09240233,0.715846994536,0.284153005464
8021.56893467,0.717391304348,0.282608695652
8032.045467,0.718918918919,0.281081081081
8042.52199933,0.720430107527,0.279569892473
8052.99853167,0.72192513369,0.27807486631
8063.475064,0.723404255319,0.276595744681
8073.95159633,0.724867724868,0.275132275132
8084.42812867,0.726315789474,0.273684210526
8094.904661,0.727748691099,0.272251308901
8105.38119333,0.729166666667,0.270833333333
8115.85772567,0.730569948187,0.269430051813
8126.334258,0.731958762887,0.268041237113
8136.81079033,0.733333333333,0.266666666667
8147.28732267,0.734693877551,0.265306122449
8157.763855,0.736040609137,0.263959390863
8168.24038733,0.737373737374,0.262626262626
8178.71691967,0.738693467337,0.261306532663
8189.193452,0.74,0.26
8199.66998433,0.741293532338,0.258706467662
8210.14651667,0.742574257426,0.257425742574
8220.623049,0.743842364532,0.256157635468
8231.09958133,0.745098039216,0.254901960784
8241.57611367,0.746341463415,0.253658536585
8369.24278033,0.742718446602,0.257281553398
8379.71931267,0.743961352657,0.256038647343
8507.38597933,0.740384615385,0.259615384615
8517.86251167,0.741626794258,0.258373205742
8528.339044,0.742857142857,0.257142857143
8656.00571067,0.739336492891,0.260663507109
8783.67237733,0.735849056604,0.264150943396
8911.339044,0.732394366197,0.267605633803
9039.00571067,0.728971962617,0.271028037383
9166.67237733,0.725581395349,0.274418604651
9177.14890967,0.726851851852,0.273148148148
9187.625442,0.728110599078,0.271889400922
9315.29210867,0.724770642202,0.275229357798
9442.95877533,0.721461187215,0.278538812785
9570.625442,0.718181818182,0.281818181818
9698.29210867,0.714932126697,0.285067873303
9825.95877533,0.711711711712,0.288288288288
9953.625442,0.708520179372,0.291479820628
9964.10197433,0.709821428571,0.290178571429
10091.768641,0.706666666667,0.293333333333
10219.4353077,0.703539823009,0.296460176991
10347.1019743,0.700440528634,0.299559471366
10357.5785067,0.701754385965,0.298245614035
10485.2451733,0.698689956332,0.301310043668
10495.7217057,0.7,0.3
10506.198238,0.701298701299,0.298701298701
10516.6747703,0.702586206897,0.297413793103
10527.1513027,0.703862660944,0.296137339056
10537.627835,0.705128205128,0.294871794872
10548.1043673,0.706382978723,0.293617021277
10558.5808997,0.707627118644,0.292372881356
10569.057432,0.708860759494,0.291139240506
10579.5339643,0.710084033613,0.289915966387
10590.0104967,0.71129707113,0.28870292887
10600.487029,0.7125,0.2875
10728.1536957,0.709543568465,0.290456431535
10738.630228,0.710743801653,0.289256198347
10749.1067603,0.711934156379,0.288065843621
10759.5832927,0.713114754098,0.286885245902
10770.059825,0.714285714286,0.285714285714
10780.5363573,0.715447154472,0.284552845528
10791.0128897,0.716599190283,0.283400809717
10801.489422,0.717741935484,0.282258064516
10929.1560887,0.714859437751,0.285140562249
10939.632621,0.716,0.284
10950.1091533,0.717131474104,0.282868525896
10960.5856857,0.718253968254,0.281746031746
10971.062218,0.719367588933,0.280632411067
10981.5387503,0.720472440945,0.279527559055
10992.0152827,0.721568627451,0.278431372549
11002.491815,0.72265625,0.27734375
11012.9683473,0.72373540856,0.27626459144
11023.4448797,0.72480620155,0.27519379845
11033.921412,0.725868725869,0.274131274131
11161.5880787,0.723076923077,0.276923076923
11172.064611,0.724137931034,0.275862068966
11182.5411433,0.725190839695,0.274809160305
11193.0176757,0.726235741445,0.273764258555
11320.6843423,0.723484848485,0.276515151515
11331.1608747,0.724528301887,0.275471698113
11458.8275413,0.721804511278,0.278195488722
11586.494208,0.719101123596,0.280898876404
11714.1608747,0.716417910448,0.283582089552
11841.8275413,0.71375464684,0.28624535316
11969.494208,0.711111111111,0.288888888889
12097.1608747,0.708487084871,0.291512915129
12107.637407,0.709558823529,0.290441176471
12235.3040737,0.70695970696,0.29304029304
12362.9707403,0.704379562044,0.295620437956
12373.4472727,0.705454545455,0.294545454545
12501.1139393,0.702898550725,0.297101449275
12511.5904717,0.703971119134,0.296028880866
12639.2571383,0.701438848921,0.298561151079
12649.7336707,0.702508960573,0.297491039427
12777.4003373,0.7,0.3
12787.8768697,0.701067615658,0.298932384342
12798.353402,0.702127659574,0.297872340426
12808.8299343,0.703180212014,0.296819787986
12819.3064667,0.704225352113,0.295774647887
12829.782999,0.705263157895,0.294736842105
12840.2595313,0.706293706294,0.293706293706
12850.7360637,0.707317073171,0.292682926829
12861.212596,0.708333333333,0.291666666667
12988.8792627,0.705882352941,0.294117647059
12999.355795,0.706896551724,0.293103448276
13009.8323273,0.707903780069,0.292096219931
13020.3088597,0.708904109589,0.291095890411
13030.785392,0.709897610922,0.290102389078
13041.2619243,0.710884353741,0.289115646259
13051.7384567,0.71186440678,0.28813559322
13062.214989,0.712837837838,0.287162162162
13072.6915213,0.713804713805,0.286195286195
13083.1680537,0.714765100671,0.285234899329
13093.644586,0.715719063545,0.284280936455
13104.1211183,0.716666666667,0.283333333333
13114.5976507,0.717607973422,0.282392026578
13125.074183,0.718543046358,0.281456953642
13135.5507153,0.719471947195,0.280528052805
13146.0272477,0.720394736842,0.279605263158
13156.50378,0.72131147541,0.27868852459
13166.9803123,0.722222222222,0.277777777778
13177.4568447,0.723127035831,0.276872964169
13187.933377,0.724025974026,0.275974025974
13198.4099093,0.724919093851,0.275080906149
13208.8864417,0.725806451613,0.274193548387
13219.362974,0.726688102894,0.273311897106
13229.8395063,0.727564102564,0.272435897436
13240.3160387,0.728434504792,0.271565495208
13250.792571,0.729299363057,0.270700636943
13261.2691033,0.730158730159,0.269841269841
13271.7456357,0.731012658228,0.268987341772
13282.222168,0.731861198738,0.268138801262
13292.6987003,0.732704402516,0.267295597484
13303.1752327,0.733542319749,0.266457680251
13313.651765,0.734375,0.265625
13324.1282973,0.735202492212,0.264797507788
13334.6048297,0.73602484472,0.26397515528
13345.081362,0.736842105263,0.263157894737
13355.5578943,0.737654320988,0.262345679012
13366.0344267,0.738461538462,0.261538461538
13376.510959,0.739263803681,0.260736196319
13386.9874913,0.74006116208,0.25993883792
13397.4640237,0.740853658537,0.259146341463
13407.940556,0.741641337386,0.258358662614
13418.4170883,0.742424242424,0.257575757576
13428.8936207,0.743202416918,0.256797583082
13439.370153,0.743975903614,0.256024096386
13449.8466853,0.744744744745,0.255255255255
13460.3232177,0.745508982036,0.254491017964
13470.79975,0.746268656716,0.253731343284
13481.2762823,0.747023809524,0.252976190476
13491.7528147,0.747774480712,0.252225519288
13502.229347,0.748520710059,0.251479289941
13629.8960137,0.746312684366,0.253687315634
13640.372546,0.747058823529,0.252941176471
13650.8490783,0.74780058651,0.25219941349
13661.3256107,0.748538011696,0.251461988304
13671.802143,0.749271137026,0.250728862974
13799.4688097,0.747093023256,0.252906976744
13927.1354763,0.744927536232,0.255072463768
14054.802143,0.742774566474,0.257225433526
14182.4688097,0.740634005764,0.259365994236
14192.945342,0.741379310345,0.258620689655
14320.6120087,0.739255014327,0.260744985673
14448.2786753,0.737142857143,0.262857142857
14575.945342,0.735042735043,0.264957264957
14586.4218743,0.735795454545,0.264204545455
14714.088541,0.733711048159,0.266288951841
14841.7552077,0.731638418079,0.268361581921
14852.23174,0.732394366197,0.267605633803
14862.7082723,0.733146067416,0.266853932584
14990.374939,0.731092436975,0.268907563025
15118.0416057,0.72905027933,0.27094972067
15128.518138,0.729805013928,0.270194986072
15138.9946703,0.730555555556,0.269444444444
15149.4712027,0.731301939058,0.268698060942
15159.947735,0.732044198895,0.267955801105
15170.4242673,0.732782369146,0.267217630854
15180.9007997,0.733516483516,0.266483516484
15308.5674663,0.731506849315,0.268493150685
15319.0439987,0.732240437158,0.267759562842
15329.520531,0.732970027248,0.267029972752
15339.9970633,0.733695652174,0.266304347826
15350.4735957,0.734417344173,0.265582655827
15360.950128,0.735135135135,0.264864864865
15371.4266603,0.735849056604,0.264150943396
15381.9031927,0.736559139785,0.263440860215
15392.379725,0.73726541555,0.26273458445
15402.8562573,0.737967914439,0.262032085561
15413.3327897,0.738666666667,0.261333333333
15540.9994563,0.73670212766,0.26329787234
15668.666123,0.73474801061,0.26525198939
15796.3327897,0.732804232804,0.267195767196
15923.9994563,0.730870712401,0.269129287599
16051.666123,0.728947368421,0.271052631579
16179.3327897,0.727034120735,0.272965879265
16306.9994563,0.725130890052,0.274869109948
16434.666123,0.723237597911,0.276762402089
16445.1426553,0.723958333333,0.276041666667
16455.6191877,0.724675324675,0.275324675325
16583.2858543,0.722797927461,0.277202072539
16710.952521,0.720930232558,0.279069767442
16838.6191877,0.719072164948,0.280927835052
16849.09572,0.719794344473,0.280205655527
16976.7623867,0.717948717949,0.282051282051
17104.4290533,0.716112531969,0.283887468031
17114.9055857,0.716836734694,0.283163265306
17242.5722523,0.715012722646,0.284987277354
17253.0487847,0.715736040609,0.284263959391
17263.525317,0.716455696203,0.283544303797
17274.0018493,0.717171717172,0.282828282828
17284.4783817,0.717884130982,0.282115869018
17412.1450483,0.71608040201,0.28391959799
17422.6215807,0.71679197995,0.28320802005
17550.2882473,0.715,0.285
17677.954914,0.713216957606,0.286783042394
17688.4314463,0.713930348259,0.286069651741
17816.098113,0.712158808933,0.287841191067
17943.7647797,0.710396039604,0.289603960396
17954.241312,0.711111111111,0.288888888889
17964.7178443,0.711822660099,0.288177339901
18092.384511,0.710073710074,0.289926289926
18102.8610433,0.710784313725,0.289215686275
18113.3375757,0.711491442543,0.288508557457
18123.814108,0.712195121951,0.287804878049
18251.4807747,0.710462287105,0.289537712895
18379.1474413,0.708737864078,0.291262135922
18506.814108,0.707021791768,0.292978208232
18517.2906403,0.707729468599,0.292270531401
18644.957307,0.706024096386,0.293975903614
18772.6239737,0.704326923077,0.295673076923
18900.2906403,0.702637889688,0.297362110312
19027.957307,0.700956937799,0.299043062201
19155.6239737,0.699284009547,0.300715990453
19166.100506,0.7,0.3
19176.5770383,0.700712589074,0.299287410926
19187.0535707,0.701421800948,0.298578199052
19197.530103,0.702127659574,0.297872340426
19325.1967697,0.700471698113,0.299528301887
19335.673302,0.701176470588,0.298823529412
19463.3399687,0.699530516432,0.300469483568
19473.816501,0.700234192037,0.299765807963
19484.2930333,0.700934579439,0.299065420561
19494.7695657,0.701631701632,0.298368298368
19505.246098,0.702325581395,0.297674418605
19632.9127647,0.700696055684,0.299303944316
19760.5794313,0.699074074074,0.300925925926
19888.246098,0.697459584296,0.302540415704
19898.7226303,0.698156682028,0.301843317972
20026.389297,0.696551724138,0.303448275862
20154.0559637,0.69495412844,0.30504587156
20164.532496,0.695652173913,0.304347826087
20292.1991627,0.694063926941,0.305936073059
20419.8658293,0.692482915718,0.307517084282
20430.3423617,0.693181818182,0.306818181818
20440.818894,0.69387755102,0.30612244898
20451.2954263,0.694570135747,0.305429864253
20461.7719587,0.695259593679,0.304740406321
20472.248491,0.695945945946,0.304054054054
20482.7250233,0.696629213483,0.303370786517
20493.2015557,0.69730941704,0.30269058296
20620.8682223,0.695749440716,0.304250559284
20748.534889,0.694196428571,0.305803571429
20759.0114213,0.694877505568,0.305122494432
20769.4879537,0.695555555556,0.304444444444
20779.964486,0.69623059867,0.30376940133
20907.6311527,0.694690265487,0.305309734513
20918.107685,0.695364238411,0.304635761589
20928.5842173,0.696035242291,0.303964757709
20939.0607497,0.696703296703,0.303296703297
21066.7274163,0.695175438596,0.304824561404
21077.2039487,0.695842450766,0.304157549234
21087.680481,0.696506550218,0.303493449782
21098.1570133,0.697167755991,0.302832244009
21225.82368,0.695652173913,0.304347826087
21353.4903467,0.694143167028,0.305856832972
21363.966879,0.694805194805,0.305194805195
21374.4434113,0.695464362851,0.304535637149
21384.9199437,0.696120689655,0.303879310345
21395.396476,0.696774193548,0.303225806452
21405.8730083,0.697424892704,0.302575107296
21416.3495407,0.698072805139,0.301927194861
21426.826073,0.698717948718,0.301282051282
21437.3026053,0.699360341151,0.300639658849
21447.7791377,0.7,0.3
21458.25567,0.700636942675,0.299363057325
21468.7322023,0.701271186441,0.298728813559
21479.2087347,0.701902748414,0.298097251586
21489.685267,0.70253164557,0.29746835443
21500.1617993,0.703157894737,0.296842105263
21510.6383317,0.703781512605,0.296218487395
21521.114864,0.704402515723,0.295597484277
21531.5913963,0.705020920502,0.294979079498
21542.0679287,0.705636743215,0.294363256785
21552.544461,0.70625,0.29375
21680.2111277,0.704781704782,0.295218295218
21690.68766,0.705394190871,0.294605809129
21701.1641923,0.706004140787,0.293995859213
21711.6407247,0.706611570248,0.293388429752
21722.117257,0.707216494845,0.292783505155
21732.5937893,0.707818930041,0.292181069959
21743.0703217,0.70841889117,0.29158110883
21753.546854,0.709016393443,0.290983606557
21764.0233863,0.709611451943,0.290388548057
21774.4999187,0.710204081633,0.289795918367
21784.976451,0.710794297352,0.289205702648
21795.4529833,0.711382113821,0.288617886179
21923.11965,0.709939148073,0.290060851927
22050.7863167,0.708502024291,0.291497975709
22178.4529833,0.707070707071,0.292929292929
22188.9295157,0.707661290323,0.292338709677
22316.5961823,0.706237424547,0.293762575453
22444.262849,0.704819277108,0.295180722892
22571.9295157,0.703406813627,0.296593186373
22699.5961823,0.702,0.298
22827.262849,0.700598802395,0.299401197605
22954.9295157,0.699203187251,0.300796812749
22965.406048,0.699801192843,0.300198807157
23093.0727147,0.698412698413,0.301587301587
23220.7393813,0.69702970297,0.30297029703
23348.406048,0.695652173913,0.304347826087
23476.0727147,0.694280078895,0.305719921105
23486.549247,0.694881889764,0.305118110236
23614.2159137,0.693516699411,0.306483300589
23741.8825803,0.692156862745,0.307843137255
23752.3591127,0.692759295499,0.307240704501
23880.0257793,0.69140625,0.30859375
24007.692446,0.690058479532,0.309941520468
24018.1689783,0.690661478599,0.309338521401
24028.6455107,0.691262135922,0.308737864078
24156.3121773,0.68992248062,0.31007751938
24283.978844,0.688588007737,0.311411992263
24294.4553763,0.689189189189,0.310810810811
24304.9319087,0.68978805395,0.31021194605
24432.5985753,0.688461538462,0.311538461538
24443.0751077,0.68905950096,0.31094049904
24570.7417743,0.687739463602,0.312260536398
24581.2183067,0.688336520076,0.311663479924
24591.694839,0.68893129771,0.31106870229
24602.1713713,0.689523809524,0.310476190476
24612.6479037,0.690114068441,0.309885931559
24623.124436,0.690702087287,0.309297912713
24633.6009683,0.691287878788,0.308712121212
24644.0775007,0.691871455577,0.308128544423
24654.554033,0.692452830189,0.307547169811
24665.0305653,0.693032015066,0.306967984934
24675.5070977,0.693609022556,0.306390977444
24803.1737643,0.692307692308,0.307692307692
24930.840431,0.691011235955,0.308988764045
25058.5070977,0.689719626168,0.310280373832
25186.1737643,0.688432835821,0.311567164179
25313.840431,0.687150837989,0.312849162011
25324.3169633,0.687732342007,0.312267657993
25451.98363,0.686456400742,0.313543599258
25579.6502967,0.685185185185,0.314814814815
25590.126829,0.685767097967,0.314232902033
25717.7934957,0.684501845018,0.315498154982
25728.270028,0.685082872928,0.314917127072
25738.7465603,0.685661764706,0.314338235294
25749.2230927,0.68623853211,0.31376146789
25876.8897593,0.684981684982,0.315018315018
25887.3662917,0.685557586837,0.314442413163
25897.842824,0.686131386861,0.313868613139
25908.3193563,0.686703096539,0.313296903461
25918.7958887,0.687272727273,0.312727272727
25929.272421,0.687840290381,0.312159709619
25939.7489533,0.688405797101,0.311594202899
25950.2254857,0.68896925859,0.31103074141
25960.702018,0.689530685921,0.310469314079
25971.1785503,0.69009009009,0.30990990991
26098.845217,0.688848920863,0.311151079137
26109.3217493,0.689407540395,0.310592459605
26236.988416,0.688172043011,0.311827956989
26247.4649483,0.688729874776,0.311270125224
26257.9414807,0.689285714286,0.310714285714
26268.418013,0.689839572193,0.310160427807
26278.8945453,0.690391459075,0.309608540925
26289.3710777,0.690941385435,0.309058614565
26417.0377443,0.689716312057,0.310283687943
26427.5142767,0.690265486726,0.309734513274
26437.990809,0.690812720848,0.309187279152
26448.4673413,0.691358024691,0.308641975309
26458.9438737,0.691901408451,0.308098591549
26469.420406,0.69244288225,0.30755711775
26479.8969383,0.69298245614,0.30701754386
26490.3734707,0.693520140105,0.306479859895
26500.850003,0.694055944056,0.305944055944
26511.3265353,0.694589877836,0.305410122164
26521.8030677,0.69512195122,0.30487804878
26532.2796,0.695652173913,0.304347826087
26542.7561323,0.696180555556,0.303819444444
26553.2326647,0.696707105719,0.303292894281
26563.709197,0.69723183391,0.30276816609
26574.1857293,0.697754749568,0.302245250432
26584.6622617,0.698275862069,0.301724137931
26595.138794,0.698795180723,0.301204819277
26605.6153263,0.699312714777,0.300687285223
26616.0918587,0.699828473413,0.300171526587
26626.568391,0.700342465753,0.299657534247
26637.0449233,0.700854700855,0.299145299145
26647.5214557,0.701365187713,0.298634812287
26657.997988,0.701873935264,0.298126064736
26668.4745203,0.702380952381,0.297619047619
26678.9510527,0.702886247878,0.297113752122
26689.427585,0.703389830508,0.296610169492
26699.9041173,0.703891708968,0.296108291032
26827.570784,0.702702702703,0.297297297297
26955.2374507,0.701517706577,0.298482293423
27082.9041173,0.700336700337,0.299663299663
27093.3806497,0.700840336134,0.299159663866
27221.0473163,0.69966442953,0.30033557047
27348.713983,0.698492462312,0.301507537688
27359.1905153,0.698996655518,0.301003344482
27486.857182,0.697829716194,0.302170283806
27614.5238487,0.696666666667,0.303333333333
27625.000381,0.697171381032,0.302828618968
27635.4769133,0.697674418605,0.302325581395
27763.14358,0.696517412935,0.303482587065
27890.8102467,0.695364238411,0.304635761589
28018.4769133,0.694214876033,0.305785123967
28028.9534457,0.694719471947,0.305280528053
28156.6201123,0.693574958814,0.306425041186
28167.0966447,0.694078947368,0.305921052632
28177.573177,0.694581280788,0.305418719212
28305.2398437,0.693442622951,0.306557377049
28432.9065103,0.692307692308,0.307692307692
28560.573177,0.691176470588,0.308823529412
28571.0497093,0.691680261011,0.308319738989
28698.716376,0.690553745928,0.309446254072
28826.3830427,0.689430894309,0.310569105691
28836.859575,0.689935064935,0.310064935065
28964.5262417,0.688816855754,0.311183144246
28975.002774,0.68932038835,0.31067961165
29102.6694407,0.688206785137,0.311793214863
29113.145973,0.688709677419,0.311290322581
29240.8126397,0.687600644122,0.312399355878
29368.4793063,0.686495176849,0.313504823151
29496.145973,0.685393258427,0.314606741573
29623.8126397,0.684294871795,0.315705128205
29634.289172,0.6848,0.3152
29761.9558387,0.683706070288,0.316293929712
29772.432371,0.684210526316,0.315789473684
29900.0990377,0.683121019108,0.316878980892
29910.57557,0.683624801272,0.316375198728
30038.2422367,0.68253968254,0.31746031746
30165.9089033,0.68145800317,0.31854199683
30293.57557,0.680379746835,0.319620253165
30421.2422367,0.679304897314,0.320695102686
30431.718769,0.679810725552,0.320189274448
30559.3854357,0.67874015748,0.32125984252
30569.861968,0.679245283019,0.320754716981
30580.3385003,0.679748822606,0.320251177394
30590.8150327,0.680250783699,0.319749216301
30601.291565,0.680751173709,0.319248826291
30728.9582317,0.6796875,0.3203125
30856.6248983,0.678627145086,0.321372854914
30867.1014307,0.679127725857,0.320872274143
30877.577963,0.679626749611,0.320373250389
30888.0544953,0.680124223602,0.319875776398
30898.5310277,0.680620155039,0.319379844961
30909.00756,0.681114551084,0.318885448916
30919.4840923,0.681607418856,0.318392581144
30929.9606247,0.682098765432,0.317901234568
30940.437157,0.682588597843,0.317411402157
30950.9136893,0.683076923077,0.316923076923
30961.3902217,0.68356374808,0.31643625192
30971.866754,0.684049079755,0.315950920245
30982.3432863,0.684532924962,0.315467075038
30992.8198187,0.68501529052,0.31498470948
31003.296351,0.685496183206,0.314503816794
31013.7728833,0.685975609756,0.314024390244
31024.2494157,0.686453576865,0.313546423135
31151.9160823,0.685410334347,0.314589665653
31279.582749,0.684370257967,0.315629742033
31407.2494157,0.683333333333,0.316666666667
31534.9160823,0.682299546142,0.317700453858
31662.582749,0.681268882175,0.318731117825
31790.2494157,0.6802413273,0.3197586727
31917.9160823,0.67921686747,0.32078313253
32045.582749,0.678195488722,0.321804511278
32173.2494157,0.677177177177,0.322822822823
32183.725948,0.677661169415,0.322338830585
32311.3926147,0.676646706587,0.323353293413
32439.0592813,0.675635276532,0.324364723468
32449.5358137,0.676119402985,0.323880597015
32460.012346,0.676602086438,0.323397913562
32470.4888783,0.677083333333,0.322916666667
32480.9654107,0.677563150074,0.322436849926
32491.441943,0.678041543027,0.321958456973
32501.9184753,0.678518518519,0.321481481481
32512.3950077,0.67899408284,0.32100591716
32522.87154,0.679468242245,0.320531757755
32533.3480723,0.67994100295,0.32005899705
32543.8246047,0.680412371134,0.319587628866
32554.301137,0.680882352941,0.319117647059
32564.7776693,0.681350954479,0.318649045521
32575.2542017,0.681818181818,0.318181818182
32585.730734,0.682284040996,0.317715959004
32596.2072663,0.682748538012,0.317251461988
32606.6837987,0.683211678832,0.316788321168
32617.160331,0.683673469388,0.316326530612
32627.6368633,0.684133915575,0.315866084425
32638.1133957,0.684593023256,0.315406976744
32765.7800623,0.683599419448,0.316400580552
32893.446729,0.682608695652,0.317391304348
33021.1133957,0.681620839363,0.318379160637
33148.7800623,0.68063583815,0.31936416185
33159.2565947,0.681096681097,0.318903318903
33286.9232613,0.680115273775,0.319884726225
33414.589928,0.679136690647,0.320863309353
33425.0664603,0.679597701149,0.320402298851
33435.5429927,0.680057388809,0.319942611191
33446.019525,0.680515759312,0.319484240688
33573.6861917,0.679542203147,0.320457796853
33584.162724,0.68,0.32
33711.8293907,0.679029957204,0.320970042796
33722.305923,0.679487179487,0.320512820513
33732.7824553,0.679943100996,0.320056899004
33743.2589877,0.680397727273,0.319602272727
33753.73552,0.68085106383,0.31914893617
33881.4021867,0.679886685552,0.320113314448
33891.878719,0.680339462518,0.319660537482
33902.3552513,0.680790960452,0.319209039548
33912.8317837,0.681241184767,0.318758815233
33923.308316,0.681690140845,0.318309859155
33933.7848483,0.682137834037,0.317862165963
33944.2613807,0.682584269663,0.317415730337
34071.9280473,0.681626928471,0.318373071529
34082.4045797,0.682072829132,0.317927170868
34092.881112,0.682517482517,0.317482517483
34103.3576443,0.682960893855,0.317039106145
34231.024311,0.682008368201,0.317991631799
34241.5008433,0.682451253482,0.317548746518
34251.9773757,0.682892906815,0.317107093185
34262.453908,0.683333333333,0.316666666667
34272.9304403,0.683772538141,0.316227461859
34283.4069727,0.684210526316,0.315789473684
34293.883505,0.684647302905,0.315352697095
34304.3600373,0.685082872928,0.314917127072
34314.8365697,0.685517241379,0.314482758621
34325.313102,0.685950413223,0.314049586777
34335.7896343,0.686382393398,0.313617606602
34346.2661667,0.686813186813,0.313186813187
34356.742699,0.687242798354,0.312757201646
34367.2192313,0.687671232877,0.312328767123
34377.6957637,0.688098495212,0.311901504788
34388.172296,0.688524590164,0.311475409836
34398.6488283,0.68894952251,0.31105047749
34409.1253607,0.689373297003,0.310626702997
34419.601893,0.689795918367,0.310204081633
34430.0784253,0.690217391304,0.309782608696
34557.745092,0.689280868385,0.310719131615
34685.4117587,0.688346883469,0.311653116531
34813.0784253,0.687415426252,0.312584573748
34940.745092,0.686486486486,0.313513513514
34951.2216243,0.686909581646,0.313090418354
35078.888291,0.685983827493,0.314016172507
35206.5549577,0.685060565276,0.314939434724
35334.2216243,0.684139784946,0.315860215054
35461.888291,0.68322147651,0.31677852349
35472.3648233,0.683646112601,0.316353887399
35600.03149,0.682730923695,0.317269076305
35610.5080223,0.683155080214,0.316844919786
35620.9845547,0.683578104139,0.316421895861
35631.461087,0.684,0.316
35759.1277537,0.683089214381,0.316910785619
35769.604286,0.683510638298,0.316489361702
35897.2709527,0.682602921647,0.317397078353
36024.9376193,0.681697612732,0.318302387268
36035.4141517,0.682119205298,0.317880794702
36163.0808183,0.681216931217,0.318783068783
36290.747485,0.680317040951,0.319682959049
36301.2240173,0.68073878628,0.31926121372
36428.890684,0.679841897233,0.320158102767
36556.5573507,0.678947368421,0.321052631579
36684.2240173,0.678055190539,0.321944809461
36811.890684,0.677165354331,0.322834645669
36822.3672163,0.677588466579,0.322411533421
36950.033883,0.676701570681,0.323298429319
36960.5104153,0.677124183007,0.322875816993
36970.9869477,0.677545691906,0.322454308094
36981.46348,0.677966101695,0.322033898305
36991.9400123,0.678385416667,0.321614583333
37119.606679,0.677503250975,0.322496749025
37247.2733457,0.676623376623,0.323376623377
37257.749878,0.677042801556,0.322957198444
37268.2264103,0.677461139896,0.322538860104
37395.893077,0.676584734799,0.323415265201
37406.3696093,0.677002583979,0.322997416021
37416.8461417,0.677419354839,0.322580645161
37427.322674,0.677835051546,0.322164948454
37437.7992063,0.67824967825,0.32175032175
37448.2757387,0.678663239075,0.321336760925
37458.752271,0.679075738126,0.320924261874
37469.2288033,0.679487179487,0.320512820513
37479.7053357,0.679897567222,0.320102432778
37490.181868,0.680306905371,0.319693094629
37500.6584003,0.680715197957,0.319284802043
37511.1349327,0.68112244898,0.31887755102
37521.611465,0.68152866242,0.31847133758
37532.0879973,0.681933842239,0.318066157761
37542.5645297,0.682337992376,0.317662007624
37553.041062,0.682741116751,0.317258883249
37563.5175943,0.683143219265,0.316856780735
37573.9941267,0.683544303797,0.316455696203
37584.470659,0.68394437421,0.31605562579
37594.9471913,0.684343434343,0.315656565657
37722.613858,0.683480453972,0.316519546028
37733.0903903,0.683879093199,0.316120906801
37743.5669227,0.68427672956,0.31572327044
37754.043455,0.684673366834,0.315326633166
37764.5199873,0.685069008783,0.314930991217
37774.9965197,0.685463659148,0.314536340852
37785.473052,0.685857321652,0.314142678348
37795.9495843,0.68625,0.31375
37806.4261167,0.686641697878,0.313358302122
37816.902649,0.687032418953,0.312967581047
37827.3791813,0.687422166874,0.312577833126
37837.8557137,0.687810945274,0.312189054726
37848.332246,0.688198757764,0.311801242236
37858.8087783,0.68858560794,0.31141439206
37869.2853107,0.68897149938,0.31102850062
37879.761843,0.689356435644,0.310643564356
37890.2383753,0.689740420272,0.310259579728
38017.905042,0.688888888889,0.311111111111
38145.5717087,0.68803945746,0.31196054254
38273.2383753,0.687192118227,0.312807881773
38400.905042,0.686346863469,0.313653136531
38528.5717087,0.685503685504,0.314496314496
38656.2383753,0.684662576687,0.315337423313
38783.905042,0.683823529412,0.316176470588
38911.5717087,0.682986536108,0.317013463892
39039.2383753,0.682151589242,0.317848410758
39166.905042,0.681318681319,0.318681318681
39294.5717087,0.680487804878,0.319512195122
39422.2383753,0.679658952497,0.320341047503
39549.905042,0.678832116788,0.321167883212
39677.5717087,0.678007290401,0.321992709599
39688.048241,0.678398058252,0.321601941748
39698.5247733,0.678787878788,0.321212121212
39826.19144,0.677966101695,0.322033898305
39836.6679723,0.678355501814,0.321644498186
39847.1445047,0.678743961353,0.321256038647
39857.621037,0.679131483715,0.320868516285
39868.0975693,0.679518072289,0.320481927711
39878.5741017,0.679903730445,0.320096269555
39889.050634,0.680288461538,0.319711538462
39899.5271663,0.680672268908,0.319327731092
40027.193833,0.679856115108,0.320143884892
40037.6703653,0.680239520958,0.319760479042
40165.337032,0.679425837321,0.320574162679
40175.8135643,0.679808841099,0.320191158901
40186.2900967,0.680190930788,0.319809069212
40196.766629,0.680572109654,0.319427890346
40207.2431613,0.680952380952,0.319047619048
40334.909828,0.680142687277,0.319857312723
40345.3863603,0.680522565321,0.319477434679
40473.053027,0.679715302491,0.320284697509
40483.5295593,0.68009478673,0.31990521327
40494.0060917,0.680473372781,0.319526627219
40621.6727583,0.679669030733,0.320330969267
40632.1492907,0.680047225502,0.319952774498
40642.625823,0.680424528302,0.319575471698
40653.1023553,0.680800942285,0.319199057715
40663.5788877,0.681176470588,0.318823529412
40674.05542,0.681551116334,0.318448883666
40801.7220867,0.680751173709,0.319248826291
40812.198619,0.681125439625,0.318874560375
40822.6751513,0.68149882904,0.31850117096
40833.1516837,0.681871345029,0.318128654971
40843.628216,0.682242990654,0.317757009346
40854.1047483,0.682613768961,0.317386231039
40981.771415,0.681818181818,0.318181818182
40992.2479473,0.682188591385,0.317811408615
41002.7244797,0.682558139535,0.317441860465
41013.201012,0.682926829268,0.317073170732
41023.6775443,0.683294663573,0.316705336427
41034.1540767,0.683661645423,0.316338354577
41044.630609,0.684027777778,0.315972222222
41055.1071413,0.684393063584,0.315606936416
41065.5836737,0.684757505774,0.315242494226
41076.060206,0.685121107266,0.314878892734
41086.5367383,0.685483870968,0.314516129032
41097.0132707,0.68584579977,0.31415420023
41107.489803,0.686206896552,0.313793103448
41117.9663353,0.686567164179,0.313432835821
41128.4428677,0.686926605505,0.313073394495
41138.9194,0.687285223368,0.312714776632
41149.3959323,0.687643020595,0.312356979405
41159.8724647,0.688,0.312
41287.5391313,0.687214611872,0.312785388128
41415.205798,0.686431014823,0.313568985177
41542.8724647,0.685649202733,0.314350797267
41670.5391313,0.684869169511,0.315130830489
41681.0156637,0.685227272727,0.314772727273
41808.6823303,0.684449489217,0.315550510783
41936.348997,0.683673469388,0.316326530612
41946.8255293,0.684031710079,0.315968289921
42074.492196,0.683257918552,0.316742081448
42202.1588627,0.682485875706,0.317514124294
42212.635395,0.682844243792,0.317155756208
42340.3020617,0.682074408117,0.317925591883
42467.9687283,0.681306306306,0.318693693694
42595.635395,0.680539932508,0.319460067492
42723.3020617,0.679775280899,0.320224719101
42850.9687283,0.679012345679,0.320987654321
42978.635395,0.678251121076,0.321748878924
43106.3020617,0.677491601344,0.322508398656
43116.778594,0.677852348993,0.322147651007
43244.4452607,0.677094972067,0.322905027933
43372.1119273,0.676339285714,0.323660714286
43382.5884597,0.676700111483,0.323299888517
43393.064992,0.67706013363,0.32293986637
43403.5415243,0.677419354839,0.322580645161
43414.0180567,0.677777777778,0.322222222222
43541.6847233,0.677025527192,0.322974472808
43552.1612557,0.677383592018,0.322616407982
43562.637788,0.677740863787,0.322259136213
43690.3044547,0.676991150442,0.323008849558
43700.780987,0.677348066298,0.322651933702
43828.4476537,0.676600441501,0.323399558499
43838.924186,0.676957001103,0.323042998897
43966.5908527,0.676211453744,0.323788546256
43977.067385,0.676567656766,0.323432343234
43987.5439173,0.676923076923,0.323076923077
43998.0204497,0.677277716795,0.322722283205
44008.496982,0.677631578947,0.322368421053
44018.9735143,0.677984665936,0.322015334064
44146.640181,0.677242888403,0.322757111597
44274.3068477,0.67650273224,0.32349726776
44284.78338,0.676855895197,0.323144104803
44295.2599123,0.677208287895,0.322791712105
44422.926579,0.676470588235,0.323529411765
44550.5932457,0.675734494015,0.324265505985
44678.2599123,0.675,0.325
44805.926579,0.674267100977,0.325732899023
44816.4031113,0.674620390456,0.325379609544
44944.069778,0.673889490791,0.326110509209
44954.5463103,0.674242424242,0.325757575758
44965.0228427,0.674594594595,0.325405405405
44975.499375,0.67494600432,0.32505399568
44985.9759073,0.675296655879,0.324703344121
44996.4524397,0.675646551724,0.324353448276
45006.928972,0.675995694295,0.324004305705
45017.4055043,0.676344086022,0.323655913978
45145.072171,0.675617615467,0.324382384533
45272.7388377,0.674892703863,0.325107296137
45400.4055043,0.674169346195,0.325830653805
45528.072171,0.673447537473,0.326552462527
45538.5487033,0.673796791444,0.326203208556
45549.0252357,0.674145299145,0.325854700855
45559.501768,0.674493062967,0.325506937033
45687.1684347,0.673773987207,0.326226012793
45697.644967,0.674121405751,0.325878594249
45708.1214993,0.674468085106,0.325531914894
45718.5980317,0.67481402763,0.32518597237
45729.074564,0.675159235669,0.324840764331
45739.5510963,0.675503711559,0.324496288441
45750.0276287,0.675847457627,0.324152542373
45760.504161,0.67619047619,0.32380952381
45770.9806933,0.676532769556,0.323467230444
45781.4572257,0.676874340021,0.323125659979
45791.933758,0.677215189873,0.322784810127
45802.4102903,0.677555321391,0.322444678609
45812.8868227,0.677894736842,0.322105263158
45823.363355,0.678233438486,0.321766561514
45833.8398873,0.678571428571,0.321428571429
45844.3164197,0.678908709339,0.321091290661
45854.792952,0.679245283019,0.320754716981
45865.2694843,0.679581151832,0.320418848168
45875.7460167,0.679916317992,0.320083682008
45886.222549,0.680250783699,0.319749216301
45896.6990813,0.680584551148,0.319415448852
45907.1756137,0.680917622523,0.319082377477
45917.652146,0.68125,0.31875
45928.1286783,0.681581685744,0.318418314256
45938.6052107,0.681912681913,0.318087318087
45949.081743,0.682242990654,0.317757009346
45959.5582753,0.682572614108,0.317427385892
45970.0348077,0.682901554404,0.317098445596
45980.51134,0.683229813665,0.316770186335
45990.9878723,0.683557394002,0.316442605998
46001.4644047,0.683884297521,0.316115702479
46129.1310713,0.683178534572,0.316821465428
46139.6076037,0.683505154639,0.316494845361
46150.084136,0.683831101957,0.316168898043
46160.5606683,0.684156378601,0.315843621399
46171.0372007,0.684480986639,0.315519013361
46181.513733,0.684804928131,0.315195071869
46191.9902653,0.685128205128,0.314871794872
46202.4667977,0.685450819672,0.314549180328
46212.94333,0.685772773797,0.314227226203
46223.4198623,0.68609406953,0.31390593047
46233.8963947,0.686414708887,0.313585291113
46244.372927,0.686734693878,0.313265306122
46254.8494593,0.687054026504,0.312945973496
46265.3259917,0.687372708758,0.312627291242
46275.802524,0.687690742625,0.312309257375
46286.2790563,0.688008130081,0.311991869919
46296.7555887,0.688324873096,0.311675126904
46307.232121,0.688640973631,0.311359026369
46317.7086533,0.688956433637,0.311043566363
46328.1851857,0.689271255061,0.310728744939
46338.661718,0.689585439838,0.310414560162
46349.1382503,0.689898989899,0.310101010101
46359.6147827,0.690211907164,0.309788092836
46370.091315,0.690524193548,0.309475806452
46380.5678473,0.690835850957,0.309164149043
46391.0443797,0.691146881288,0.308853118712
46401.520912,0.691457286432,0.308542713568
46411.9974443,0.691767068273,0.308232931727
46422.4739767,0.692076228686,0.307923771314
46550.1406433,0.691382765531,0.308617234469
46677.80731,0.690690690691,0.309309309309
46805.4739767,0.69,0.31
46933.1406433,0.689310689311,0.310689310689
46943.6171757,0.689620758483,0.310379241517
47071.2838423,0.688933200399,0.311066799601
47081.7603747,0.689243027888,0.310756972112
47209.4270413,0.68855721393,0.31144278607
47337.093708,0.687872763419,0.312127236581
47347.5702403,0.688182720953,0.311817279047
47358.0467727,0.688492063492,0.311507936508
47368.523305,0.688800792864,0.311199207136
47378.9998373,0.689108910891,0.310891089109
47506.666504,0.688427299703,0.311572700297
47634.3331707,0.687747035573,0.312252964427
47644.809703,0.688055281343,0.311944718657
47655.2862353,0.688362919132,0.311637080868
47665.7627677,0.688669950739,0.311330049261
47676.2393,0.688976377953,0.311023622047
47803.9059667,0.688298918387,0.311701081613
47814.382499,0.688605108055,0.311394891945
47824.8590313,0.688910696762,0.311089303238
47835.3355637,0.689215686275,0.310784313725
47845.812096,0.689520078355,0.310479921645
47856.2886283,0.689823874755,0.310176125245
47866.7651607,0.690127077224,0.309872922776
47877.241693,0.6904296875,0.3095703125
47887.7182253,0.690731707317,0.309268292683
47898.1947577,0.691033138402,0.308966861598
47908.67129,0.691333982473,0.308666017527
47919.1478223,0.691634241245,0.308365758755
47929.6243547,0.691933916424,0.308066083576
47940.100887,0.692233009709,0.307766990291
47950.5774193,0.692531522793,0.307468477207
47961.0539517,0.692829457364,0.307170542636
47971.530484,0.693126815102,0.306873184898
47982.0070163,0.693423597679,0.306576402321
47992.4835487,0.693719806763,0.306280193237
48002.960081,0.694015444015,0.305984555985
48013.4366133,0.69431051109,0.30568948891
48023.9131457,0.694605009634,0.305394990366
48034.389678,0.69489894129,0.30510105871
48044.8662103,0.695192307692,0.304807692308
48055.3427427,0.695485110471,0.304514889529
48065.819275,0.695777351248,0.304222648752
48076.2958073,0.69606903164,0.30393096836
48086.7723397,0.696360153257,0.303639846743
48097.248872,0.696650717703,0.303349282297
48107.7254043,0.696940726577,0.303059273423
48118.2019367,0.697230181471,0.302769818529
48128.678469,0.697519083969,0.302480916031
48139.1550013,0.697807435653,0.302192564347
48266.821668,0.697142857143,0.302857142857
48394.4883347,0.696479543292,0.303520456708
48522.1550013,0.695817490494,0.304182509506
48532.6315337,0.696106362773,0.303893637227
48660.2982003,0.695445920304,0.304554079696
48670.7747327,0.695734597156,0.304265402844
48798.4413993,0.695075757576,0.304924242424
48808.9179317,0.695364238411,0.304635761589
48936.5845983,0.694706994329,0.305293005671
49064.251265,0.694050991501,0.305949008499
49074.7277973,0.694339622642,0.305660377358
49085.2043297,0.694627709708,0.305372290292
49095.680862,0.694915254237,0.305084745763
49106.1573943,0.695202257761,0.304797742239
49116.6339267,0.695488721805,0.304511278195
49127.110459,0.695774647887,0.304225352113
49254.7771257,0.69512195122,0.30487804878
49265.253658,0.695407685098,0.304592314902
49275.7301903,0.695692883895,0.304307116105
49286.2067227,0.695977549111,0.304022450889
49296.683255,0.696261682243,0.303738317757
49307.1597873,0.696545284781,0.303454715219
49317.6363197,0.696828358209,0.303171641791
49328.112852,0.697110904007,0.302889095993
49338.5893843,0.69739292365,0.30260707635
49349.0659167,0.697674418605,0.302325581395
49359.542449,0.697955390335,0.302044609665
49370.0189813,0.698235840297,0.301764159703
49380.4955137,0.698515769944,0.301484230056
49390.972046,0.698795180723,0.301204819277
49401.4485783,0.699074074074,0.300925925926
49411.9251107,0.699352451434,0.300647548566
49422.401643,0.699630314233,0.300369685767
49432.8781753,0.699907663897,0.300092336103
49443.3547077,0.700184501845,0.299815498155
49453.83124,0.700460829493,0.299539170507
49464.3077723,0.70073664825,0.29926335175
49474.7843047,0.701011959522,0.298988040478
49485.260837,0.701286764706,0.298713235294
49612.9275037,0.700642791552,0.299357208448
49623.404036,0.700917431193,0.299082568807
49633.8805683,0.701191567369,0.298808432631
49644.3571007,0.701465201465,0.298534798535
49654.833633,0.701738334858,0.298261665142
49665.3101653,0.702010968921,0.297989031079
49675.7866977,0.702283105023,0.297716894977
49803.4533643,0.701642335766,0.298357664234
49813.9298967,0.701914311759,0.298085688241
49824.406429,0.70218579235,0.29781420765
49834.8829613,0.70245677889,0.29754322111
49845.3594937,0.702727272727,0.297272727273
49855.836026,0.702997275204,0.297002724796
49866.3125583,0.703266787659,0.296733212341
49876.7890907,0.703535811423,0.296464188577
49887.265623,0.703804347826,0.296195652174
49897.7421553,0.70407239819,0.29592760181
49908.2186877,0.704339963834,0.295660036166
49918.69522,0.70460704607,0.29539295393
49929.1717523,0.704873646209,0.295126353791
49939.6482847,0.705139765555,0.294860234445
49950.124817,0.705405405405,0.294594594595
49960.6013493,0.705670567057,0.294329432943
49971.0778817,0.705935251799,0.294064748201
49981.554414,0.706199460916,0.293800539084
49992.0309463,0.706463195691,0.293536804309
50119.697613,0.705829596413,0.294170403587
50130.1741453,0.706093189964,0.293906810036
50140.6506777,0.706356311549,0.293643688451
50151.12721,0.706618962433,0.293381037567
50161.6037423,0.706881143878,0.293118856122
50172.0802747,0.707142857143,0.292857142857
50299.7469413,0.706512042819,0.293487957181
50427.413608,0.705882352941,0.294117647059
50555.0802747,0.705253784506,0.294746215494
50682.7469413,0.70462633452,0.29537366548
50810.413608,0.704,0.296
50820.8901403,0.704262877442,0.295737122558
50948.556807,0.70363797693,0.29636202307
51076.2234737,0.703014184397,0.296985815603
51086.700006,0.703277236492,0.296722763508
51214.3666727,0.702654867257,0.297345132743
51224.843205,0.702917771883,0.297082228117
51235.3197373,0.703180212014,0.296819787986
51245.7962697,0.703442188879,0.296557811121
51256.272802,0.703703703704,0.296296296296
51266.7493343,0.703964757709,0.296035242291
51277.2258667,0.704225352113,0.295774647887
51404.8925333,0.703605980651,0.296394019349
51415.3690657,0.703866432337,0.296133567663
51543.0357323,0.703248463565,0.296751536435
51553.5122647,0.70350877193,0.29649122807
51563.988797,0.703768624014,0.296231375986
51574.4653293,0.704028021016,0.295971978984
51584.9418617,0.704286964129,0.295713035871
51595.418394,0.704545454545,0.295454545455
51605.8949263,0.70480349345,0.29519650655
51733.561593,0.704188481675,0.295811518325
51744.0381253,0.704446381866,0.295553618134
51754.5146577,0.704703832753,0.295296167247
51764.99119,0.704960835509,0.295039164491
51775.4677223,0.705217391304,0.294782608696
51785.9442547,0.705473501303,0.294526498697
51796.420787,0.705729166667,0.294270833333
51806.8973193,0.705984388552,0.294015611448
51817.3738517,0.706239168111,0.293760831889
51945.0405183,0.705627705628,0.294372294372
51955.5170507,0.705882352941,0.294117647059
51965.993583,0.706136560069,0.293863439931
51976.4701153,0.706390328152,0.293609671848
52104.136782,0.705780845557,0.294219154443
52231.8034487,0.705172413793,0.294827586207
52359.4701153,0.704565030146,0.295434969854
52487.136782,0.70395869191,0.29604130809
52614.8034487,0.703353396389,0.296646603611
52625.279981,0.703608247423,0.296391752577
52635.7565133,0.703862660944,0.296137339056
52646.2330457,0.704116638079,0.295883361921
52656.709578,0.704370179949,0.295629820051
52667.1861103,0.704623287671,0.295376712329
52794.852777,0.704020530368,0.295979469632
52922.5194437,0.703418803419,0.296581196581
53050.1861103,0.702818104184,0.297181895816
53060.6626427,0.703071672355,0.296928327645
53188.3293093,0.702472293265,0.297527706735
53198.8058417,0.70272572402,0.29727427598
53326.4725083,0.702127659574,0.297872340426
53336.9490407,0.702380952381,0.297619047619
53464.6157073,0.701784197111,0.298215802889
53475.0922397,0.702037351443,0.297962648557
53602.7589063,0.701441899915,0.298558100085
53613.2354387,0.701694915254,0.298305084746
53623.711971,0.701947502117,0.298052497883
53751.3786377,0.701353637902,0.298646362098
53879.0453043,0.700760777684,0.299239222316
53889.5218367,0.701013513514,0.298986486486
53899.998369,0.701265822785,0.298734177215
54027.6650357,0.700674536256,0.299325463744
54038.141568,0.700926705981,0.299073294019
54048.6181003,0.701178451178,0.298821548822
54059.0946327,0.701429772918,0.298570227082
54069.571165,0.701680672269,0.298319327731
54080.0476973,0.701931150294,0.298068849706
54207.714364,0.701342281879,0.298657718121
54218.1908963,0.701592623638,0.298407376362
54228.6674287,0.701842546064,0.298157453936
54356.3340953,0.701255230126,0.298744769874
54366.8106277,0.701505016722,0.298494983278
54377.28716,0.701754385965,0.298245614035
54387.7636923,0.702003338898,0.297996661102
54515.430359,0.701417848207,0.298582151793
54525.9068913,0.701666666667,0.298333333333
54536.3834237,0.701915070774,0.298084929226
54664.0500903,0.701331114809,0.298668885191
54674.5266227,0.701579384871,0.298420615129
54685.003155,0.701827242525,0.298172757475
54695.4796873,0.702074688797,0.297925311203
54705.9562197,0.70232172471,0.29767827529
54716.432752,0.702568351284,0.297431648716
54726.9092843,0.702814569536,0.297185430464
54737.3858167,0.70306038048,0.29693961952
54747.862349,0.703305785124,0.296694214876
54758.3388813,0.703550784476,0.296449215524
54768.8154137,0.703795379538,0.296204620462
54779.291946,0.704039571311,0.295960428689
54789.7684783,0.704283360791,0.295716639209
54800.2450107,0.704526748971,0.295473251029
54810.721543,0.704769736842,0.295230263158
54821.1980753,0.70501232539,0.29498767461
54831.6746077,0.705254515599,0.294745484401
54842.15114,0.70549630845,0.29450369155
54852.6276723,0.705737704918,0.294262295082
54863.1042047,0.705978705979,0.294021294021
54873.580737,0.706219312602,0.293780687398
55001.2474037,0.705641864268,0.294358135732
55011.723936,0.705882352941,0.294117647059
55022.2004683,0.70612244898,0.29387755102
55032.6770007,0.706362153344,0.293637846656
55043.153533,0.706601466993,0.293398533007
55053.6300653,0.706840390879,0.293159609121
55064.1065977,0.707078925956,0.292921074044
55074.58313,0.707317073171,0.292682926829
55085.0596623,0.707554833469,0.292445166531
55095.5361947,0.707792207792,0.292207792208
55106.012727,0.70802919708,0.29197080292
55116.4892593,0.708265802269,0.291734197731
55244.155926,0.707692307692,0.292307692308
55371.8225927,0.7071197411,0.2928802589
55499.4892593,0.706548100243,0.293451899757
55627.155926,0.705977382876,0.294022617124
55637.6324583,0.706214689266,0.293785310734
55648.1089907,0.706451612903,0.293548387097
55775.7756573,0.705882352941,0.294117647059
55903.442324,0.705314009662,0.294685990338
55913.9188563,0.705551086082,0.294448913918
55924.3953887,0.70578778135,0.29421221865
55934.871921,0.706024096386,0.293975903614
56062.5385877,0.705457463884,0.294542536116
56190.2052543,0.704891740176,0.295108259824
56200.6817867,0.705128205128,0.294871794872
56328.3484533,0.704563650921,0.295436349079
56456.01512,0.704,0.296
56466.4916523,0.704236610711,0.295763389289
56476.9681847,0.70447284345,0.29552715655
56487.444717,0.704708699122,0.295291300878
56497.9212493,0.704944178628,0.295055821372
56625.587916,0.70438247012,0.29561752988
56636.0644483,0.704617834395,0.295382165605
56646.5409807,0.704852824185,0.295147175815
56657.017513,0.705087440382,0.294912559618
56667.4940453,0.705321683876,0.294678316124
56795.160712,0.704761904762,0.295238095238
56922.8273787,0.704203013481,0.295796986519
57050.4940453,0.703645007924,0.296354992076
57178.160712,0.703087885986,0.296912114014
57188.6372443,0.70332278481,0.29667721519
57316.303911,0.702766798419,0.297233201581
57443.9705777,0.702211690363,0.297788309637
57454.44711,0.702446724546,0.297553275454
57582.1137767,0.701892744479,0.298107255521
57709.7804433,0.70133963751,0.29866036249
57720.2569757,0.70157480315,0.29842519685
57730.733508,0.701809598741,0.298190401259
57741.2100403,0.702044025157,0.297955974843
57868.876707,0.701492537313,0.298507462687
57879.3532393,0.701726844584,0.298273155416
57889.8297717,0.701960784314,0.298039215686
57900.306304,0.702194357367,0.297805642633
58027.9729707,0.701644479248,0.298355520752
58155.6396373,0.701095461659,0.298904538341
58166.1161697,0.701329163409,0.298670836591
58293.7828363,0.70078125,0.29921875
58421.449503,0.700234192037,0.299765807963
58549.1161697,0.69968798752,0.30031201248
58676.7828363,0.699142634451,0.300857365549
58804.449503,0.698598130841,0.301401869159
58814.9260353,0.698832684825,0.301167315175
58942.592702,0.698289269051,0.301710730949
58953.0692343,0.698523698524,0.301476301476
59080.735901,0.69798136646,0.30201863354
59208.4025677,0.697439875873,0.302560124127
59218.8791,0.697674418605,0.302325581395
59229.3556323,0.697908597986,0.302091402014
59357.022299,0.697368421053,0.302631578947
59367.4988313,0.697602474865,0.302397525135
59377.9753637,0.697836166924,0.302163833076
59388.451896,0.698069498069,0.301930501931
59398.9284283,0.698302469136,0.301697530864
59409.4049607,0.698535080956,0.301464919044
59537.0716273,0.697996918336,0.302003081664
59547.5481597,0.698229407236,0.301770592764
59558.024692,0.698461538462,0.301538461538
59568.5012243,0.698693312836,0.301306687164
59578.9777567,0.698924731183,0.301075268817
59706.6444233,0.698388334612,0.301611665388
59717.1209557,0.698619631902,0.301380368098
59727.597488,0.698850574713,0.301149425287
59738.0740203,0.699081163859,0.300918836141
59748.5505527,0.699311400153,0.300688599847
59759.027085,0.699541284404,0.300458715596
59769.5036173,0.699770817418,0.300229182582
59779.9801497,0.7,0.3
59790.456682,0.700228832952,0.299771167048
59800.9332143,0.700457317073,0.299542682927
59811.4097467,0.700685453161,0.299314546839
59821.886279,0.700913242009,0.299086757991
59832.3628113,0.701140684411,0.298859315589
59960.029478,0.700607902736,0.299392097264
59970.5060103,0.700835231587,0.299164768413
59980.9825427,0.701062215478,0.298937784522
59991.459075,0.701288855193,0.298711144807
60001.9356073,0.701515151515,0.298484848485
60012.4121397,0.701741105223,0.298258894777
60022.888672,0.701966717095,0.298033282905
60033.3652043,0.702191987906,0.297808012094
60043.8417367,0.702416918429,0.297583081571
60054.318269,0.702641509434,0.297358490566
60064.7948013,0.702865761689,0.297134238311
60075.2713337,0.703089675961,0.296910324039
60085.747866,0.703313253012,0.296686746988
60096.2243983,0.703536493604,0.296463506396
60106.7009307,0.703759398496,0.296240601504
60117.177463,0.703981968445,0.296018031555
60127.6539953,0.704204204204,0.295795795796
60138.1305277,0.704426106527,0.295573893473
60148.60706,0.704647676162,0.295352323838
60159.0835923,0.704868913858,0.295131086142
60169.5601247,0.705089820359,0.294910179641
60180.036657,0.70531039641,0.29468960359
60190.5131893,0.70553064275,0.29446935725
60200.9897217,0.705750560119,0.294249439881
60211.466254,0.705970149254,0.294029850746
60221.9427863,0.706189410887,0.293810589113
60232.4193187,0.706408345753,0.293591654247
60242.895851,0.706626954579,0.293373045421
60253.3723833,0.706845238095,0.293154761905
60263.8489157,0.707063197026,0.292936802974
60274.325448,0.707280832095,0.292719167905
60284.8019803,0.707498144024,0.292501855976
60295.2785127,0.707715133531,0.292284866469
60422.9451793,0.70719051149,0.29280948851
60550.611846,0.706666666667,0.293333333333
60678.2785127,0.706143597335,0.293856402665
60805.9451793,0.705621301775,0.294378698225
60816.4217117,0.705838876571,0.294161123429
60826.898244,0.706056129985,0.293943870015
60954.5649107,0.705535055351,0.294464944649
61082.2315773,0.705014749263,0.294985250737
61209.898244,0.704495210022,0.295504789978
61220.3747763,0.70471281296,0.29528718704
61230.8513087,0.704930095659,0.295069904341
61241.327841,0.705147058824,0.294852941176
61251.8043733,0.705363703159,0.294636296841
61379.47104,0.704845814978,0.295154185022
61389.9475723,0.705062362436,0.294937637564
61400.4241047,0.705278592375,0.294721407625
61410.900637,0.705494505495,0.294505494505
61538.5673037,0.704978038067,0.295021961933
61549.043836,0.705193855157,0.294806144843
61559.5203683,0.705409356725,0.294590643275
61569.9969007,0.705624543462,0.294375456538
61697.6635673,0.705109489051,0.294890510949
61708.1400997,0.705324580598,0.294675419402
61718.616632,0.705539358601,0.294460641399
61729.0931643,0.705753823744,0.294246176256
61739.5696967,0.70596797671,0.29403202329
61750.046229,0.706181818182,0.293818181818
61760.5227613,0.706395348837,0.293604651163
61770.9992937,0.706608569354,0.293391430646
61898.6659603,0.706095791001,0.293904208999
61909.1424927,0.706308919507,0.293691080493
61919.619025,0.70652173913,0.29347826087
61930.0955573,0.706734250543,0.293265749457
62057.762224,0.706222865412,0.293777134588
62068.2387563,0.706435285611,0.293564714389
62078.7152887,0.706647398844,0.293352601156
62089.191821,0.706859205776,0.293140794224
62099.6683533,0.707070707071,0.292929292929
62110.1448857,0.707281903389,0.292718096611
62120.621418,0.707492795389,0.292507204611
62131.0979503,0.707703383729,0.292296616271
62141.5744827,0.707913669065,0.292086330935
62152.051015,0.708123652049,0.291876347951
62162.5275473,0.708333333333,0.291666666667
62173.0040797,0.708542713568,0.291457286432
62183.480612,0.7087517934,0.2912482066
62193.9571443,0.708960573477,0.291039426523
62204.4336767,0.709169054441,0.290830945559
62214.910209,0.709377236936,0.290622763064
62225.3867413,0.709585121602,0.290414878398
62235.8632737,0.709792709078,0.290207290922
62246.339806,0.71,0.29
62256.8163383,0.710206995004,0.289793004996
62267.2928707,0.710413694722,0.289586305278
62277.769403,0.710620099786,0.289379900214
62288.2459353,0.710826210826,0.289173789174
62415.912602,0.710320284698,0.289679715302
62543.5792687,0.709815078236,0.290184921764
62671.2459353,0.709310589908,0.290689410092
62798.912602,0.708806818182,0.291193181818
62809.3891343,0.709013484741,0.290986515259
62937.055801,0.708510638298,0.291489361702
63064.7224677,0.708008504607,0.291991495393
63192.3891343,0.707507082153,0.292492917847
63202.8656667,0.70771408351,0.29228591649
63213.342199,0.707920792079,0.292079207921
63223.8187313,0.708127208481,0.291872791519
63351.485398,0.707627118644,0.292372881356
63479.1520647,0.707127734651,0.292872265349
63489.628597,0.707334273625,0.292665726375
63617.2952637,0.706835799859,0.293164200141
63744.9619303,0.706338028169,0.293661971831
63872.628597,0.705840957072,0.294159042928
64000.2952637,0.705344585091,0.294655414909
64127.9619303,0.704848910752,0.295151089248
64138.4384627,0.705056179775,0.294943820225
64148.914995,0.705263157895,0.294736842105
64276.5816617,0.70476858345,0.29523141655
64287.058194,0.70497547302,0.29502452698
64297.5347263,0.705182072829,0.294817927171
64308.0112587,0.705388383485,0.294611616515
64435.6779253,0.704895104895,0.295104895105
64446.1544577,0.705101327743,0.294898672257
64456.63099,0.70530726257,0.29469273743
64467.1075223,0.705512909979,0.294487090021
64477.5840547,0.705718270572,0.294281729428
64605.2507213,0.705226480836,0.294773519164
64615.7272537,0.705431754875,0.294568245125
64626.203786,0.705636743215,0.294363256785
64636.6803183,0.705841446453,0.294158553547
64647.1568507,0.706045865184,0.293954134816
64657.633383,0.70625,0.29375
64785.3000497,0.705759888966,0.294240111034
64795.776582,0.705963938974,0.294036061026
64923.4432487,0.705474705475,0.294525294525
64933.919781,0.70567867036,0.29432132964
64944.3963133,0.705882352941,0.294117647059
64954.8728457,0.706085753804,0.293914246196
64965.349378,0.706288873531,0.293711126469
64975.8259103,0.706491712707,0.293508287293
65103.492577,0.706004140787,0.293995859213
65113.9691093,0.706206896552,0.293793103448
65124.4456417,0.706409372846,0.293590627154
65134.922174,0.706611570248,0.293388429752
65145.3987063,0.706813489332,0.293186510668
65155.8752387,0.707015130674,0.292984869326
65166.351771,0.707216494845,0.292783505155
65176.8283033,0.707417582418,0.292582417582
65187.3048357,0.70761839396,0.29238160604
65197.781368,0.707818930041,0.292181069959
65208.2579003,0.708019191227,0.291980808773
65335.924567,0.707534246575,0.292465753425
65346.4010993,0.707734428474,0.292265571526
65356.8776317,0.707934336525,0.292065663475
65367.354164,0.708133971292,0.291866028708
65377.8306963,0.708333333333,0.291666666667
65388.3072287,0.708532423208,0.291467576792
65398.783761,0.708731241473,0.291268758527
65409.2602933,0.708929788684,0.291070211316
65419.7368257,0.709128065395,0.290871934605
65430.213358,0.709326072158,0.290673927842
65440.6898903,0.709523809524,0.290476190476
65451.1664227,0.709721278042,0.290278721958
65461.642955,0.709918478261,0.290081521739
65472.1194873,0.710115410726,0.289884589274
65482.5960197,0.710312075984,0.289687924016
65493.072552,0.710508474576,0.289491525424
65503.5490843,0.710704607046,0.289295392954
65514.0256167,0.710900473934,0.289099526066
65524.502149,0.711096075778,0.288903924222
65534.9786813,0.711291413117,0.288708586883
65545.4552137,0.711486486486,0.288513513514
65555.931746,0.711681296421,0.288318703579
65566.4082783,0.711875843455,0.288124156545
65576.8848107,0.712070128119,0.287929871881
65587.361343,0.712264150943,0.287735849057
65597.8378753,0.712457912458,0.287542087542
65608.3144077,0.71265141319,0.28734858681
65618.79094,0.712844653665,0.287155346335
65629.2674723,0.713037634409,0.286962365591
65639.7440047,0.713230355944,0.286769644056
65650.220537,0.713422818792,0.286577181208
65660.6970693,0.713615023474,0.286384976526
65788.363736,0.713136729223,0.286863270777
65916.0304027,0.712659075687,0.287340924313
66043.6970693,0.71218206158,0.28781793842
66171.363736,0.711705685619,0.288294314381
66299.0304027,0.711229946524,0.288770053476
66426.6970693,0.710754843019,0.289245156981
66437.1736017,0.710947930574,0.289052069426
66447.650134,0.711140760507,0.288859239493
66458.1266663,0.711333333333,0.288666666667
66468.6031987,0.711525649567,0.288474350433
66479.079731,0.71171770972,0.28828229028
66489.5562633,0.711909514305,0.288090485695
66617.22293,0.711436170213,0.288563829787
66627.6994623,0.711627906977,0.288372093023
66638.1759947,0.71181938911,0.28818061089
66765.8426613,0.711347047113,0.288652952887
66776.3191937,0.711538461538,0.288461538462
66786.795726,0.711729622266,0.288270377734
66797.2722583,0.711920529801,0.288079470199
66807.7487907,0.712111184646,0.287888815354
66818.225323,0.712301587302,0.287698412698
66828.7018553,0.712491738268,0.287508261732
66839.1783877,0.712681638045,0.287318361955
66849.65492,0.712871287129,0.287128712871
66860.1314523,0.713060686016,0.286939313984
66870.6079847,0.713249835201,0.286750164799
66881.084517,0.713438735178,0.286561264822
66891.5610493,0.713627386438,0.286372613562
66902.0375817,0.713815789474,0.286184210526
66912.514114,0.714003944773,0.285996055227
66922.9906463,0.714191852825,0.285808147175
66933.4671787,0.714379514117,0.285620485883
66943.943711,0.714566929134,0.285433070866
66954.4202433,0.714754098361,0.285245901639
66964.8967757,0.71494102228,0.28505897772
66975.373308,0.715127701375,0.284872298625
67103.0399747,0.714659685864,0.285340314136
67113.516507,0.714846304774,0.285153695226
67123.9930393,0.715032679739,0.284967320261
67134.4695717,0.715218811234,0.284781188766
67144.946104,0.715404699739,0.284595300261
67155.4226363,0.715590345727,0.284409654273
67165.8991687,0.715775749674,0.284224250326
67176.375701,0.715960912052,0.284039087948
67186.8522333,0.716145833333,0.283854166667
67314.5189,0.715679895901,0.284320104099
67324.9954323,0.715864759428,0.284135240572
67335.4719647,0.716049382716,0.283950617284
67345.948497,0.716233766234,0.283766233766
67356.4250293,0.716417910448,0.283582089552
67366.9015617,0.716601815824,0.283398184176
67377.378094,0.716785482826,0.283214517174
67387.8546263,0.716968911917,0.283031088083
67398.3311587,0.71715210356,0.28284789644
67525.9978253,0.716688227684,0.283311772316
67536.4743577,0.71687136393,0.28312863607
67546.95089,0.717054263566,0.282945736434
67557.4274223,0.71723692705,0.28276307295
67567.9039547,0.717419354839,0.282580645161
67578.380487,0.717601547389,0.282398452611
67588.8570193,0.717783505155,0.282216494845
67599.3335517,0.71796522859,0.28203477141
67727.0002183,0.717503217503,0.282496782497
67737.4767507,0.71768488746,0.28231511254
67865.1434173,0.717223650386,0.282776349614
67875.6199497,0.717405266538,0.282594733462
68003.2866163,0.716944801027,0.283055198973
68013.7631487,0.717126363053,0.282873636947
68141.4298153,0.716666666667,0.283333333333
68269.096482,0.716207559257,0.283792440743
68279.5730143,0.716389244558,0.283610755442
68290.0495467,0.716570697377,0.283429302623
68300.526079,0.716751918159,0.283248081841
68428.1927457,0.716293929712,0.283706070288
68555.8594123,0.715836526181,0.284163473819
68566.3359447,0.716017868539,0.283982131461
68694.0026113,0.71556122449,0.28443877551
68821.669278,0.715105162524,0.284894837476
68832.1458103,0.715286624204,0.284713375796
68842.6223427,0.71546785487,0.28453214513
68853.098875,0.715648854962,0.284351145038
68863.5754073,0.715829624921,0.284170375079
68874.0519397,0.716010165184,0.283989834816
69001.7186063,0.715555555556,0.284444444444
69012.1951387,0.715736040609,0.284263959391
69022.671671,0.715916296766,0.284083703234
69150.3383377,0.7154626109,0.2845373891
69278.0050043,0.715009499683,0.284990500317
69405.671671,0.714556962025,0.285443037975
69533.3383377,0.714104996837,0.285895003163
69661.0050043,0.713653603034,0.286346396966
69788.671671,0.713202779533,0.286797220467
69799.1482033,0.713383838384,0.286616161616
69926.81487,0.712933753943,0.287066246057
69937.2914023,0.713114754098,0.286885245902
69947.7679347,0.71329552615,0.28670447385
69958.244467,0.713476070529,0.286523929471
70085.9111337,0.713027061045,0.286972938955
70213.5778003,0.712578616352,0.287421383648
70224.0543327,0.712759270899,0.287240729101
70234.530865,0.712939698492,0.287060301508
70245.0073973,0.713119899561,0.286880100439
70255.4839297,0.713299874529,0.286700125471
70265.960462,0.713479623824,0.286520376176
70393.6271287,0.713032581454,0.286967418546
70404.103661,0.713212273012,0.286787726988
70414.5801933,0.713391739675,0.286608260325
70425.0567257,0.713570981864,0.286429018136
70552.7233923,0.713125,0.286875
70563.1999247,0.713304184884,0.286695815116
70573.676457,0.713483146067,0.286516853933
70701.3431237,0.713038053649,0.286961946351
70711.819656,0.713216957606,0.286783042394
70722.2961883,0.713395638629,0.286604361371
70732.7727207,0.713574097136,0.286425902864
70743.249253,0.713752333541,0.286247666459
70753.7257853,0.713930348259,0.286069651741
70764.2023177,0.714108141703,0.285891858297
70774.67885,0.714285714286,0.285714285714
70902.3455167,0.713842333954,0.286157666046
70912.822049,0.714019851117,0.285980148883
70923.2985813,0.714197148171,0.285802851829
70933.7751137,0.714374225527,0.285625774473
70944.251646,0.714551083591,0.285448916409
70954.7281783,0.714727722772,0.285272277228
70965.2047107,0.714904143476,0.285095856524
70975.681243,0.715080346106,0.284919653894
70986.1577753,0.715256331069,0.284743668931
70996.6343077,0.715432098765,0.284567901235
71007.11084,0.715607649599,0.284392350401
71017.5873723,0.71578298397,0.28421701603
71028.0639047,0.71595810228,0.28404189772
71038.540437,0.716133004926,0.283866995074
71049.0169693,0.716307692308,0.283692307692
71059.4935017,0.716482164822,0.283517835178
71069.970034,0.716656422864,0.283343577136
71080.4465663,0.71683046683,0.28316953317
71090.9230987,0.717004297115,0.282995702885
71101.399631,0.71717791411,0.28282208589
71111.8761633,0.71735131821,0.28264868179
71122.3526957,0.717524509804,0.282475490196
71132.829228,0.717697489284,0.282302510716
71143.3057603,0.717870257038,0.282129742962
71153.7822927,0.718042813456,0.281957186544
71164.258825,0.718215158924,0.281784841076
71174.7353573,0.71838729383,0.28161270617
71185.2118897,0.718559218559,0.281440781441
71195.688422,0.718730933496,0.281269066504
71206.1649543,0.718902439024,0.281097560976
71216.6414867,0.719073735527,0.280926264473
71227.118019,0.719244823386,0.280755176614
71354.7846857,0.718807060256,0.281192939744
71482.4513523,0.718369829684,0.281630170316
71610.118019,0.717933130699,0.282066869301
71737.7846857,0.717496962333,0.282503037667
71865.4513523,0.717061323619,0.282938676381
71875.9278847,0.717233009709,0.282766990291
72003.5945513,0.71679805943,0.28320194057
72131.261218,0.716363636364,0.283636363636
72141.7377503,0.716535433071,0.283464566929
72152.2142827,0.716707021792,0.283292978208
72162.690815,0.716878402904,0.283121597096
72290.3574817,0.716444981862,0.283555018138
72300.834014,0.716616314199,0.283383685801
72311.3105463,0.716787439614,0.283212560386
72321.7870787,0.716958358479,0.283041641521
72332.263611,0.71712907117,0.28287092883
72459.9302777,0.716696805304,0.283303194696
72470.40681,0.71686746988,0.28313253012
72480.8833423,0.717037928958,0.282962071042
72491.3598747,0.717208182912,0.282791817088
72501.836407,0.717378232111,0.282621767889
72629.5030737,0.716947115385,0.283052884615
72639.979606,0.717117117117,0.282882882883
72767.6462727,0.71668667467,0.28331332533
72895.3129393,0.71625674865,0.28374325135
72905.7894717,0.716426858513,0.283573141487
73033.4561383,0.715997603355,0.284002396645
73043.9326707,0.716167664671,0.283832335329
73171.5993373,0.715739078396,0.284260921604
73299.266004,0.715311004785,0.284688995215
73426.9326707,0.714883442917,0.285116557083
73437.409203,0.715053763441,0.284946236559
73565.0758697,0.714626865672,0.285373134328
73692.7425363,0.714200477327,0.285799522673
73703.2190687,0.714370900417,0.285629099583
73830.8857353,0.713945172825,0.286054827175
73841.3622677,0.714115544967,0.285884455033
73851.8388,0.714285714286,0.285714285714
73862.3153323,0.714455681142,0.285544318858
73872.7918647,0.714625445898,0.285374554102
73883.268397,0.714795008913,0.285204991087
73893.7449293,0.714964370546,0.285035629454
73904.2214617,0.715133531157,0.284866468843
73914.697994,0.715302491103,0.284697508897
73925.1745263,0.715471250741,0.284528749259
73935.6510587,0.715639810427,0.284360189573
73946.127591,0.715808170515,0.284191829485
73956.6041233,0.715976331361,0.284023668639
73967.0806557,0.716144293318,0.283855706682
74094.7473223,0.715721040189,0.284278959811
74105.2238547,0.715888954519,0.284111045481
74115.700387,0.716056670602,0.283943329398
74126.1769193,0.716224188791,0.283775811209
74136.6534517,0.716391509434,0.283608490566
74147.129984,0.716558632882,0.283441367118
74157.6065163,0.716725559482,0.283274440518
74168.0830487,0.716892289582,0.283107710418
74178.559581,0.717058823529,0.282941176471
74189.0361133,0.71722516167,0.28277483833
74199.5126457,0.717391304348,0.282608695652
74209.989178,0.717557251908,0.282442748092
74220.4657103,0.717723004695,0.282276995305
74230.9422427,0.71788856305,0.28211143695
74241.418775,0.718053927315,0.281946072685
74251.8953073,0.718219097832,0.281780902168
74262.3718397,0.718384074941,0.281615925059
74272.848372,0.718548858982,0.281451141018
74283.3249043,0.718713450292,0.281286549708
74293.8014367,0.718877849211,0.281122150789
74304.277969,0.719042056075,0.280957943925
74314.7545013,0.71920607122,0.28079392878
74325.2310337,0.719369894982,0.280630105018
74335.707566,0.719533527697,0.280466472303
74346.1840983,0.719696969697,0.280303030303
74356.6606307,0.719860221316,0.280139778684
74367.137163,0.720023282887,0.279976717113
74377.6136953,0.720186154741,0.279813845259
74388.0902277,0.720348837209,0.279651162791
74398.56676,0.720511330622,0.279488669378
74409.0432923,0.720673635308,0.279326364692
74419.5198247,0.720835751596,0.279164248404
74429.996357,0.720997679814,0.279002320186
74440.4728893,0.72115942029,0.27884057971
74450.9494217,0.721320973349,0.278679026651
74461.425954,0.721482339317,0.278517660683
74471.9024863,0.721643518519,0.278356481481
74482.3790187,0.721804511278,0.278195488722
74492.855551,0.721965317919,0.278034682081
74503.3320833,0.722125938764,0.277874061236
74513.8086157,0.722286374134,0.277713625866
74524.285148,0.722446624351,0.277553375649
74534.7616803,0.722606689735,0.277393310265
74545.2382127,0.722766570605,0.277233429395
74555.714745,0.722926267281,0.277073732719
74566.1912773,0.723085780081,0.276914219919
74576.6678097,0.723245109321,0.276754890679
74587.144342,0.723404255319,0.276595744681
74597.6208743,0.723563218391,0.276436781609
74608.0974067,0.723721998851,0.276278001149
74618.573939,0.723880597015,0.276119402985
74629.0504713,0.724039013196,0.275960986804
74639.5270037,0.724197247706,0.275802752294
74650.003536,0.72435530086,0.27564469914
74660.4800683,0.724513172967,0.275486827033
74670.9566007,0.724670864339,0.275329135661
74681.433133,0.724828375286,0.275171624714
74691.9096653,0.724985706118,0.275014293882
74702.3861977,0.725142857143,0.274857142857
74712.86273,0.725299828669,0.274700171331
74723.3392623,0.725456621005,0.274543378995
74733.8157947,0.725613234455,0.274386765545
74744.292327,0.725769669327,0.274230330673
74754.7688593,0.725925925926,0.274074074074
74765.2453917,0.726082004556,0.273917995444
74775.721924,0.726237905521,0.273762094479
74786.1984563,0.726393629124,0.273606370876
74796.6749887,0.726549175668,0.273450824332
74807.151521,0.726704545455,0.273295454545
74817.6280533,0.726859738785,0.273140261215
74828.1045857,0.727014755959,0.272985244041
74838.581118,0.727169597277,0.272830402723
74849.0576503,0.727324263039,0.272675736961
74859.5341827,0.727478753541,0.272521246459
74870.010715,0.727633069083,0.272366930917
74880.4872473,0.72778720996,0.27221279004
74890.9637797,0.727941176471,0.272058823529
74901.440312,0.728094968909,0.271905031091
74911.9168443,0.728248587571,0.271751412429
74922.3933767,0.72840203275,0.27159796725
74932.869909,0.72855530474,0.27144469526
74943.3464413,0.728708403835,0.271291596165
74953.8229737,0.728861330327,0.271138669673
74964.299506,0.729014084507,0.270985915493
74974.7760383,0.729166666667,0.270833333333
74985.2525707,0.729319077096,0.270680922904
74995.729103,0.729471316085,0.270528683915
75006.2056353,0.729623383924,0.270376616076
75016.6821677,0.729775280899,0.270224719101
75027.1587,0.729927007299,0.270072992701
75037.6352323,0.730078563412,0.269921436588
75165.301899,0.729669097027,0.270330902973
75292.9685657,0.729260089686,0.270739910314
75420.6352323,0.728851540616,0.271148459384
75431.1117647,0.729003359462,0.270996640538
75558.7784313,0.728595411304,0.271404588696
75686.445098,0.728187919463,0.271812080537
75814.1117647,0.727780883175,0.272219116825
75941.7784313,0.727374301676,0.272625698324
76069.445098,0.726968174204,0.273031825796
76197.1117647,0.7265625,0.2734375
76207.588297,0.726715002789,0.273284997211
76335.2549637,0.726309921962,0.273690078038
76345.731496,0.726462395543,0.273537604457
76356.2080283,0.726614699332,0.273385300668
76366.6845607,0.726766833612,0.273233166388
76377.161093,0.726918798665,0.273081201335
76387.6376253,0.727070594775,0.272929405225
76515.304292,0.726666666667,0.273333333333
76525.7808243,0.726818434203,0.273181565797
76653.447491,0.72641509434,0.27358490566
76781.1141577,0.726012201886,0.273987798114
76908.7808243,0.725609756098,0.274390243902
77036.447491,0.725207756233,0.274792243767
77164.1141577,0.72480620155,0.27519379845
77291.7808243,0.724405091312,0.275594908688
77419.447491,0.724004424779,0.275995575221
77547.1141577,0.723604201216,0.276395798784
77557.59069,0.723756906077,0.276243093923
77568.0672223,0.723909442297,0.276090557703
77695.733889,0.723509933775,0.276490066225
77823.4005557,0.723110865968,0.276889134032
77833.877088,0.723263506064,0.276736493936
77844.3536203,0.723415977961,0.276584022039
77972.020287,0.723017621145,0.276982378855
77982.4968193,0.723170060539,0.276829939461
77992.9733517,0.723322332233,0.276677667767
78120.6400183,0.722924683892,0.277075316108
78248.306685,0.722527472527,0.277472527473
78258.7832173,0.722679846238,0.277320153762
78269.2597497,0.722832052689,0.277167947311
78279.736282,0.722984092156,0.277015907844
78290.2128143,0.723135964912,0.276864035088
78300.6893467,0.723287671233,0.276712328767
78311.165879,0.723439211391,0.276560788609
78321.6424113,0.72359058566,0.27640941434
78332.1189437,0.723741794311,0.276258205689
78342.595476,0.723892837616,0.276107162384
78353.0720083,0.724043715847,0.275956284153
78363.5485407,0.724194429274,0.275805570726
78374.025073,0.724344978166,0.275655021834
78501.6917397,0.723949809056,0.276050190944
78629.3584063,0.723555070883,0.276444929117
78757.025073,0.723160762943,0.276839237057
78884.6917397,0.722766884532,0.277233115468
79012.3584063,0.722373434948,0.277626565052
79140.025073,0.721980413493,0.278019586507
79150.5016053,0.722131593257,0.277868406743
79278.168272,0.721739130435,0.278260869565
79405.8349387,0.721347093971,0.278652906029
79416.311471,0.721498371336,0.278501628664
79543.9781377,0.721106890939,0.278893109061
79554.45467,0.72125813449,0.27874186551
79682.1213367,0.720867208672,0.279132791328
79692.597869,0.721018418202,0.278981581798
79703.0744013,0.721169463996,0.278830536004
79830.741068,0.720779220779,0.279220779221
79841.2176003,0.720930232558,0.279069767442
79968.884267,0.720540540541,0.279459459459
80096.5509337,0.720151269584,0.279848730416
80224.2176003,0.719762419006,0.280237580994
80234.6941327,0.719913653535,0.280086346465
80362.3607993,0.719525350593,0.280474649407
80372.8373317,0.719676549865,0.280323450135
80500.5039983,0.719288793103,0.280711206897
80628.170665,0.718901453958,0.281098546042
80755.8373317,0.718514531755,0.281485468245
80766.313864,0.718665949435,0.281334050565
80776.7903963,0.718817204301,0.281182795699
80787.2669287,0.718968296615,0.281031703385
80797.743461,0.719119226638,0.280880773362
80808.2199933,0.719269994632,0.280730005368
80935.88666,0.718884120172,0.281115879828
80946.3631923,0.719034852547,0.280965147453
80956.8397247,0.719185423365,0.280814576635
81084.5063913,0.718800214247,0.281199785753
81094.9829237,0.718950749465,0.281049250535
81222.6495903,0.718566078117,0.281433921883
81350.316257,0.718181818182,0.281818181818
81477.9829237,0.717797969001,0.282202030999
81605.6495903,0.717414529915,0.282585470085
81616.1261227,0.717565403097,0.282434596903
81743.7927893,0.717182497332,0.282817502668
81754.2693217,0.717333333333,0.282666666667
81764.745854,0.717484008529,0.282515991471
81892.4125207,0.717101758125,0.282898241875
82020.0791873,0.716719914803,0.283280085197
82030.5557197,0.716870675891,0.283129324109
82041.032252,0.717021276596,0.282978723404
82051.5087843,0.717171717172,0.282828282828
82061.9853167,0.717321997875,0.282678002125
82072.461849,0.717472118959,0.282527881041
82082.9383813,0.717622080679,0.282377919321
82093.4149137,0.717771883289,0.282228116711
82221.0815803,0.717391304348,0.282608695652
82348.748247,0.717011128776,0.282988871224
82476.4149137,0.716631355932,0.283368644068
82486.891446,0.716781365802,0.283218634198
82614.5581127,0.716402116402,0.283597883598
82742.2247793,0.716023268112,0.283976731888
82869.891446,0.715644820296,0.284355179704
82997.5581127,0.715266772319,0.284733227681
83125.2247793,0.714889123548,0.285110876452
83252.891446,0.714511873351,0.285488126649
83380.5581127,0.714135021097,0.285864978903
83391.034645,0.714285714286,0.285714285714
83401.5111773,0.714436248683,0.285563751317
83411.9877097,0.714586624539,0.285413375461
83539.6543763,0.714210526316,0.285789473684
83550.1309087,0.714360862704,0.285639137296
83677.7975753,0.713985278654,0.286014721346
83688.2741077,0.714135575407,0.285864424593
83698.75064,0.714285714286,0.285714285714
83826.4173067,0.713910761155,0.286089238845
83954.0839733,0.713536201469,0.286463798531
83964.5605057,0.713686418458,0.286313581542
84092.2271723,0.713312368973,0.286687631027
84219.893839,0.712938711367,0.287061288633
84230.3703713,0.713089005236,0.286910994764
84358.037038,0.712715855573,0.287284144427
84368.5135703,0.712866108787,0.287133891213
84378.9901027,0.713016204914,0.286983795086
84389.466635,0.713166144201,0.286833855799
84399.9431673,0.713315926893,0.286684073107
84410.4196997,0.713465553236,0.286534446764
84420.896232,0.713615023474,0.286384976526
84431.3727643,0.713764337852,0.286235662148
84441.8492967,0.713913496613,0.286086503387
84452.325829,0.7140625,0.2859375
84462.8023613,0.714211348256,0.285788651744
84473.2788937,0.714360041623,0.285639958377
84483.755426,0.714508580343,0.285491419657
84611.4220927,0.714137214137,0.285862785863