Time,std
17.0,0.3
18.8,0.4
35.8,0.458257569496
52.8,0.489897948557
69.8,0.5
86.8,0.663324958071
103.8,0.640312423743
120.8,0.6
137.8,0.538516480713
154.8,0.632455532034
171.8,0.7
188.8,0.6
205.8,0.640312423743
222.8,0.663324958071
226.8,0.663324958071
243.8,0.5
260.8,0.489897948557
264.8,0.489897948557
281.8,0.458257569496
285.8,0.458257569496
289.8,0.458257569496
291.6,0.4
308.6,0.538516480713
310.4,0.632455532034
327.4,0.830662386292
344.4,0.871779788708
361.4,1.00498756211
365.4,1.00498756211
369.4,1.00498756211
386.4,1.01980390272
403.4,1.11803398875
420.4,1.11355287257
422.2,1.1874342087
424.0,1.32664991614
441.0,1.3
458.0,1.41421356237
475.0,1.44568322948
476.8,1.6
493.8,1.61554944214
510.8,1.68522995464
527.8,1.56524758425
544.8,1.62480768093
561.8,1.67630546142
578.8,1.72046505341
595.8,1.81383571472
612.8,1.8973665961
629.8,1.97230829233
646.8,1.83303027798
663.8,1.95192212959
665.6,2.0591260282
682.6,2.10950231097
699.6,2.00997512422
716.6,1.9
733.6,1.98997487421
750.6,2.07123151772
767.6,2.14476105895
784.6,2.02237484162
801.6,2.13541565041
818.6,2.05182845287
835.6,1.90787840283
852.6,1.80277563773
869.6,1.68522995464
886.6,1.79164728672
903.6,1.72046505341
920.6,1.81383571472
937.6,1.73205080757
941.6,1.73205080757
945.6,1.73205080757
962.6,1.57797338381
966.6,1.57797338381
968.4,1.66132477258
985.4,1.79164728672
1002.4,1.74355957742
1006.4,1.74355957742
1008.2,1.8574175621
1025.2,1.90787840283
1042.2,2.05182845287
1044.0,2.18174242293
1061.0,2.25610283454
1078.0,2.32379000772
1095.0,2.38537208838
1112.0,2.31516738056
1129.0,2.2825424421
1146.0,2.37486841741
1163.0,2.5
1180.0,2.37486841741
1197.0,2.36854385647
1214.0,2.22710574513
1231.0,2.16564078277
1248.0,2.2360679775
1265.0,2.34307490277
1282.0,2.22710574513
1299.0,2.23830292856
1316.0,2.10713075057
1320.0,2.10713075057
1337.0,2.01246117975
1354.0,1.95959179423
1371.0,1.95192212959
1375.0,1.95192212959
1392.0,1.98997487421
1393.8,2.07123151772
1395.6,2.19089023002
1412.6,2.3
1429.6,2.44131112315
1446.6,2.49198715888
1463.6,2.53771550809
1480.6,2.45967477525
1497.6,2.53771550809
1514.6,2.60959767014
1531.6,2.4819347292
1535.6,2.4819347292
1552.6,2.58650343128
1569.6,2.56904651573
1586.6,2.58650343128
1603.6,2.63818119165
1620.6,2.45153013443
1637.6,2.49799919936
1654.6,2.57875939165
1671.6,2.65329983228
1675.6,2.65329983228
1679.6,2.65329983228
1683.6,2.65329983228
1700.6,2.53179778023
1717.6,2.6
1734.6,2.4269322199
1738.6,2.4269322199
1742.6,2.4269322199
1759.6,2.36643191324
1776.6,2.34307490277
1778.4,2.4
1795.4,2.49198715888
1812.4,2.33238075794
1829.4,2.41867732449
1846.4,2.28910462845
1863.4,2.36854385647
1867.4,2.36854385647
1884.4,2.27156333832
1901.4,2.34307490277
1905.4,2.34307490277
1909.4,2.34307490277
1926.4,2.19089023002
1943.4,2.16564078277
1947.4,2.16564078277
1951.4,2.16564078277
1955.4,2.16564078277
1972.4,1.98997487421
1974.2,2.05182845287
1991.2,2.15406592285
2008.2,2.01246117975
2025.2,2.10713075057
2029.2,2.10713075057
2031.0,2.19317121995
2048.0,2.18174242293
2065.0,2.21133443875
2082.0,2.2360679775
2099.0,2.07123151772
2100.8,2.18174242293
2102.6,2.32594066992
2119.6,2.37486841741
2136.6,2.24722050542
2153.6,2.10713075057
2170.6,2.00249843945
2187.6,1.93907194297
2204.6,1.97230829233
2221.6,2.04939015319
2238.6,2.11896201004
2255.6,1.93907194297
2272.6,2.05182845287
2289.6,1.90787840283
2306.6,2.01246117975
2323.6,2.15406592285
2327.6,2.15406592285
2344.6,2.14709105536
2361.6,2.13541565041
2378.6,2.16564078277
2395.6,2.09761769634
2412.6,2.11896201004
2429.6,2.13541565041
2446.6,1.95192212959
2463.6,2.00997512422
2480.6,2.06155281281
2497.6,2.15406592285
2514.6,2.14709105536
2518.6,2.14709105536
2535.6,2.18174242293
2552.6,2.11896201004
2569.6,2.09761769634
2573.6,2.09761769634
2575.4,2.16564078277
2592.4,1.98997487421
2594.2,2.1
2611.2,1.95959179423
2628.2,2.01246117975
2645.2,1.90787840283
2662.2,1.95192212959
2679.2,1.88679622641
2681.0,2.02237484162
2698.0,2.09761769634
2715.0,2.07123151772
2732.0,2.08806130178
2733.8,2.23830292856
2735.6,2.41660919472
2752.6,2.3769728648
2769.6,2.15406592285
2786.6,2.14709105536
2803.6,1.93907194297
2820.6,1.97230829233
2837.6,1.8973665961
2839.4,2.11896201004
2856.4,2.13541565041
2873.4,1.95192212959
2890.4,1.90787840283
2907.4,1.96214168703
2924.4,1.95959179423
2941.4,2.00249843945
2958.4,2.03960780544
2975.4,2.02237484162
2992.4,2.09761769634
3009.4,2.07123151772
3026.4,2.18174242293
3043.4,2.32594066992
3060.4,2.15406592285
3077.4,2.01246117975
3094.4,1.90787840283
3111.4,2.1
3128.4,2.08806130178
3145.4,2.11896201004
3162.4,2.09761769634
3179.4,2.11896201004
3196.4,1.98997487421
3213.4,1.9
3230.4,1.8547236991
3247.4,1.91049731745
3264.4,1.8
3281.4,1.79164728672
3298.4,1.72046505341
3300.2,1.86815416923
3317.2,1.8973665961
3334.2,2.07123151772
3351.2,2.13541565041
3368.2,2.14709105536
3385.2,2.10713075057
3402.2,2.15638586528
3406.2,2.15638586528
3410.2,2.15638586528
3427.2,2.10713075057
3444.2,2.00249843945
3461.2,1.93907194297
3465.2,1.93907194297
3482.2,1.92093727123
3499.2,1.8973665961
3516.2,1.7
3520.2,1.7
3522.0,1.83303027798
3539.0,1.9
3556.0,1.90787840283
3573.0,1.80277563773
3590.0,1.90787840283
3607.0,1.73493515729
3624.0,1.6
3641.0,1.64012194669
3658.0,1.788854382
3675.0,1.7
3692.0,1.66132477258
3693.8,1.79164728672
3710.8,1.8
3727.8,1.96214168703
3744.8,2.00997512422
3761.8,2.1
3778.8,2.22710574513
3780.6,2.34307490277
3782.4,2.4899799196
3799.4,2.4269322199
3816.4,2.35796522451
3833.4,2.36854385647
3850.4,2.49799919936
3867.4,2.53968501984
3869.2,2.69072480941
3886.2,2.57099202644
3903.2,2.6
3920.2,2.54754784057
3937.2,2.60768096208
3954.2,2.7
3971.2,2.63818119165
3988.2,2.72213151776
4005.2,2.83548937575
4022.2,2.80178514522
4039.2,2.90516780927
4056.2,3.0347981811
4073.2,3.02654919008
4090.2,2.9478805946
4107.2,3.06594194335
4111.2,3.06594194335
4113.0,3.17647603485
4130.0,3.24961536185
4147.0,3.25729949498
4164.0,3.10483493925
4165.8,3.23264597505
4182.8,3.23109888428
4199.8,3.25729949498
4216.8,3.37045990927
4218.6,3.50570962859
4235.6,3.54964786986
4252.6,3.61801050303
4269.6,3.62767142944
4271.4,3.76961536499
4288.4,3.69323706252
4305.4,3.55668384876
4307.2,3.72021504755
4324.2,3.57910603363
4341.2,3.45832329316
4358.2,3.36005952328
4375.2,3.43511280746
4377.0,3.61801050303
4394.0,3.54400902933
4395.8,3.74299345444
4412.8,3.82622529394
4429.8,3.72155881319
4446.8,3.74699879904
4463.8,3.74299345444
4480.8,3.7894590643
4497.8,3.7
4514.8,3.7148351242
4531.8,3.78021163429
4548.8,3.84187454246
4565.8,3.92555728528
4582.8,3.85227205685
4599.8,3.69459064038
4616.8,3.77359245282
4633.8,3.87427412556
4650.8,3.76297754445
4667.8,3.67287353444
4684.8,3.60555127546
4686.6,3.78021163429
4703.6,3.7094473982
4720.6,3.66196668472
4737.6,3.74699879904
4754.6,3.7483329628
4756.4,3.92937654088
4773.4,3.76961536499
4790.4,3.7894590643
4807.4,3.88458491991
4824.4,3.87298334621
4841.4,3.88458491991
4843.2,4.06939798988
4845.0,4.26731765867
4862.0,4.2
4879.0,4.15331193146
4896.0,4.24735211632
4913.0,4.2201895692
4930.0,4.23792402008
4947.0,4.27668095607
4964.0,4.21900462195
4981.0,4.22965719651
4998.0,4.19046536795
5015.0,4.17252920901
5032.0,4.0049968789
5049.0,4.10487515035
5066.0,3.95474398666
5083.0,4.00124980475
5100.0,3.86781592116
5117.0,3.88458491991
5134.0,3.84707681233
5151.0,3.88458491991
5168.0,3.94461658466
5185.0,4.00124980475
5202.0,3.97994974843
5219.0,4.08044115262
5236.0,3.90384425919
5253.0,3.74299345444
5270.0,3.81575680567
5287.0,3.88458491991
5304.0,3.87298334621
5321.0,3.83275357935
5338.0,3.91918358845
5355.0,4.00124980475
5356.8,4.15210789841
5373.8,4.24852915725
5390.8,4.24735211632
5407.8,4.19642705167
5424.8,4.21426150114
5441.8,4.06078810085
5458.8,4.14728827067
5475.8,4.13400532172
5492.8,3.99499687109
5509.8,3.95094925303
5526.8,3.90384425919
5543.8,3.98120584748
5560.8,4.07921561087
5577.8,4.07553677446
5594.8,3.94461658466
5596.6,4.08533964316
5613.6,4.04969134626
5615.4,4.20594816896
5632.4,4.28485705713
5649.4,4.17252920901
5666.4,4.27083130081
5683.4,4.08044115262
5700.4,4.17612260356
5717.4,4.24381903478
5734.4,4.33128156554
5751.4,4.43734154647
5768.4,4.26614580154
5785.4,4.3920382512
5802.4,4.37721372565
5819.4,4.36004587132
5836.4,4.45421149026
5853.4,4.56618002273
5870.4,4.69467783772
5887.4,4.6914816423
5904.4,4.70744091838
5921.4,4.54862616622
5938.4,4.49444101085
5955.4,4.5265881191
5972.4,4.4
5989.4,4.36004587132
6006.4,4.27083130081
6023.4,4.34165866922
6040.4,4.38634243989
6057.4,4.36004587132
6061.4,4.36004587132
6078.4,4.35430821142
6095.4,4.18210473327
6112.4,4.04969134626
6129.4,4.06078810085
6146.4,4.1665333312
6163.4,4.24381903478
6165.2,4.34050688284
6182.2,4.22492603486
6199.2,4.27083130081
6216.2,4.38292140016
6233.2,4.28485705713
6237.2,4.28485705713
6254.2,4.3
6271.2,4.40454310911
6273.0,4.50444225182
6290.0,4.5343136195
6291.8,4.64865571967
6308.8,4.69467783772
6325.8,4.73814309619
6327.6,4.86209831246
6344.6,4.6914816423
6361.6,4.74973683482
6378.6,4.82597140481
6395.6,4.87852436706
6412.6,4.96890329952
6429.6,5.07543101618
6431.4,5.19711458407
6448.4,5.08330601086
6465.4,5.20096144958
6482.4,5.10294032887
6499.4,5.02095608425
6516.4,5.09509568114
6533.4,5.16623654124
6550.4,5.25357021463
6567.4,5.37494186015
6584.4,5.26877594893
6601.4,5.1778373864
6618.4,5.21919534028
6635.4,5.23927475897
6652.4,5.14198405287
6669.4,5.2163205423
6686.4,5.30659966457
6703.4,5.41202365109
6707.4,5.41202365109
6709.2,5.51361950084
6726.2,5.43046959295
6743.2,5.50999092558
6760.2,5.42309874518
6777.2,5.53534100124
6794.2,5.46351535186
6811.2,5.48087584242
6828.2,5.51452627158
6845.2,5.43691088763
6862.2,5.24309069157
6879.2,5.34789678285
6896.2,5.16623654124
6913.2,5.24976189936
6917.2,5.24976189936
6921.2,5.24976189936
6938.2,5.13906606301
6955.2,5.06359556047
6972.2,4.96487663492
6989.2,5.06359556047
7006.2,5.1
7023.2,5.03587132481
7027.2,5.03587132481
7044.2,4.94873721266
7061.2,5.0
7078.2,5.06853035899
7095.2,4.99599839872
7112.2,4.9
7116.2,4.9
7133.2,4.84148737476
7137.2,4.84148737476
7154.2,4.78016736109
7171.2,4.73708771293
7175.2,4.73708771293
7192.2,4.71274866718
7196.2,4.71274866718
7200.2,4.71274866718
7217.2,4.70744091838
7234.2,4.7
7251.2,4.71168759576
7268.2,4.74236228055
7285.2,4.6432747065
7287.0,4.71274866718
7288.8,4.8
7290.6,4.9040799341
7307.6,4.94368283772
7324.6,5.02095608425
7341.6,4.79165942028
7358.6,4.84664832642
7375.6,4.89897948557
7392.6,4.96890329952
7409.6,5.03587132481
7426.6,4.94064773081
7443.6,5.00399840128
7460.6,4.9244289009
7477.6,4.84148737476
7494.6,4.92036584006
7511.6,4.99599839872
7528.6,5.04876222455
7545.6,5.13809303147
7562.6,4.90815647672
7579.6,4.87442304278
7596.6,4.96084670192
7613.6,4.88262224629
7615.4,4.96487663492
7632.4,5.02394267483
7649.4,4.94064773081
7651.2,5.03587132481
7668.2,5.12737749732
7685.2,5.19615242271
7702.2,5.2810983706
7719.2,5.38144961883
7721.0,5.47813836992
7738.0,5.40740233384
7755.0,5.44518135602
7772.0,5.55337735077
7776.0,5.55337735077
7793.0,5.49636243346
7810.0,5.58211429478
7827.0,5.53985559379
7844.0,5.31036721894
7861.0,5.08822169328
7878.0,5.1923019943
7895.0,5.15848815061
7912.0,5.21919534028
7929.0,5.23927475897
7933.0,5.23927475897
7950.0,5.27636238331
7967.0,5.1778373864
7971.0,5.1778373864
7988.0,5.21152568832
8005.0,5.18555686499
8022.0,5.11859355683
8039.0,5.18555686499
8056.0,5.17300686255
8060.0,5.17300686255
8077.0,5.2163205423
8094.0,5.16139516023
8111.0,5.20096144958
8128.0,5.25737577124
8145.0,5.31130868996
8162.0,5.38144961883
8179.0,5.44885309033
8183.0,5.44885309033
8200.0,5.34789678285
8204.0,5.34789678285
8208.0,5.34789678285
8212.0,5.34789678285
8213.8,5.41202365109
8230.8,5.47357287336
8247.8,5.3860932038
8264.8,5.4626001135
8281.8,5.53624421427
8285.8,5.53624421427
8302.8,5.29528091795
8319.8,5.36749476013
8336.8,5.1341990612
8353.8,5.20480547187
8357.8,5.20480547187
8374.8,4.9799598392
8391.8,4.76340214553
8408.8,4.83321838944
8412.8,4.83321838944
8416.8,4.83321838944
8420.8,4.83321838944
8437.8,4.6270941205
8454.8,4.52106182218
8456.6,4.58802789878
8473.6,4.67332857822
8490.6,4.75499737119
8507.6,4.55631429996
8524.6,4.6357307946
8528.6,4.6357307946
8545.6,4.71168759576
8549.6,4.71168759576
8566.6,4.65725240888
8570.6,4.65725240888
8574.6,4.65725240888
8576.4,4.72863616701
8593.4,4.6270941205
8610.4,4.43170396123
8627.4,4.52216762184
8644.4,4.60868744872
8661.4,4.56179789118
8665.4,4.56179789118
8682.4,4.5343136195
8699.4,4.59238500128
8716.4,4.58257569496
8720.4,4.58257569496
8737.4,4.65725240888
8754.4,4.55631429996
8771.4,4.6270941205
8775.4,4.6270941205
8792.4,4.54312667664
8796.4,4.54312667664
8813.4,4.34165866922
8817.4,4.34165866922
8821.4,4.34165866922
8838.4,4.40908153701
8842.4,4.40908153701
8846.4,4.40908153701
8850.4,4.40908153701
8867.4,4.33704968844
8869.2,4.4
8886.2,4.25323406363
8903.2,4.19523539268
8905.0,4.27668095607
8906.8,4.37721372565
8908.6,4.4955533586
8925.6,4.56508488421
8942.6,4.43283205186
8959.6,4.49888875168
8976.6,4.56179789118
8993.6,4.6432747065
9010.6,4.7
9027.6,4.77493455453
9029.4,4.88773976394
9046.4,4.97594212185
9063.4,4.92036584006
9080.4,4.71593044902
9097.4,4.78016736109
9114.4,4.73708771293
9131.4,4.83838816136
9148.4,4.95580467735
9165.4,4.82597140481
9182.4,4.77493455453
9186.4,4.77493455453
9203.4,4.57055795281
9207.4,4.57055795281
9224.4,4.5343136195
9241.4,4.58366665455
9258.4,4.38634243989
9275.4,4.45533388199
9292.4,4.52106182218
9309.4,4.60543157587
9326.4,4.55631429996
9343.4,4.6357307946
9360.4,4.64758001545
9377.4,4.61410879802
9381.4,4.61410879802
9385.4,4.61410879802
9402.4,4.6
9419.4,4.60543157587
9436.4,4.69467783772
9440.4,4.69467783772
9457.4,4.71699056603
9474.4,4.75815090135
9491.4,4.83838816136
9508.4,4.89489530021
9512.4,4.89489530021
9529.4,4.96890329952
9546.4,4.9193495505
9550.4,4.9193495505
9567.4,4.72122865365
9571.4,4.72122865365
9588.4,4.55631429996
9605.4,4.56179789118
9609.4,4.56179789118
9611.2,4.63033476112
9628.2,4.71699056603
9645.2,4.8
9649.2,4.8
9653.2,4.8
9670.2,4.60543157587
9687.2,4.4226688775
9691.2,4.4226688775
9695.2,4.4226688775
9712.2,4.43734154647
9729.2,4.51663591625
9746.2,4.34626276242
9750.2,4.34626276242
9754.2,4.34626276242
9771.2,4.35430821142
9775.2,4.35430821142
9792.2,4.38292140016
9809.2,4.2
9826.2,4.03112887415
9843.2,4.10365690574
9847.2,4.10365690574
9864.2,3.92555728528
9868.2,3.92555728528
9885.2,3.84187454246
9889.2,3.84187454246
9906.2,3.85875627631
9923.2,3.68781778292
9927.2,3.68781778292
9944.2,3.61801050303
9961.2,3.6551333765
9965.2,3.6551333765
9969.2,3.6551333765
9986.2,3.49428104193
10003.2,3.44093010682
10020.2,3.5
10037.2,3.35261092285
10041.2,3.35261092285
10045.2,3.35261092285
10049.2,3.35261092285
10066.2,3.37786915081
10070.2,3.37786915081
10087.2,3.4292856399
10104.2,3.38969025134
10108.2,3.38969025134
10112.2,3.38969025134
10129.2,3.16227766017
10133.2,3.16227766017
10137.2,3.16227766017
10141.2,3.16227766017
10158.2,3.1448370387
10162.2,3.1448370387
10179.2,2.92574776767
10181.0,2.96816441593
10198.0,3.03973683071
10215.0,2.87228132327
10232.0,2.7276363394
10249.0,2.72213151776
10266.0,2.78567765544
10283.0,2.84429253067
10300.0,2.89827534924
10317.0,2.77308492477
10334.0,2.78567765544
10351.0,2.83019433962
10355.0,2.83019433962
10372.0,2.7276363394
10389.0,2.76586333719
10406.0,2.8
10423.0,2.53179778023
10440.0,2.27156333832
10444.0,2.27156333832
10461.0,2.02237484162
10465.0,2.02237484162
10466.8,2.04939015319
10483.8,2.11896201004
10487.8,2.11896201004
10504.8,1.88679622641
10506.6,1.95192212959
10523.6,2.00997512422
10540.6,2.06155281281
10557.6,1.90787840283
10574.6,1.79164728672
10591.6,1.88679622641
10608.6,1.92093727123
10625.6,2.0
10642.6,2.07123151772
10659.6,2.08806130178
10676.6,1.84661853126
10680.6,1.84661853126
10682.4,1.90787840283
10699.4,1.80277563773
10716.4,1.74355957742
10733.4,1.84661853126
10750.4,1.93907194297
10767.4,2.02237484162
10784.4,1.788854382
10786.2,1.86815416923
10803.2,1.83303027798
10820.2,1.95192212959
10824.2,1.95192212959
10841.2,1.90787840283
10843.0,2.01246117975
10860.0,2.10713075057
10877.0,2.19317121995
10894.0,2.18174242293
10911.0,2.11896201004
10912.8,2.2360679775
10929.8,2.21133443875
10946.8,2.22710574513
10963.8,2.2825424421
10980.8,2.28910462845
10997.8,2.3769728648
11014.8,2.41660919472
11031.8,2.36854385647
11048.8,2.44131112315
11065.8,2.54754784057
11082.8,2.52982212813
11099.8,2.54754784057
11101.6,2.63818119165
11118.6,2.57099202644
11135.6,2.61533936612
11152.6,2.72946881279
11156.6,2.72946881279
11173.6,2.8
11190.6,2.86530975638
11207.6,2.89136645896
11211.6,2.89136645896
11228.6,2.66270539114
11245.6,2.44948974278
11262.6,2.25610283454
11266.6,2.25610283454
11283.6,2.13541565041
11300.6,2.14709105536
11304.6,2.14709105536
11306.4,2.24499443206
11323.4,2.3769728648
11340.4,2.2
11344.4,2.2
11361.4,2.19317121995
11378.4,2.22710574513
11395.4,2.3
11412.4,2.14476105895
11416.4,2.14476105895
11433.4,2.16564078277
11450.4,2.22710574513
11467.4,2.23830292856
11484.4,2.33238075794
11501.4,2.3769728648
11518.4,2.45764114549
11535.4,2.32594066992
11537.2,2.4
11539.0,2.5079872408
11540.8,2.64575131106
11557.8,2.73678643668
11574.8,2.74954541697
11591.8,2.86530975638
11608.8,3.00665927567
11625.8,3.0083217913
11642.8,3.03973683071
11659.8,3.06757233004
11676.8,3.12409987036
11680.8,3.12409987036
11697.8,3.01496268634
11714.8,3.09838667697
11731.8,3.1448370387
11748.8,3.1874754901
11752.8,3.1874754901
11769.8,3.25729949498
11773.8,3.25729949498
11790.8,3.16859590355
11807.8,3.23264597505
11824.8,3.32264954517
11841.8,3.40734500748
11858.8,3.4292856399
11862.8,3.4292856399
11879.8,3.26955654485
11883.8,3.26955654485
11900.8,3.1304951685
11904.8,3.1304951685
11908.8,3.1304951685
11912.8,3.1304951685
11929.8,3.17647603485
11933.8,3.17647603485
11950.8,3.24961536185
11954.8,3.24961536185
11971.8,3.31813200461
11988.8,3.2
11992.8,3.2
12009.8,3.1064449134
12013.8,3.1064449134
12017.8,3.1064449134
12021.8,3.1064449134
12025.8,3.1064449134
12042.8,3.07245829915
12059.8,2.86530975638
12076.8,2.78567765544
12080.8,2.78567765544
12084.8,2.78567765544
12101.8,2.58650343128
12105.8,2.58650343128
12122.8,2.40831891576
12139.8,2.25610283454
12143.8,2.25610283454
12145.6,2.31516738056
12162.6,2.41039415864
12179.6,2.24499443206
12181.4,2.33452350599
12198.4,2.24499443206
12215.4,2.32594066992
12217.2,2.44131112315
12219.0,2.58650343128
12236.0,2.44948974278
12253.0,2.54754784057
12270.0,2.6
12271.8,2.75862284483
12288.8,2.65329983228
12305.8,2.5
12307.6,2.69072480941
12324.6,2.72213151776
12341.6,2.78567765544
12358.6,2.7
12375.6,2.64575131106
12392.6,2.5079872408
12409.6,2.4819347292
12426.6,2.57099202644
12443.6,2.69072480941
12460.6,2.72946881279
12477.6,2.8
12494.6,2.86530975638
12511.6,2.74954541697
12528.6,2.62488094968
12545.6,2.52982212813
12562.6,2.5079872408
12579.6,2.4
12596.6,2.41039415864
12613.6,2.49799919936
12630.6,2.53968501984
12647.6,2.61533936612
12664.6,2.72213151776
12681.6,2.85657137142
12685.6,2.85657137142
12702.6,2.7
12719.6,2.60768096208
12721.4,2.73678643668
12738.4,2.6
12755.4,2.49198715888
12772.4,2.53771550809
12789.4,2.45967477525
12806.4,2.41660919472
12823.4,2.49198715888
12840.4,2.44131112315
12857.4,2.4269322199
12859.2,2.56904651573
12876.2,2.62488094968
12893.2,2.71293199325
12910.2,2.83019433962
12927.2,2.97321374946
12929.0,3.1064449134
12946.0,3.10483493925
12963.0,3.16385840391
12980.0,3.24961536185
12997.0,3.11287648325
13014.0,3.0
13031.0,2.87923600978
13048.0,2.78567765544
13065.0,2.64764045897
13082.0,2.65329983228
13083.8,2.80178514522
13100.8,2.7276363394
13117.8,2.75862284483
13134.8,2.71293199325
13151.8,2.58650343128
13168.8,2.4899799196
13185.8,2.62488094968
13202.8,2.78567765544
13219.8,2.75862284483
13223.8,2.75862284483
13240.8,2.69072480941
13244.8,2.69072480941
13261.8,2.57875939165
13278.8,2.61533936612
13295.8,2.57099202644
13312.8,2.63818119165
13329.8,2.54754784057
13346.8,2.4899799196
13363.8,2.46779253585
13380.8,2.27156333832
13397.8,2.19317121995
13414.8,2.15406592285
13431.8,2.10950231097
13448.8,2.2
13465.8,2.19317121995
13482.8,2.31516738056
13499.8,2.11896201004
13516.8,1.94935886896
13533.8,1.92093727123
13550.8,1.93907194297
13567.8,1.95192212959
13584.8,1.95959179423
13601.8,1.91049731745
13618.8,1.8547236991
13635.8,1.73493515729
13652.8,1.66132477258
13669.8,1.44568322948
13686.8,1.41421356237
13690.8,1.41421356237
13694.8,1.41421356237
13711.8,1.44568322948
13728.8,1.4
13745.8,1.41774468788
13762.8,1.49666295471
13766.8,1.49666295471
13768.6,1.56524758425
13785.6,1.62480768093
13802.6,1.73493515729
13819.6,1.66132477258
13836.6,1.44568322948
13853.6,1.54919333848
13870.6,1.64012194669
13874.6,1.64012194669
13878.6,1.64012194669
13882.6,1.64012194669
13899.6,1.46969384567
13916.6,1.41774468788
13918.4,1.49666295471
13935.4,1.62788205961
13952.4,1.74355957742
13969.4,1.61554944214
13971.2,1.72046505341
13988.2,1.7
13990.0,1.84390889146
14007.0,1.75783958312
14024.0,1.66132477258
14041.0,1.61554944214
14058.0,1.49666295471
14059.8,1.68819430161
14076.8,1.8
14093.8,1.67630546142
14110.8,1.6
14127.8,1.57797338381
14144.8,1.48323969742
14161.8,1.44568322948
14178.8,1.4
14195.8,1.41774468788
14212.8,1.35646599663
14229.8,1.36014705087
14246.8,1.42828568571
14263.8,1.26885775404
14265.6,1.46969384567
14282.6,1.57797338381
14299.6,1.61245154966
14316.6,1.57797338381
14333.6,1.6
14350.6,1.67630546142
14367.6,1.68522995464
14369.4,1.8574175621
14386.4,1.8
14403.4,1.67630546142
14420.4,1.53622914957
14437.4,1.44568322948
14454.4,1.48323969742
14471.4,1.57797338381
14488.4,1.46969384567
14505.4,1.61554944214
14522.4,1.56204993518
14539.4,1.56524758425
14556.4,1.62480768093
14573.4,1.55241746963
14590.4,1.66132477258
14607.4,1.81383571472
14624.4,1.67332005307
14641.4,1.57797338381
14658.4,1.6
14675.4,1.55241746963
14692.4,1.49666295471
14709.4,1.5
14726.4,1.42828568571
14743.4,1.48660687473
14760.4,1.6
14777.4,1.57797338381
14794.4,1.67332005307
14798.4,1.67332005307
14815.4,1.57797338381
14832.4,1.4
14849.4,1.41774468788
14866.4,1.35646599663
14883.4,1.43178210633
14900.4,1.35646599663
14902.2,1.41774468788
14919.2,1.53622914957
14936.2,1.51327459504
14953.2,1.54919333848
14970.2,1.64012194669
14987.2,1.46969384567
15004.2,1.55241746963
15021.2,1.62480768093
15038.2,1.68819430161
15040.0,1.74355957742
15057.0,1.84661853126
15074.0,1.93907194297
15075.8,2.02237484162
15092.8,1.8973665961
15109.8,1.97230829233
15126.8,1.88679622641
15143.8,2.00249843945
15145.6,2.10713075057
15162.6,2.20227155455
15179.6,2.15406592285
15196.6,2.19317121995
15213.6,2.27156333832
15230.6,2.34307490277
15247.6,2.2360679775
15264.6,2.07123151772
15281.6,2.03960780544
15298.6,1.9
15315.6,1.90787840283
15332.6,1.80277563773
15349.6,1.62480768093
15366.6,1.73493515729
15383.6,1.83303027798
15387.6,1.83303027798
15391.6,1.83303027798
15408.6,1.86815416923
15425.6,1.94935886896
15442.6,1.86815416923
15459.6,1.72046505341
15476.6,1.55241746963
15493.6,1.62480768093
15510.6,1.68819430161
15514.6,1.68819430161
15531.6,1.62480768093
15533.4,1.67630546142
15550.4,1.53622914957
15567.4,1.44568322948
15584.4,1.54919333848
15601.4,1.64012194669
15605.4,1.64012194669
15622.4,1.46969384567
15626.4,1.46969384567
15643.4,1.34536240471
15647.4,1.34536240471
15664.4,1.28062484749
15681.4,1.20415945788
15683.2,1.28062484749
15700.2,1.41774468788
15717.2,1.53622914957
15734.2,1.44568322948
15736.0,1.54919333848
15753.0,1.57797338381
15770.0,1.53622914957
15787.0,1.48660687473
15804.0,1.42828568571
15821.0,1.43178210633
15838.0,1.42828568571
15855.0,1.55241746963
15872.0,1.53622914957
15889.0,1.57797338381
15906.0,1.67332005307
15923.0,1.7
15940.0,1.77763888346
15957.0,1.79164728672
15961.0,1.79164728672
15978.0,1.74355957742
15995.0,1.80277563773
16012.0,1.8547236991
16016.0,1.8547236991
16020.0,1.8547236991
16037.0,1.84661853126
16054.0,1.6
16055.8,1.64012194669
16072.8,1.73205080757
16076.8,1.73205080757
16093.8,1.51327459504
16110.8,1.53622914957
16127.8,1.48660687473
16144.8,1.35646599663
16161.8,1.43178210633
16178.8,1.49666295471
16180.6,1.55241746963
16197.6,1.6
16214.6,1.64012194669
16231.6,1.73205080757
16235.6,1.73205080757
16252.6,1.64012194669
16269.6,1.6
16286.6,1.67630546142
16288.4,1.74355957742
16305.4,1.80277563773
16322.4,1.90787840283
16339.4,2.00249843945
16356.4,1.98997487421
16373.4,2.02237484162
16390.4,2.04939015319
16407.4,2.11896201004
16411.4,2.11896201004
16415.4,2.11896201004
16419.4,2.11896201004
16436.4,2.03960780544
16440.4,2.03960780544
16457.4,2.00249843945
16474.4,1.74355957742
16476.2,1.80277563773
16493.2,1.90787840283
16510.2,1.9
16527.2,1.98997487421
16544.2,1.97230829233
16548.2,1.97230829233
16565.2,2.0
16582.2,1.92093727123
16599.2,1.93907194297
16616.2,1.95192212959
16633.2,1.90787840283
16650.2,1.96214168703
16667.2,1.95959179423
16684.2,2.00249843945
16701.2,1.98997487421
16705.2,1.98997487421
16722.2,2.02237484162
16739.2,2.04939015319
16743.2,2.04939015319
16760.2,2.07123151772
16764.2,2.07123151772
16768.2,2.07123151772
16770.0,2.08806130178
16787.0,2.14709105536
16791.0,2.14709105536
16808.0,2.2
16812.0,2.2
16829.0,2.24722050542
16833.0,2.24722050542
16837.0,2.24722050542
16841.0,2.24722050542
16845.0,2.24722050542
16862.0,2.28910462845
16866.0,2.28910462845
16883.0,2.32594066992
16900.0,2.35796522451
16901.8,2.38537208838
16918.8,2.44948974278
16935.8,2.5079872408
16952.8,2.56124969497
16956.8,2.56124969497
16973.8,2.60959767014
16977.8,2.60959767014
16981.8,2.60959767014
16998.8,2.33238075794
17002.8,2.33238075794
17019.8,2.3769728648
17023.8,2.3769728648
17027.8,2.3769728648
17031.8,2.3769728648
17048.8,2.33238075794
17050.6,2.36854385647
17067.6,2.4
17069.4,2.46779253585
17086.4,2.44948974278
17103.4,2.5079872408
17120.4,2.56124969497
17137.4,2.64764045897
17141.4,2.64764045897
17158.4,2.37486841741
17175.4,2.3769728648
17192.4,2.41660919472
17209.4,2.45153013443
17226.4,2.4819347292
17243.4,2.21133443875
17260.4,1.94935886896
17277.4,2.02237484162
17279.2,2.08806130178
17296.2,2.14709105536
17313.2,1.90787840283
17330.2,1.68819430161
17347.2,1.49666295471
17364.2,1.55241746963
17381.2,1.66132477258
17398.2,1.64012194669
17415.2,1.73205080757
17417.0,1.81383571472
17434.0,1.83303027798
17451.0,1.9
17468.0,1.8547236991
17485.0,1.8574175621
17502.0,1.68522995464
17519.0,1.73493515729
17536.0,1.6
17537.8,1.7
17554.8,1.788854382
17571.8,1.57797338381
17588.8,1.72046505341
17605.8,1.61554944214
17609.8,1.61554944214
17626.8,1.62480768093
17643.8,1.56524758425
17660.8,1.62480768093
17677.8,1.61554944214
17694.8,1.6
17711.8,1.64012194669
17728.8,1.41421356237
17745.8,1.44568322948
17762.8,1.53622914957
17779.8,1.55241746963
17781.6,1.62480768093
17798.6,1.62788205961
17815.6,1.68522995464
17832.6,1.79164728672
17849.6,1.88679622641
17866.6,1.86815416923
17870.6,1.86815416923
17887.6,1.8973665961
17891.6,1.8973665961
17908.6,1.97230829233
17925.6,1.98997487421
17942.6,2.00249843945
17944.4,2.0591260282
17961.4,2.15638586528
17978.4,2.2
17995.4,2.19317121995
17997.2,2.27156333832
18014.2,2.07123151772
18031.2,1.8973665961
18048.2,1.7
18065.2,1.72046505341
18082.2,1.55241746963
18099.2,1.62480768093
18116.2,1.68819430161
18133.2,1.8
18150.2,1.79164728672
18167.2,1.77763888346
18184.2,1.86815416923
18201.2,1.73205080757
18203.0,1.81383571472
18220.0,1.88679622641
18237.0,2.00249843945
18254.0,2.10713075057
18271.0,1.91049731745
18288.0,2.00997512422
18289.8,2.1
18306.8,2.08806130178
18308.6,2.21133443875
18310.4,2.36643191324
18327.4,2.34307490277
18329.2,2.52190404258
18331.0,2.72213151776
18348.0,2.8
18365.0,2.80178514522
18382.0,2.8
18399.0,2.75862284483
18416.0,2.71293199325
18433.0,2.77308492477
18450.0,2.79284800875
18467.0,2.84429253067
18484.0,2.92574776767
18501.0,3.00166620396
18518.0,2.87054001888
18535.0,2.97489495613
18552.0,3.07245829915
18553.8,3.22645316098
18570.8,3.21869538789
18587.8,3.23882694814
18604.8,3.34664010614
18621.8,3.47706773014
18638.8,3.4292856399
18655.8,3.43656805549
18672.8,3.46987031458
18689.8,3.2939338184
18706.8,3.35261092285
18708.6,3.49428104193
18725.6,3.51567916625
18742.6,3.36005952328
18744.4,3.52136337233
18746.2,3.7
18763.2,3.6551333765
18780.2,3.52278299076
18782.0,3.72021504755
18799.0,3.58468966579
18816.0,3.61109401705
18833.0,3.52278299076
18850.0,3.4
18867.0,3.26955654485
18884.0,3.22490309932
18885.8,3.44818792991
18902.8,3.3406586177
18919.8,3.25729949498
18936.8,3.35261092285
18953.8,3.32415402772
18970.8,3.29241552663
18987.8,3.40734500748
19004.8,3.31058907145
19021.8,3.23882694814
19038.8,3.25576411922
19055.8,3.23882694814
19072.8,3.1874754901
19089.8,3.16385840391
19091.6,3.38230690506
19108.6,3.35410196625
19125.6,3.26190128606
19142.6,3.25729949498
19159.6,3.28024389337
19176.6,3.11287648325
19193.6,3.16227766017
19210.6,3.26955654485
19227.6,3.12409987036
19244.6,3.1
19261.6,3.23109888428
19278.6,3.20156211872
19295.6,3.35261092285
19312.6,3.25729949498
19329.6,3.12409987036
19346.6,3.11287648325
19363.6,3.03315017762
19380.6,3.04795013083
19382.4,3.24961536185
19399.4,3.40734500748
19416.4,3.44093010682
19433.4,3.32415402772
19450.4,3.26190128606
19467.4,3.19530906173
19484.4,3.21869538789
19501.4,3.1448370387
19518.4,3.03315017762
19535.4,2.9478805946
19552.4,2.89136645896
19569.4,3.06757233004
19586.4,3.00665927567
19603.4,3.04138126515
19620.4,3.10483493925
19637.4,3.13209195267
19654.4,3.09192496675
19671.4,3.26955654485
19688.4,3.19374388453
19705.4,3.11287648325
19722.4,3.05941170816
19726.4,3.05941170816
19743.4,2.96816441593
19760.4,3.03973683071
19777.4,3.1384709653
19794.4,3.10483493925
19796.2,3.25729949498
19798.0,3.4292856399
19815.0,3.38969025134
19832.0,3.37638860323
19849.0,3.3
19850.8,3.48711915483
19867.8,3.40734500748
19884.8,3.41174442185
19901.8,3.2939338184
19918.8,3.32264954517
19935.8,3.22645316098
19952.8,3.31058907145
19969.8,3.41906419946
19986.8,3.40587727319
20003.8,3.33016516107
20020.8,3.21869538789
20037.8,3.13209195267
20054.8,3.03973683071
20056.6,3.23264597505
20073.6,3.23109888428
20090.6,3.13209195267
20107.6,3.05941170816
20124.6,2.98161030318
20126.4,3.19374388453
20143.4,3.20780298647
20160.4,3.15594676761
20177.4,3.06757233004
20194.4,3.16859590355
20211.4,3.2939338184
20228.4,3.26190128606
20245.4,3.25729949498
20262.4,3.3406586177
20264.2,3.53411940941
20281.2,3.54964786986
20298.2,3.67287353444
20315.2,3.5721142199
20332.2,3.49428104193
20349.2,3.38230690506
20366.2,3.47131099154
20383.2,3.38230690506
20400.2,3.34813380856
20417.2,3.37045990927
20434.2,3.26955654485
20451.2,3.25576411922
20468.2,3.38969025134
20485.2,3.31058907145
20502.2,3.46554469023
20519.2,3.35261092285
20536.2,3.44238289561
20553.2,3.44093010682
20570.2,3.34813380856
20587.2,3.45832329316
20604.2,3.5902646142
20621.2,3.60555127546
20638.2,3.53411940941
20655.2,3.5721142199
20672.2,3.46554469023
20689.2,3.35261092285
20706.2,3.2939338184
20723.2,3.35261092285
20740.2,3.34813380856
20757.2,3.24961536185
20774.2,3.26955654485
20791.2,3.19374388453
20808.2,3.1448370387
20825.2,3.28024389337
20842.2,3.16385840391
20859.2,3.29241552663
20876.2,3.23264597505
20880.2,3.23264597505
20884.2,3.23264597505
20901.2,3.2
20918.2,3.19530906173
20935.2,3.24961536185
20952.2,3.11287648325
20969.2,3.1304951685
20986.2,3.17647603485
21003.2,3.24961536185
21020.2,3.25729949498
21037.2,3.29241552663
21041.2,3.29241552663
21058.2,3.35410196625
21062.2,3.35410196625
21079.2,3.41174442185
21096.2,3.49428104193
21100.2,3.49428104193
21117.2,3.5721142199
21134.2,3.44818792991
21136.0,3.52136337233
21153.0,3.61801050303
21170.0,3.54400902933
21187.0,3.63455636908
21204.0,3.49857113691
21221.0,3.58468966579
21222.8,3.66606055596
21239.8,3.74299345444
21256.8,3.84187454246
21273.8,3.88458491991
21290.8,3.97492138287
21307.8,3.85875627631
21309.6,3.94461658466
21326.6,3.84837628098
21343.6,3.95474398666
21345.4,4.05585995813
21362.4,3.97994974843
21364.2,4.1
21381.2,4.14246303544
21398.2,4.25323406363
21415.2,4.19523539268
21432.2,4.25323406363
21449.2,4.30813184571
21466.2,4.36004587132
21483.2,4.43170396123
21500.2,4.5
21517.2,4.60868744872
21519.0,4.71274866718
21536.0,4.5782092569
21553.0,4.6357307946
21570.0,4.71168759576
21587.0,4.78434948556
21604.0,4.8538644398
21621.0,4.94064773081
21638.0,4.84148737476
21655.0,4.75920161372
21672.0,4.84148737476
21689.0,4.8795491595
21706.0,4.74973683482
21707.8,4.84664832642
21724.8,4.9193495505
21741.8,4.84664832642
21758.8,4.72863616701
21775.8,4.81767578818
21777.6,4.92341345004
21794.6,5.02493781056
21811.6,5.10294032887
21828.6,5.13906606301
21845.6,5.03587132481
21862.6,4.94873721266
21879.6,4.7539457296
21896.6,4.67867502612
21898.4,4.79165942028
21915.4,4.83838816136
21932.4,4.75815090135
21949.4,4.65295604965
21966.4,4.56508488421
21983.4,4.6270941205
22000.4,4.70744091838
22002.2,4.82597140481
22019.2,4.7539457296
22021.0,4.88773976394
22038.0,4.97594212185
22039.8,5.11957029447
22056.8,4.92341345004
22073.8,4.96487663492
22090.8,4.77912125814
22107.8,4.83838816136
22124.8,4.77074417675
22141.8,4.86723740946
22158.8,4.77493455453
22160.6,4.92848861214
22177.6,4.95580467735
22179.4,5.11957029447
22196.4,5.16139516023
22213.4,5.08428952755
22230.4,4.90306026885
22247.4,4.96084670192
22264.4,5.01597448159
22281.4,5.08822169328
22298.4,4.9799598392
22315.4,5.04876222455
22332.4,5.09509568114
22349.4,4.92036584006
22351.2,5.08330601086
22368.2,5.16236379966
22385.2,5.23832034148
22402.2,5.29244744896
22419.2,5.21152568832
22436.2,5.14684369298
22453.2,5.23450093132
22470.2,5.06853035899
22487.2,5.15363949069
22504.2,5.1
22521.2,5.10294032887
22523.0,5.25832673005
22540.0,5.3516352641
22557.0,5.19711458407
22574.0,5.28772162656
22591.0,5.39351462406
22608.0,5.29150262213
22625.0,5.3
22642.0,5.4
22659.0,5.25452186217
22660.8,5.40740233384
22677.8,5.51815186453
22694.8,5.4258639865
22711.8,5.55067563455
22728.8,5.65331761004
22745.8,5.52177507691
22762.8,5.40370243444
22779.8,5.43046959295
22796.8,5.36283507112
22798.6,5.51452627158
22815.6,5.53534100124
22832.6,5.44518135602
22849.6,5.38887743412
22866.6,5.27351874937
22868.4,5.43691088763
22885.4,5.39351462406
22902.4,5.38516480713
22919.4,5.35630469634
22921.2,5.52810998443
22923.0,5.71051661411
22924.8,5.90254182535
22941.8,5.80086200491
22958.8,5.78273291792
22975.8,5.78013840665
22992.8,5.87877538268
23009.8,5.78705451849
23026.8,5.77927331072
23043.8,5.85576638878
23060.8,5.94642749893
23077.8,5.95063021872
23094.8,6.05309838017
23111.8,6.16846820532
23128.8,6.00333240792
23145.8,6.00083327547
23162.8,5.99666574023
23179.8,6.00749531835
23181.6,6.18061485614
23198.6,6.18789140176
23215.6,6.07947366143
23232.6,6.16522505672
23249.6,6.16765757804
23251.4,6.34428877022
23253.2,6.52993108693
23270.2,6.51229606207
23287.2,6.50845603811
23304.2,6.51843539509
23321.2,6.41872261435
23338.2,6.42572953057
23355.2,6.43117407633
23372.2,6.341135545
23389.2,6.35924523823
23406.2,6.43816744113
23423.2,6.32771680782
23440.2,6.35688603013
23457.2,6.25779513886
23474.2,6.07371385562
23491.2,5.98331012066
23508.2,6.07371385562
23525.2,6.07947366143
23542.2,6.18142378421
23559.2,6.2
23576.2,6.28092349898
23593.2,6.28012738724
23595.0,6.45058136915
23612.0,6.27375485654
23629.0,6.28410693735
23646.0,6.30872411824
23663.0,6.28410693735
23680.0,6.3843558798
23697.0,6.37259758654
23714.0,6.40624695122
23731.0,6.42261628933
23748.0,6.45290632196
23749.8,6.61891229735
23766.8,6.52380257212
23783.8,6.34744042902
23800.8,6.18061485614
23802.6,6.36317530797
23819.6,6.27375485654
23836.6,6.341135545
23853.6,6.3749509802
23870.6,6.36003144646
23887.6,6.43739077577
23904.6,6.46606526413
23921.6,6.30555310817
23938.6,6.34744042902
23940.4,6.52686754883
23957.4,6.44127316608
23974.4,6.4930732323
23991.4,6.57343137182
24008.4,6.56048778674
24025.4,6.54599113962
24042.4,6.40624695122
24059.4,6.40390505863
24076.4,6.4930732323
24078.2,6.67008245826
24080.0,6.8556546004
24081.8,7.04911341943
24098.8,6.92531587727
24115.8,7.01498396292
24132.8,7.07389567353
24149.8,7.07460246233
24166.8,6.98856208386
24183.8,7.00071424927
24200.8,6.88186021363
24217.8,6.92026011072
24234.8,6.92820323028
24251.8,7.02068372739
24268.8,7.03988636272
24270.6,7.2256487598
24287.6,7.25534285889
24304.6,7.35187051029
24321.6,7.26911273815
24338.6,7.30821455624
24340.4,7.49399759808
24357.4,7.50266619276
24374.4,7.46993975879
24391.4,7.39526875779
24408.4,7.42697785105
24425.4,7.30821455624
24442.4,7.3511903798
24459.4,7.40607858451
24476.4,7.33757453114
24493.4,7.37631344236
24510.4,7.26360791893
24527.4,7.3
24544.4,7.26636084983
24561.4,7.20347138538
24563.2,7.38647412505
24580.2,7.38985791474
24597.2,7.44580418759
24614.2,7.39256383131
24631.2,7.43236167042
24648.2,7.44378935758
24665.2,7.4
24682.2,7.20347138538
24699.2,7.25258574579
24716.2,7.06328535456
24733.2,7.12460525222
24750.2,6.94334213474
24767.2,6.90217357069
24784.2,6.97495519699
24801.2,6.93108938047
24818.2,7.00071424927
24835.2,7.08237248385
24852.2,7.04911341943
24869.2,7.12741187248
24886.2,7.1056315694
24903.2,6.92531587727
24920.2,6.78306715284
24937.2,6.78527818147
24954.2,6.80073525437
24956.0,6.97423830967
24973.0,7.05761999544
24990.0,7.03988636272
25007.0,7.06328535456
25024.0,6.88476579122
25041.0,6.92026011072
25058.0,6.96850055607
25075.0,7.02922470832
25092.0,7.10211236183
25109.0,7.1309185944
25110.8,7.29657453878
25127.8,7.36274405368
25144.8,7.4
25161.8,7.34098086089
25178.8,7.33484832836
25195.8,7.16170370792
25212.8,6.99714227381
25229.8,7.07177488329
25231.6,7.24154679609
25248.6,7.21456859417
25265.6,7.15821206727
25282.6,7.11407056473
25299.6,7.11055553385
25316.6,7.17565328036
25333.6,7.14142842854
25350.6,7.21734023031
25367.6,7.19444229944
25384.6,7.25327512232
25401.6,7.22772439984
25418.6,7.25603197347
25420.4,7.4188947964
25422.2,7.59012516366
25439.2,7.58683069536
25456.2,7.42226380561
25473.2,7.4966659256
25490.2,7.55579247995
25507.2,7.53392328073
25524.2,7.56372923894
25541.2,7.56571212775
25558.2,7.60591874792
25575.2,7.68374908492
25592.2,7.73369252039
25609.2,7.78203058334
25626.2,7.84155596805
25643.2,7.91201617794
25660.2,7.87972080724
25677.2,7.95989949685
25694.2,8.05046582503
25711.2,8.10185164021
25728.2,8.17618492942
25745.2,8.15107354893
25747.0,8.29517932296
25764.0,8.29216497665
25781.0,8.27586853448
25798.0,8.28251169634
25815.0,8.36002392341
25832.0,8.32826512546
25849.0,8.37914076741
25866.0,8.35703296631
25883.0,8.41724420461
25900.0,8.49941174435
25917.0,8.31925477432
25934.0,8.4
25951.0,8.4669947443
25952.8,8.60232526704
25969.8,8.43148859929
25986.8,8.50646812725
26003.8,8.5912746435
26020.8,8.61626369142
26037.8,8.44097150807
26054.8,8.416650165
26071.8,8.49764673307
26088.8,8.47112743382
26105.8,8.5492689746
26122.8,8.63712915268
26139.8,8.61916469271
26156.8,8.61162005664
26173.8,8.70689382042
26190.8,8.69712596206
26207.8,8.77781293945
26224.8,8.60464990572
26241.8,8.62612311528
26258.8,8.7040220588
26275.8,8.7
26292.8,8.67179335547
26294.6,8.79147314163
26311.6,8.81816307402
26328.6,8.63770802933
26345.6,8.62786184405
26362.6,8.62844134244
26379.6,8.45221864365
26381.4,8.57962703152
26398.4,8.57671265696
26400.2,8.71148666991
26417.2,8.74070935336
26434.2,8.7800911157
26451.2,8.6
26468.2,8.67236991831
26485.2,8.74299719776
26502.2,8.74356906532
26519.2,8.82269800005
26536.2,8.78692210049
26553.2,8.7840765024
26570.2,8.6075548212
26587.2,8.68331733844
26604.2,8.72295821382
26621.2,8.79545337092
26638.2,8.61452262171
26655.2,8.4403791384
26672.2,8.48822714116
26689.2,8.56971411425
26706.2,8.39106667832
26723.2,8.47112743382
26740.2,8.3
26757.2,8.29457654133
26774.2,8.11726554943
26791.2,7.94732659452
26793.0,8.07527089329
26810.0,8.06473806146
26827.0,7.88986691903
26844.0,7.93977329651
26861.0,7.88733161468
26878.0,7.88416133777
26895.0,7.94292137692
26912.0,8.0124902496
26929.0,8.08022276921
26946.0,8.15843122175
26963.0,7.98811617342
26980.0,7.97746827007
26997.0,8.05294977012
27014.0,8.12649986156
27031.0,7.95047168412
27048.0,7.78203058334
27065.0,7.77753174214
27082.0,7.84856674814
27099.0,7.93032155716
27116.0,8.0099937578
27133.0,7.95047168412
27150.0,7.93977329651
27167.0,7.77495980697
27184.0,7.86384130053
27201.0,7.70778826902
27202.8,7.82048591841
27219.8,7.90506166959
27236.8,7.75886589651
27253.8,7.82879301042
27270.8,7.82048591841
27287.8,7.75951029383
27304.8,7.85111457056
27306.6,7.96555082841
27323.6,8.05232885568
27340.6,8.11233628494
27357.6,7.92212092814
27374.6,7.73886296558
27391.6,7.83581520966
27408.6,7.68700201639
27425.6,7.67854152818
27442.6,7.78524244966
27459.6,7.72269383052
27476.6,7.81344994225
27493.6,7.87654746701
27510.6,7.82368199763
27527.6,7.88416133777
27544.6,7.85429818634
27561.6,7.66811580507
27578.6,7.48932573734
27595.6,7.56042326857
27612.6,7.51065909225
27629.6,7.5789181286
27646.6,7.6713753656
27663.6,7.64460594145
27680.6,7.60328876211
27697.6,7.7045441137
27714.6,7.54254598925
27731.6,7.50999334221
27733.4,7.60854782465
27750.4,7.67854152818
27752.2,7.78524244966
27769.2,7.87654746701
27786.2,7.72334124586
27803.2,7.69675256196
27820.2,7.77238702073
27837.2,7.85875308176
27854.2,7.71297607931
27871.2,7.81024967591
27888.2,7.90506166959
27905.2,7.99749960925
27922.2,7.96303962065
27939.2,8.06473806146
27956.2,7.92779919019
27973.2,7.90189850606
27990.2,8.00062497559
28007.2,8.096912992
28024.2,8.08022276921
28041.2,8.049844719
28058.2,8.04300938704
28075.2,8.02246844805
28079.2,8.02246844805
28083.2,8.02246844805
28100.2,7.97558775264
28117.2,7.83836717691
28119.0,7.92779919019
28136.0,7.88923316933
28153.0,7.8619336044
28170.0,7.84601809837
28187.0,7.71297607931
28188.8,7.81024967591
28205.8,7.90506166959
28222.8,7.93473376995
28224.6,8.03803458564
28241.6,8.12649986156
28243.4,8.23711114408
28260.4,8.32105762509
28277.4,8.35523787812
28294.4,8.32826512546
28311.4,8.41961994392
28328.4,8.40238061504
28330.2,8.51410594249
28347.2,8.6
28364.2,8.69540108333
28381.2,8.777243303
28398.2,8.8797522488
28415.2,8.9911067172
28432.2,9.07799537343
28449.2,9.05317623821
28466.2,9.08240056373
28483.2,9.06642156531
28500.2,9.14822387133
28517.2,9.11921049214
28534.2,9.1
28551.2,9.09065454189
28555.2,9.09065454189
28572.2,9.09120454065
28589.2,8.95767827062
28606.2,8.8323269867
28623.2,8.91964124839
28640.2,9.00499861188
28657.2,8.7863530546
28674.2,8.88200427831
28691.2,8.66948672068
28708.2,8.54458893101
28725.2,8.56971411425
28742.2,8.35763124336
28746.2,8.35763124336
28763.2,8.3330666624
28780.2,8.12465383878
28797.2,8.08455317256
28814.2,8.08022276921
28831.2,8.17312669668
28833.0,8.26377637645
28850.0,8.24378553821
28867.0,8.34326075345
28884.0,8.21218606706
28901.0,8.17618492942
28918.0,7.9649231007
28935.0,7.75951029383
28952.0,7.73045923604
28969.0,7.71297607931
28986.0,7.50999334221
29003.0,7.60854782465
29020.0,7.6
29037.0,7.457211275
29054.0,7.25534285889
29071.0,7.06045324324
29088.0,7.0313583325
29105.0,7.01498396292
29122.0,7.01141925718
29139.0,7.00642562224
29143.0,7.00642562224
29160.0,7.0142711667
29177.0,6.81835757349
29194.0,6.83812839891
29198.0,6.83812839891
29215.0,6.6790717918
29232.0,6.77052435192
29249.0,6.74166151627
29266.0,6.72606868832
29283.0,6.72383818961
29300.0,6.52380257212
29317.0,6.54904573201
29334.0,6.54217089352
29351.0,6.54904573201
29368.0,6.55438784327
29385.0,6.38827050147
29402.0,6.3749509802
29406.0,6.3749509802
29410.0,6.3749509802
29414.0,6.3749509802
29431.0,6.21691241695
29448.0,6.23217458035
29452.0,6.23217458035
29469.0,6.22976725087
29473.0,6.22976725087
29477.0,6.22976725087
29494.0,6.25779513886
29511.0,6.04069532422
29515.0,6.04069532422
29519.0,6.04069532422
29520.8,6.11555394057
29537.8,5.90677577025
29554.8,5.91269819964
29571.8,6.00083327547
29588.8,5.8
29605.8,5.81807528312
29609.8,5.81807528312
29626.8,5.90254182535
29643.8,5.91692487699
29660.8,5.94642749893
29664.8,5.94642749893
29666.6,6.02411819273
29668.4,6.11555394057
29685.4,5.92368128785
29702.4,5.74108003776
29719.4,5.83180932473
29736.4,5.8172158289
29753.4,5.64358042381
29755.2,5.74804314528
29772.2,5.76281181369
29789.2,5.79309934318
29806.2,5.82151183113
29823.2,5.8991524815
29825.0,6.00749531835
29842.0,5.84465567848
29859.0,5.64003546088
29860.8,5.76541412216
29877.8,5.60802995712
29894.8,5.64269439187
29911.8,5.64003546088
29928.8,5.6709787515
29945.8,5.75239080731
29962.8,5.5497747702
29979.8,5.39351462406
29996.8,5.43691088763
30013.8,5.47813836992
30030.8,5.55337735077
30047.8,5.59016994375
30049.6,5.71314274283
30066.6,5.76281181369
30083.6,5.5641710973
30100.6,5.6471231614
30117.6,5.72712842531
30134.6,5.7697486947
30151.6,5.58211429478
30168.6,5.62227711875
30185.6,5.67802782663
30187.4,5.80086200491
30204.4,5.78273291792
30221.4,5.86600375042
30238.4,5.94642749893
30255.4,6.04069532422
30272.4,6.1318838867
30289.4,6.17170964968
30306.4,6.2096698785
30323.4,6.05061980296
30340.4,6.03655530911
30357.4,6.13595958266
30374.4,6.13514466007
30391.4,6.06712452485
30408.4,5.91269819964
30425.4,5.95734840344
30427.2,6.06630035524
30444.2,5.87281874401
30461.2,5.92958683215
30463.0,6.05061980296
30480.0,6.08604962188
30497.0,6.18465843843
30498.8,6.31189353522
30515.8,6.16522505672
30532.8,6.09590026165
30549.8,6.2040309477
30566.8,6.14817045958
30583.8,6.10655385631
30600.8,6.1611687203
30617.8,6.19758017294
30619.6,6.32771680782
30636.6,6.34428877022
30653.6,6.39061812347
30655.4,6.52763356815
30672.4,6.58483105326
30689.4,6.54904573201
30706.4,6.57267069006
30723.4,6.60984114786
30740.4,6.66033032214
30757.4,6.46606526413
30774.4,6.43739077577
30791.4,6.5
30793.2,6.63626400921
30810.2,6.45058136915
30827.2,6.28967407741
30844.2,6.25219961294
30861.2,6.22896460096
30878.2,6.3
30895.2,6.3371918071
30912.2,6.32534584035
30914.0,6.46838465152
30931.0,6.31268564083
30948.0,6.31189353522
30949.8,6.46606526413
30966.8,6.47765389628
30983.8,6.51843539509
31000.8,6.57267069006
31017.8,6.64003012041
31034.8,6.67532770731
31051.8,6.75351760196
31068.8,6.77052435192
31085.8,6.57647321898
31102.8,6.60605782597
31119.8,6.41950153828
31136.8,6.46219776856
31153.8,6.3
31170.8,6.30872411824
31187.8,6.33166644731
31204.8,6.3843558798
31221.8,6.45058136915
31238.8,6.26418390535
31255.8,6.20080639917
31272.8,6.28012738724
31289.8,6.32534584035
31306.8,6.35295206971
31323.8,6.17170964968
31340.8,6.2128898268
31357.8,6.26817357769
31374.8,6.32139225171
31391.8,6.40390505863
31393.6,6.52993108693
31410.6,6.36003144646
31412.4,6.49923072371
31414.2,6.64906008395
31431.2,6.7052218457
31448.2,6.71490878568
31465.2,6.64830805544
31482.2,6.48768063332
31499.2,6.50845603811
31501.0,6.66408283262
31518.0,6.6813172354
31535.0,6.71192967782
31552.0,6.74091981854
31569.0,6.78306715284
31570.8,6.93974062916
31587.8,6.97782200977
31604.8,6.82641926635
31621.8,6.89129886161
31638.8,6.93974062916
31655.8,7.00071424927
31672.8,7.0313583325
31689.8,7.06045324324
31706.8,7.13021738799
31723.8,7.05761999544
31740.8,6.86731388536
31757.8,6.90579466825
31759.6,7.05691150575
31776.6,6.90579466825
31793.6,6.72011904656
31795.4,6.88549199404
31812.4,6.91664658632
31829.4,6.97495519699
31846.4,7.01712191714
31863.4,7.08590149522
31880.4,7.13862731903
31897.4,7.20347138538
31914.4,7.28010988928
31931.4,7.35459040328
31948.4,7.18052922841
31965.4,7.19791636517
31982.4,7.28285658241
31999.4,7.31095069057
32016.4,7.39188744503
32033.4,7.4303431953
32050.4,7.45385806143
32067.4,7.36817480792
32084.4,7.21110255093
32101.4,7.03491293478
32118.4,7.08237248385
32135.4,7.12811335488
32152.4,7.04556598152
32169.4,7.10281634283
32186.4,7.15821206727
32203.4,7.15611626513
32220.4,7.22218803411
32237.4,7.28628849278
32254.4,7.36206492772
32271.4,7.28628849278
32288.4,7.35934779719
32290.2,7.48398289683
32307.2,7.5524830354
32324.2,7.63216876124
32341.2,7.70973410696
32358.2,7.53724087448
32375.2,7.37292343647
32392.2,7.38173421358
32409.2,7.44311762637
32426.2,7.51598296965
32443.2,7.53392328073
32460.2,7.61642960973
32477.2,7.70973410696
32494.2,7.78781098898
32511.2,7.88923316933
32528.2,7.87464284904
32545.2,7.89683480896
32562.2,8.00562302385
32566.2,8.00562302385
32583.2,8.07465169527
32600.2,8.15414005276
32617.2,8.07217442824
32634.2,8.1614949611
32651.2,8.0024996095
32668.2,8.05294977012
32672.2,8.05294977012
32689.2,8.12649986156
32706.2,7.95047168412
32723.2,7.87146746166
32740.2,7.71297607931
32742.0,7.81024967591
32759.0,7.89240140895
32776.0,7.74338427304
32793.0,7.72075125878
32810.0,7.5789181286
32827.0,7.6713753656
32844.0,7.68374908492
32845.8,7.78524244966
32862.8,7.88416133777
32879.8,7.90506166959
32896.8,7.77174369109
32913.8,7.80320446996
32930.8,7.71751255263
32947.8,7.79807668595
32964.8,7.83836717691
32981.8,7.94040301244
32998.8,7.91454357496
33002.8,7.91454357496
33004.6,8.01311425103
33021.6,7.82048591841
33038.6,7.85429818634
33055.6,7.89936706325
33072.6,7.81600921187
33089.6,7.62627038598
33106.6,7.73369252039
33123.6,7.59210115844
33127.6,7.59210115844
33129.4,7.69740215917
33146.4,7.73563184233
33163.4,7.78524244966
33180.4,7.6
33197.4,7.67398201718
33214.4,7.75886589651
33231.4,7.82879301042
33248.4,7.74338427304
33265.4,7.60328876211
33282.4,7.64460594145
33299.4,7.5133215025
33316.4,7.56571212775
33333.4,7.37631344236
33350.4,7.4404300951
33352.2,7.54254598925
33369.2,7.61577310586
33386.2,7.48932573734
33403.2,7.53392328073
33420.2,7.44378935758
33437.2,7.52595508889
33454.2,7.57957782465
33471.2,7.52595508889
33488.2,7.48398289683
33505.2,7.54718490565
33522.2,7.62167960492
33539.2,7.69415362467
33556.2,7.77753174214
33573.2,7.83326241103
33590.2,7.70778826902
33607.2,7.78716893357
33624.2,7.59275970909
33626.0,7.68374908492
33643.0,7.64264352171
33660.0,7.61314652427
33677.0,7.68700201639
33694.0,7.77174369109
33695.8,7.86701976609
33712.8,7.74338427304
33729.8,7.79807668595
33746.8,7.77431669023
33763.8,7.76208734813
33765.6,7.86384130053
33782.6,7.8619336044
33799.6,7.94732659452
33816.6,8.01810451416
33833.6,7.89936706325
33850.6,7.79037868142
33867.6,7.69155380921
33884.6,7.60328876211
33901.6,7.69675256196
33918.6,7.76208734813
33935.6,7.83836717691
33952.6,7.72075125878
33969.6,7.80768851838
33971.4,7.90506166959
33988.4,7.82304288624
34005.4,7.91770168673
34022.4,7.90948797331
34039.4,7.97558775264
34056.4,7.86384130053
34073.4,7.90253124005
34090.4,7.68374908492
34092.2,7.78524244966
34109.2,7.87146746166
34111.0,7.98060148109
34128.0,7.97496081495
34145.0,8.00562302385
34162.0,7.89683480896
34179.0,7.79807668595
34196.0,7.83836717691
34213.0,7.61905505952
34230.0,7.68374908492
34247.0,7.77238702073
34264.0,7.76916983982
34281.0,7.85429818634
34298.0,7.86129760281
34315.0,7.647875522
34332.0,7.71751255263
34349.0,7.73369252039
34366.0,7.63151361134
34383.0,7.6713753656
34400.0,7.56571212775
34417.0,7.61642960973
34434.0,7.67854152818
34451.0,7.76466354712
34468.0,7.66811580507
34485.0,7.44916102659
34502.0,7.34574706888
34519.0,7.41687265632
34536.0,7.43236167042
34553.0,7.33825592358
34554.8,7.43236167042
34571.8,7.51065909225
34588.8,7.42697785105
34605.8,7.48932573734
34622.8,7.4966659256
34624.6,7.5953933407
34641.6,7.37292343647
34658.6,7.29451848993
34675.6,7.36478105581
34692.6,7.44647567645
34709.6,7.33757453114
34726.6,7.26704891961
34743.6,7.33212111193
34760.6,7.34098086089
34777.6,7.4296702484
34794.6,7.32734604069
34811.6,7.34574706888
34828.6,7.41687265632
34845.6,7.18609768929
34862.6,7.25603197347
34879.6,7.32393336944
34881.4,7.41687265632
34898.4,7.41350119714
34915.4,7.18957578721
34917.2,7.29383301152
34934.2,7.21734023031
34951.2,7.3047929471
34968.2,7.2394751191
34985.2,7.310266753
35002.2,7.40607858451
35019.2,7.47261667691
35036.2,7.57693869581
35053.2,7.46726188104
35070.2,7.36817480792
35087.2,7.37563556583
35104.2,7.1477269114
35121.2,7.08237248385
35138.2,7.07177488329
35155.2,7.01712191714
35157.0,7.11688133946
35174.0,7.07389567353
35191.0,6.97208720542
35208.0,7.03988636272
35225.0,7.00642562224
35242.0,7.05691150575
35259.0,7.04911341943
35276.0,7.05407683542
35277.8,7.15611626513
35294.8,6.91664658632
35311.8,6.91736944221
35328.8,7.01712191714
35345.8,7.07177488329
35362.8,7.08237248385
35379.8,7.1477269114
35396.8,7.25258574579
35413.8,7.21734023031
35430.8,7.11055553385
35434.8,7.11055553385
35451.8,6.87095335452
35453.6,6.97423830967
35470.6,6.97495519699
35487.6,7.01712191714
35504.6,6.98641538988
35521.6,7.05407683542
35538.6,7.1056315694
35555.6,7.21110255093
35572.6,7.27255113423
35589.6,7.34574706888
35606.6,7.11407056473
35623.6,7.18609768929
35627.6,7.18609768929
35644.6,7.07460246233
35661.6,6.84397545291
35678.6,6.88549199404
35695.6,6.96850055607
35712.6,7.02068372739
35729.6,7.08519583357
35746.6,7.16170370792
35748.4,7.24982758416
35765.4,7.2394751191
35767.2,7.33757453114
35784.2,7.2284161474
35801.2,7.29657453878
35818.2,7.19791636517
35835.2,7.27736215946
35852.2,7.35459040328
35869.2,7.34846922835
35886.2,7.42226380561
35903.2,7.50732975165
35920.2,7.51065909225
35937.2,7.4188947964
35954.2,7.5133215025
35958.2,7.5133215025
35960.0,7.60526133673
35977.0,7.52396172239
35994.0,7.49399759808
35995.8,7.5953933407
35997.6,7.7071395472
36014.6,7.77753174214
36031.6,7.54718490565
36048.6,7.32188500319
36065.6,7.39188744503
36082.6,7.47328575661
36099.6,7.53923072999
36116.6,7.61642960973
36118.4,7.73045923604
36135.4,7.81600921187
36152.4,7.88669766125
36169.4,7.96806124474
36186.4,8.05977667184
36203.4,7.84920378128
36205.2,7.9649231007
36222.2,7.92779919019
36239.2,8.02745289616
36256.2,7.93788384899
36273.2,7.73045923604
36290.2,7.80320446996
36307.2,7.72010362625
36324.2,7.80320446996
36341.2,7.88416133777
36358.2,7.68179666484
36375.2,7.60526133673
36392.2,7.69740215917
36409.2,7.8
36426.2,7.70778826902
36443.2,7.63937170191
36460.2,7.73886296558
36477.2,7.82304288624
36494.2,7.77753174214
36511.2,7.71751255263
36528.2,7.68179666484
36545.2,7.64460594145
36562.2,7.55314504031
36579.2,7.52595508889
36596.2,7.51065909225
36613.2,7.45385806143
36630.2,7.23118247592
36647.2,7.22495674728
36649.0,7.32734604069
36666.0,7.42697785105
36683.0,7.51065909225
36700.0,7.29657453878
36717.0,7.20069441096
36734.0,7.2
36751.0,7.29451848993
36768.0,7.4
36785.0,7.4087785768
36802.0,7.4296702484
36819.0,7.38173421358
36820.8,7.48064168371
36837.8,7.56372923894
36839.6,7.67072356431
36856.6,7.76208734813
36873.6,7.78716893357
36890.6,7.81088983407
36907.6,7.74338427304
36924.6,7.84155596805
36941.6,7.6288924491
36958.6,7.72593036469
36975.6,7.80768851838
36977.4,7.91264810288
36994.4,7.93977329651
36996.2,8.05294977012
37013.2,8.13879597975
37030.2,8.23468275042
37047.2,8.03492377064
37064.2,8.06783738061
37081.2,8.0
37098.2,8.01810451416
37100.0,8.13387976307
37117.0,8.17373843477
37134.0,8.26075057123
37151.0,8.35763124336
37168.0,8.16333265278
37169.8,8.28311535595
37186.8,8.17067928633
37203.8,8.26377637645
37220.8,8.28251169634
37237.8,8.21522975942
37254.8,8.02246844805
37271.8,8.05046582503
37288.8,8.08949936646
37305.8,8.12711510931
37322.8,8.22435407798
37339.8,8.14923309275
37356.8,8.19512049942
37373.8,8.12957563468
37375.6,8.24621125124
37392.6,8.19084855189
37409.6,8.14616474177
37426.6,8.21035931004
37443.6,8.08949936646
37460.6,8.16394512475
37477.6,8.24863625092
37494.6,8.34326075345
37511.6,8.42377587546
37528.6,8.31203946093
37545.6,8.34266144585
37562.6,8.26377637645
37579.6,8.30421579681
37596.6,8.39106667832
37613.6,8.18779579618
37630.6,8.22496200599
37647.6,8.32105762509
37664.6,8.3671978583
37681.6,8.25590697622
37683.4,8.36002392341
37685.2,8.47348806573
37702.2,8.37197706638
37719.2,8.41189633793
37736.2,8.33126641034
37753.2,8.12649986156
37770.2,7.92779919019
37787.2,8.0024996095
37804.2,7.93788384899
37806.0,8.05977667184
37823.0,7.98060148109
37840.0,8.0249610591
37857.0,7.91770168673
37874.0,7.99749960925
37891.0,8.07527089329
37908.0,7.87654746701
37925.0,7.96555082841
37942.0,7.88923316933
37959.0,7.82368199763
37976.0,7.76916983982
37993.0,7.72593036469
38010.0,7.61577310586
38027.0,7.54254598925
38044.0,7.5736384915
38045.8,7.69480344128
38062.8,7.78716893357
38079.8,7.86447709641
38096.8,7.9649231007
38113.8,8.03803458564
38130.8,8.1215762017
38147.8,8.01810451416
38164.8,7.94984276574
38181.8,8.04300938704
38183.6,8.15843122175
38200.6,8.1859635963
38204.6,8.1859635963
38206.4,8.30903123114
38210.4,8.30903123114
38214.4,8.30903123114
38231.4,8.26135582093
38248.4,8.05232885568
38250.2,8.1859635963
38252.0,8.32826512546
38269.0,8.39583229942
38286.0,8.42614977318
38303.0,8.22739326883
38320.0,8.24378553821
38337.0,8.19817052762
38341.0,8.19817052762
38358.0,8.22435407798
38375.0,8.26135582093
38379.0,8.26135582093
38380.8,8.40476055578
38397.8,8.43860177992
38414.8,8.24378553821
38431.8,8.12957563468
38448.8,8.19756061277
38465.8,8.09258920247
38469.8,8.09258920247
38471.6,8.24378553821
38488.6,8.1614949611
38492.6,8.1614949611
38509.6,8.06473806146
38513.6,8.06473806146
38530.6,7.97809501072
38534.6,7.97809501072
38538.6,7.97809501072
38542.6,7.97809501072
38546.6,7.97809501072
38550.6,7.97809501072
38552.4,8.13879597975
38569.4,8.17373843477
38586.4,8.20731381147
38603.4,8.00562302385
38620.4,7.92464510246
38624.4,7.92464510246
38641.4,7.96806124474
38645.4,7.96806124474
38662.4,7.89683480896
38679.4,7.83645327939
38696.4,7.77431669023
38713.4,7.72334124586
38730.4,7.63151361134
38734.4,7.63151361134
38736.2,7.79807668595
38738.0,7.9724525712
38755.0,8.01810451416
38759.0,8.01810451416
38763.0,8.01810451416
38767.0,8.01810451416
38784.0,7.96241169496
38801.0,7.99312204336
38805.0,7.99312204336
38809.0,7.99312204336
38826.0,7.94732659452
38843.0,7.73369252039
38844.8,7.91454357496
38848.8,7.91454357496
38865.8,7.71038261048
38869.8,7.71038261048
38873.8,7.71038261048
38890.8,7.6183987819
38894.8,7.6183987819
38896.6,7.81088983407
38913.6,7.75628777187
38930.6,7.67398201718
38947.6,7.6288924491
38964.6,7.5953933407
38981.6,7.5736384915
38985.6,7.5736384915
39002.6,7.52396172239
39004.4,7.72269383052
39006.2,7.92779919019
39010.2,7.92779919019
39014.2,7.92779919019
39031.2,7.88923316933
39035.2,7.88923316933
39052.2,7.68179666484
39069.2,7.65245058788
39086.2,7.63478879865
39090.2,7.63478879865
39092.0,7.84856674814
39096.0,7.84856674814
39100.0,7.84856674814
39104.0,7.84856674814
39121.0,7.82879301042
39138.0,7.82048591841
39155.0,7.73369252039
39159.0,7.73369252039
39176.0,7.72269383052
39193.0,7.72334124586
39210.0,7.64460594145
39227.0,7.65571681817
39244.0,7.58683069536
39248.0,7.58683069536
39252.0,7.58683069536
39269.0,7.58221603491
39286.0,7.36206492772
39290.0,7.36206492772
39307.0,7.36817480792
39308.8,7.58683069536
39312.8,7.58683069536
39314.6,7.81088983407
39331.6,7.60526133673
39348.6,7.60591874792
39352.6,7.60591874792
39369.6,7.53923072999
39373.6,7.53923072999
39377.6,7.53923072999
39394.6,7.48398289683
39411.6,7.27736215946
39428.6,7.07742891169
39432.6,7.07742891169
39436.6,7.07742891169
39453.6,7.02851335632
39457.6,7.02851335632
39461.6,7.02851335632
39478.6,6.99213844257
39482.6,6.99213844257
39484.4,7.23602100605
39488.4,7.23602100605
39505.4,7.04343666118
39509.4,7.04343666118
39513.4,7.04343666118
39517.4,7.04343666118
39521.4,7.04343666118
39525.4,7.04343666118
39529.4,7.04343666118
39533.4,7.04343666118
39537.4,7.04343666118
39541.4,7.04343666118
39545.4,7.04343666118
39549.4,7.04343666118
39553.4,7.04343666118
39557.4,7.04343666118
39561.4,7.04343666118
39578.4,6.85857127979
39582.4,6.85857127979
39599.4,6.83008052661
39616.4,6.81469001496
39633.4,6.63400331625
39650.4,6.46219776856
39654.4,6.46219776856
39658.4,6.46219776856
39662.4,6.46219776856
39666.4,6.46219776856
39683.4,6.3
39687.4,6.3
39691.4,6.3
39695.4,6.3
39699.4,6.3
39703.4,6.3
39705.2,6.57267069006
39709.2,6.57267069006
39713.2,6.57267069006
39717.2,6.57267069006
39721.2,6.57267069006
39725.2,6.57267069006
39729.2,6.57267069006
39733.2,6.57267069006
39750.2,6.42572953057
39754.2,6.42572953057
39758.2,6.42572953057
39762.2,6.42572953057
39764.0,6.7052218457
39768.0,6.7052218457
39772.0,6.7052218457
39776.0,6.7052218457
39780.0,6.7052218457
39784.0,6.7052218457
39788.0,6.7052218457
39792.0,6.7052218457
39793.8,6.98641538988
39797.8,6.98641538988
39801.8,6.98641538988
39805.8,6.98641538988
39807.6,7.26911273815
39811.6,7.26911273815
39815.6,7.26911273815
39819.6,7.26911273815
39823.6,7.26911273815
39827.6,7.26911273815
39831.6,7.26911273815
39835.6,7.26911273815
39839.6,7.26911273815
39843.6,7.26911273815
39847.6,7.26911273815
39851.6,7.26911273815
39868.6,7.14492827116
39872.6,7.14492827116
39876.6,7.14492827116
39880.6,7.14492827116
39884.6,7.14492827116
39888.6,7.14492827116
39892.6,7.14492827116
39896.6,7.14492827116
39898.4,7.43236167042
39900.2,7.72075125878
39904.2,7.72075125878
39908.2,7.72075125878
39925.2,7.61314652427
39929.2,7.61314652427
39933.2,7.61314652427
39935.0,7.90506166959
39939.0,7.90506166959
39943.0,7.90506166959
39947.0,7.90506166959
39951.0,7.90506166959
39955.0,7.90506166959
39972.0,7.81024967591
39976.0,7.81024967591
39980.0,7.81024967591
39984.0,7.81024967591
39988.0,7.81024967591
40005.0,7.72593036469
40009.0,7.72593036469
40013.0,7.72593036469
40017.0,7.72593036469
40021.0,7.72593036469
40038.0,7.65245058788
40042.0,7.65245058788
40046.0,7.65245058788
40047.8,7.95047168412
40051.8,7.95047168412
40055.8,7.95047168412
40059.8,7.95047168412
40076.8,7.88923316933
40080.8,7.88923316933
40084.8,7.88923316933
40101.8,7.83900503891
40105.8,7.83900503891
40109.8,7.83900503891
40113.8,7.83900503891
40117.8,7.83900503891
40121.8,7.83900503891
40125.8,7.83900503891
40129.8,7.83900503891
40133.8,7.83900503891
40135.6,8.13879597975
40139.6,8.13879597975
40143.6,8.13879597975
40145.4,8.43860177992
40149.4,8.43860177992
40153.4,8.43860177992
40157.4,8.43860177992
40161.4,8.43860177992
40165.4,8.43860177992
40169.4,8.43860177992
40173.4,8.43860177992
40190.4,8.4