Time,RejRate,AcceptRate
232.317,0.0,1.0
19.289,0.0,1.0
86.626,0.25,0.75
303.635,0.25,0.75
302.949,0.166666666667,0.833333333333
31.547,0.166666666667,0.833333333333
72.56,0.285714285714,0.714285714286
209.724,0.25,0.75
30.495,0.222222222222,0.777777777778
141.721,0.181818181818,0.818181818182
43.842,0.181818181818,0.818181818182
86.606,0.25,0.75
1.63,0.230769230769,0.769230769231
56.432,0.333333333333,0.666666666667
114.44,0.333333333333,0.666666666667
210.381,0.3125,0.6875
66.686,0.333333333333,0.666666666667
113.591,0.333333333333,0.666666666667
43.132,0.315789473684,0.684210526316
74.845,0.35,0.65
83.927,0.380952380952,0.619047619048
5.58,0.363636363636,0.636363636364
213.16,0.347826086957,0.652173913043
66.808,0.375,0.625
76.064,0.36,0.64
22.586,0.346153846154,0.653846153846
120.109,0.37037037037,0.62962962963
0.0,0.357142857143,0.642857142857
77.659,0.379310344828,0.620689655172
204.089,0.4,0.6
53.895,0.387096774194,0.612903225806
86.287,0.40625,0.59375
298.898,0.393939393939,0.606060606061
53.928,0.411764705882,0.588235294118
291.808,0.428571428571,0.571428571429
1.867,0.444444444444,0.555555555556
65.468,0.459459459459,0.540540540541
80.078,0.473684210526,0.526315789474
208.575,0.487179487179,0.512820512821
57.284,0.5,0.5
213.017,0.512195121951,0.487804878049
88.008,0.52380952381,0.47619047619
129.723,0.53488372093,0.46511627907
111.678,0.555555555556,0.444444444444
55.377,0.555555555556,0.444444444444
1.295,0.565217391304,0.434782608696
162.723,0.553191489362,0.446808510638
56.72,0.5625,0.4375
41.761,0.571428571429,0.428571428571
128.58,0.58,0.42
1.507,0.588235294118,0.411764705882
118.991,0.596153846154,0.403846153846
85.762,0.603773584906,0.396226415094
17.538,0.611111111111,0.388888888889
24.036,0.618181818182,0.381818181818
57.52,0.625,0.375
207.75,0.631578947368,0.368421052632
42.228,0.637931034483,0.362068965517
43.98,0.64406779661,0.35593220339
63.657,0.65,0.35
11.311,0.655737704918,0.344262295082
56.305,0.666666666667,0.333333333333
14.761,0.666666666667,0.333333333333
299.15,0.671875,0.328125
218.749,0.661538461538,0.338461538462
293.272,0.676470588235,0.323529411765
218.769,0.676470588235,0.323529411765
18.98,0.676470588235,0.323529411765
120.118,0.68115942029,0.31884057971
213.281,0.685714285714,0.314285714286
75.287,0.69014084507,0.30985915493
25.876,0.694444444444,0.305555555556
30.727,0.698630136986,0.301369863014
59.996,0.706666666667,0.293333333333
5.573,0.706666666667,0.293333333333
117.114,0.710526315789,0.289473684211
212.297,0.714285714286,0.285714285714
20.444,0.717948717949,0.282051282051
32.251,0.721518987342,0.278481012658
15.371,0.725,0.275
77.754,0.728395061728,0.271604938272
0.463,0.731707317073,0.268292682927
44.087,0.734939759036,0.265060240964
41.897,0.738095238095,0.261904761905
62.658,0.741176470588,0.258823529412
293.411,0.744186046512,0.255813953488
55.495,0.747126436782,0.252873563218
158.394,0.75,0.25
85.456,0.752808988764,0.247191011236
293.557,0.755555555556,0.244444444444
253.928,0.758241758242,0.241758241758
0.813,0.760869565217,0.239130434783
31.321,0.763440860215,0.236559139785
307.713,0.765957446809,0.234042553191
307.014,0.768421052632,0.231578947368
308.01,0.770833333333,0.229166666667
314.064,0.773195876289,0.226804123711
327.299,0.775510204082,0.224489795918
376.585,0.777777777778,0.222222222222
379.714,0.78,0.22
393.682,0.78431372549,0.21568627451
394.523,0.78431372549,0.21568627451
395.863,0.788461538462,0.211538461538
395.776,0.788461538462,0.211538461538
399.542,0.790476190476,0.209523809524
396.72,0.792452830189,0.207547169811
394.816,0.794392523364,0.205607476636
396.191,0.796296296296,0.203703703704
395.354,0.798165137615,0.201834862385
401.106,0.801801801802,0.198198198198
399.683,0.803571428571,0.196428571429
400.815,0.803571428571,0.196428571429
400.506,0.805309734513,0.194690265487
401.207,0.80701754386,0.19298245614
400.457,0.808695652174,0.191304347826
400.957,0.811965811966,0.188034188034
400.727,0.811965811966,0.188034188034
401.269,0.805084745763,0.194915254237
400.473,0.798319327731,0.201680672269
400.692,0.793388429752,0.206611570248
400.759,0.793388429752,0.206611570248
400.674,0.786885245902,0.213114754098
400.464,0.788617886179,0.211382113821
400.637,0.790322580645,0.209677419355
399.864,0.792,0.208
404.101,0.785714285714,0.214285714286
400.185,0.787401574803,0.212598425197
405.662,0.78125,0.21875
406.471,0.784615384615,0.215384615385
406.592,0.784615384615,0.215384615385
405.061,0.778625954198,0.221374045802
406.68,0.772727272727,0.227272727273
405.347,0.776119402985,0.223880597015
406.959,0.776119402985,0.223880597015
406.283,0.777777777778,0.222222222222
404.83,0.779411764706,0.220588235294
406.726,0.775362318841,0.224637681159
405.368,0.775362318841,0.224637681159
406.43,0.776978417266,0.223021582734
406.68,0.778571428571,0.221428571429
405.39,0.781690140845,0.218309859155
404.753,0.781690140845,0.218309859155
405.524,0.783216783217,0.216783216783
405.408,0.779310344828,0.220689655172
405.644,0.780821917808,0.219178082192
404.79,0.780821917808,0.219178082192
404.852,0.78231292517,0.21768707483
405.096,0.777027027027,0.222972972973
405.642,0.778523489933,0.221476510067
406.938,0.78,0.22
413.643,0.781456953642,0.218543046358
413.942,0.777777777778,0.222222222222
414.528,0.777777777778,0.222222222222
414.519,0.779220779221,0.220779220779
413.734,0.78064516129,0.21935483871
414.517,0.782051282051,0.217948717949
411.63,0.783439490446,0.216560509554
415.507,0.779874213836,0.220125786164
414.766,0.779874213836,0.220125786164
416.513,0.78125,0.21875
415.76,0.782608695652,0.217391304348
415.781,0.783950617284,0.216049382716
415.285,0.78527607362,0.21472392638
415.741,0.786585365854,0.213414634146
415.836,0.787878787879,0.212121212121
414.637,0.789156626506,0.210843373494
414.83,0.790419161677,0.209580838323
415.538,0.797619047619,0.208333333333
415.087,0.792899408284,0.207100591716
416.068,0.795321637427,0.204678362573
414.853,0.795321637427,0.204678362573
415.919,0.790697674419,0.21511627907
415.964,0.78612716763,0.21387283237
420.775,0.787356321839,0.212643678161
421.276,0.788571428571,0.211428571429
421.731,0.789772727273,0.210227272727
420.931,0.790960451977,0.209039548023
421.224,0.792134831461,0.207865168539
420.404,0.793296089385,0.206703910615
425.738,0.795580110497,0.204419889503
427.83,0.795580110497,0.204419889503
436.712,0.79781420765,0.20218579235
437.088,0.79781420765,0.20218579235
449.902,0.8,0.2
449.65,0.8,0.2
459.717,0.801075268817,0.198924731183
471.727,0.803191489362,0.196808510638
475.494,0.803191489362,0.196808510638
481.644,0.804232804233,0.195767195767
484.878,0.8,0.2
485.381,0.795811518325,0.204188481675
491.934,0.79274611399,0.20725388601
490.65,0.79274611399,0.20725388601
491.497,0.788659793814,0.211340206186
490.817,0.784615384615,0.215384615385
490.982,0.785714285714,0.214285714286
490.412,0.786802030457,0.213197969543
490.097,0.782828282828,0.217171717172
493.671,0.78391959799,0.21608040201
490.765,0.78,0.22
495.733,0.777227722772,0.222772277228
496.653,0.777227722772,0.222772277228
495.638,0.773399014778,0.226600985222
495.043,0.769607843137,0.230392156863
495.744,0.770731707317,0.229268292683
495.049,0.772946859903,0.227053140097
495.744,0.772946859903,0.227053140097
495.677,0.774038461538,0.225961538462
495.704,0.775119617225,0.224880382775
499.246,0.77619047619,0.22380952381
495.688,0.777251184834,0.222748815166
494.598,0.778301886792,0.221698113208
504.528,0.779342723005,0.220657276995
503.678,0.780373831776,0.219626168224
500.779,0.781395348837,0.218604651163
501.122,0.782407407407,0.217592592593
500.854,0.783410138249,0.216589861751
503.676,0.784403669725,0.215596330275
500.294,0.785388127854,0.214611872146
499.844,0.786363636364,0.213636363636
499.956,0.787330316742,0.212669683258
500.942,0.788288288288,0.211711711712
500.801,0.784753363229,0.215246636771
500.349,0.785714285714,0.214285714286
500.837,0.782222222222,0.217777777778
501.31,0.778761061947,0.221238938053
505.969,0.776315789474,0.223684210526
505.537,0.776315789474,0.223684210526
504.839,0.772925764192,0.227074235808
504.81,0.773913043478,0.226086956522
508.625,0.770562770563,0.229437229437
504.93,0.771551724138,0.228448275862
504.565,0.772532188841,0.227467811159
505.468,0.773504273504,0.226495726496
505.943,0.774468085106,0.225531914894
505.751,0.771186440678,0.228813559322
511.058,0.767932489451,0.232067510549
509.765,0.766666666667,0.233333333333
510.822,0.766666666667,0.233333333333
510.843,0.766666666667,0.233333333333
510.052,0.767634854772,0.232365145228
510.439,0.765432098765,0.234567901235
511.361,0.765432098765,0.234567901235
511.122,0.766393442623,0.233606557377
510.601,0.767346938776,0.232653061224
509.846,0.765182186235,0.234817813765
511.344,0.765182186235,0.234817813765
511.145,0.766129032258,0.233870967742
516.396,0.763052208835,0.236947791165
515.099,0.764,0.236
514.983,0.764940239044,0.235059760956
516.652,0.765873015873,0.234126984127
515.459,0.759842519685,0.240157480315
515.907,0.759842519685,0.240157480315
520.721,0.760784313725,0.239215686275
520.248,0.762645914397,0.237354085603
521.186,0.762645914397,0.237354085603
531.473,0.763565891473,0.236434108527
529.886,0.760617760618,0.239382239382
545.13,0.758620689655,0.241379310345
547.551,0.758620689655,0.241379310345
545.078,0.759541984733,0.240458015267
550.614,0.756653992395,0.243346007605
570.652,0.753787878788,0.246212121212
575.798,0.750943396226,0.249056603774
569.576,0.748120300752,0.251879699248
570.904,0.74531835206,0.25468164794
584.511,0.742537313433,0.257462686567
584.867,0.740740740741,0.259259259259
586.461,0.740740740741,0.259259259259
585.823,0.738007380074,0.261992619926
585.769,0.738970588235,0.261029411765
588.734,0.739926739927,0.260073260073
593.687,0.740875912409,0.259124087591
590.431,0.741818181818,0.258181818182
589.605,0.740072202166,0.259927797834
590.403,0.740072202166,0.259927797834
590.375,0.741935483871,0.258064516129
591.425,0.741935483871,0.258064516129
590.838,0.739285714286,0.260714285714
590.339,0.740213523132,0.259786476868
598.701,0.742049469965,0.257950530035
594.874,0.742049469965,0.257950530035
595.186,0.740350877193,0.259649122807
595.477,0.740350877193,0.259649122807
595.592,0.737762237762,0.262237762238
594.872,0.738675958188,0.261324041812
594.963,0.739583333333,0.260416666667
596.136,0.740484429066,0.259515570934
596.248,0.741379310345,0.258620689655
595.729,0.742268041237,0.257731958763
595.76,0.743150684932,0.256849315068
600.6,0.744027303754,0.255972696246
600.406,0.744897959184,0.255102040816
601.7,0.745762711864,0.254237288136
601.664,0.746621621622,0.253378378378
600.526,0.747474747475,0.252525252525
609.097,0.748322147651,0.251677852349
609.522,0.749163879599,0.250836120401
611.208,0.747508305648,0.252491694352
611.85,0.747508305648,0.252491694352
614.405,0.749174917492,0.250825082508
609.855,0.749174917492,0.250825082508
610.243,0.75,0.25
610.708,0.750819672131,0.249180327869
610.266,0.751633986928,0.248366013072
616.108,0.752442996743,0.247557003257
614.819,0.754045307443,0.245954692557
614.962,0.754045307443,0.245954692557
615.014,0.754838709677,0.245161290323
618.701,0.755627009646,0.244372990354
620.418,0.753993610224,0.246006389776
624.057,0.753993610224,0.246006389776
620.065,0.754777070064,0.245222929936
621.224,0.755555555556,0.244444444444
629.22,0.756329113924,0.243670886076
639.451,0.753943217666,0.246056782334
645.317,0.755485893417,0.244514106583
644.993,0.755485893417,0.244514106583
684.883,0.757763975155,0.242236024845
689.897,0.757763975155,0.242236024845
685.039,0.757763975155,0.242236024845
691.842,0.758513931889,0.241486068111
690.47,0.760736196319,0.239263803681
691.709,0.760736196319,0.239263803681
690.747,0.760736196319,0.239263803681
691.786,0.761467889908,0.238532110092
685.405,0.762195121951,0.237804878049
689.907,0.763636363636,0.236363636364
694.53,0.763636363636,0.236363636364
690.259,0.764350453172,0.235649546828
684.815,0.765060240964,0.234939759036
695.817,0.766467065868,0.233532934132
695.443,0.766467065868,0.233532934132
695.589,0.767164179104,0.232835820896
695.962,0.767857142857,0.232142857143
698.681,0.768545994065,0.231454005935
695.41,0.769911504425,0.230088495575
695.257,0.769911504425,0.230088495575
695.127,0.770588235294,0.229411764706
694.999,0.771260997067,0.228739002933
695.867,0.772594752187,0.227405247813
694.916,0.772594752187,0.227405247813
704.527,0.773913043478,0.226086956522
700.657,0.773913043478,0.226086956522
704.72,0.775216138329,0.224783861671
705.498,0.775216138329,0.224783861671
705.065,0.776504297994,0.223495702006
709.467,0.776504297994,0.223495702006
704.912,0.777777777778,0.222222222222
706.71,0.777777777778,0.222222222222
704.935,0.778409090909,0.221590909091
710.172,0.776836158192,0.223163841808
711.111,0.776836158192,0.223163841808
711.185,0.772471910112,0.227528089888
709.748,0.772471910112,0.227528089888
709.983,0.770308123249,0.229691876751
714.663,0.768156424581,0.231843575419
715.147,0.766666666667,0.233333333333
716.197,0.766666666667,0.233333333333
720.394,0.764542936288,0.235457063712
740.824,0.765840220386,0.234159779614
739.727,0.765840220386,0.234159779614
785.421,0.761643835616,0.238356164384
786.104,0.761643835616,0.238356164384
785.493,0.762295081967,0.237704918033
785.863,0.760217983651,0.239782016349
785.618,0.760869565217,0.239130434783
786.368,0.758807588076,0.241192411924
785.971,0.759459459459,0.240540540541
786.048,0.757412398922,0.242587601078
788.666,0.758064516129,0.241935483871
806.752,0.758713136729,0.241286863271
806.544,0.75935828877,0.24064171123
790.82,0.76,0.24
791.141,0.757978723404,0.242021276596
789.926,0.755968169761,0.244031830239
790.35,0.753968253968,0.246031746032
809.323,0.751978891821,0.248021108179
800.066,0.75,0.25
804.841,0.748031496063,0.251968503937
790.515,0.748691099476,0.251308900524
790.749,0.746736292428,0.253263707572
800.239,0.747395833333,0.252604166667
800.972,0.743523316062,0.256476683938
799.646,0.743523316062,0.256476683938
790.821,0.744186046512,0.255813953488
790.024,0.744845360825,0.255154639175
790.432,0.74293059126,0.25706940874
789.877,0.741025641026,0.258974358974
799.669,0.74168797954,0.25831202046
789.886,0.742346938776,0.257653061224
790.99,0.743002544529,0.256997455471
797.278,0.743654822335,0.256345177665
796.041,0.741772151899,0.258227848101
791.675,0.742424242424,0.257575757576
800.657,0.740554156171,0.259445843829
794.963,0.739348370927,0.260651629073
800.147,0.739348370927,0.260651629073
794.672,0.7375,0.2625
807.162,0.738154613466,0.261845386534
805.466,0.738805970149,0.261194029851
810.455,0.739454094293,0.260545905707
810.676,0.740099009901,0.259900990099
813.433,0.740740740741,0.259259259259
811.804,0.741379310345,0.258620689655
812.98,0.739557739558,0.260442260442
810.641,0.737745098039,0.262254901961
811.55,0.735941320293,0.264058679707
818.629,0.734146341463,0.265853658537
821.838,0.732360097324,0.267639902676
821.567,0.730582524272,0.269417475728
822.014,0.731234866828,0.268765133172
833.715,0.731884057971,0.268115942029
835.562,0.730120481928,0.269879518072
875.804,0.729016786571,0.270983213429
874.954,0.729016786571,0.270983213429
875.49,0.727272727273,0.272727272727
875.368,0.727923627685,0.272076372315
890.7,0.72619047619,0.27619047619
891.024,0.724465558195,0.275534441805
896.741,0.725118483412,0.274881516588
897.57,0.724056603774,0.275943396226
896.894,0.724056603774,0.275943396226
896.595,0.722352941176,0.277647058824
895.405,0.720657276995,0.279342723005
900.214,0.718969555035,0.281030444965
901.864,0.717948717949,0.282051282051
904.477,0.717948717949,0.282051282051
900.253,0.716279069767,0.283720930233
904.526,0.714617169374,0.285382830626
902.907,0.712962962963,0.287037037037
900.694,0.711316397229,0.288683602771
900.52,0.709677419355,0.290322580645
903.72,0.710344827586,0.289655172414
906.035,0.711009174312,0.288990825688
905.613,0.711670480549,0.288329519451
905.69,0.7100456621,0.2899543379
906.734,0.710706150342,0.289293849658
906.665,0.709750566893,0.290249433107
905.092,0.709750566893,0.290249433107
905.581,0.70814479638,0.29185520362
905.96,0.708803611738,0.291196388262
904.844,0.709459459459,0.290540540541
905.549,0.707865168539,0.292134831461
904.754,0.708520179372,0.291479820628
906.42,0.709172259508,0.290827740492
906.631,0.707589285714,0.292410714286
906.094,0.708240534521,0.291759465479
906.979,0.708888888889,0.291111111111
906.851,0.707317073171,0.292682926829
911.799,0.705752212389,0.294247787611
913.847,0.704194260486,0.295805739514
910.661,0.703296703297,0.296703296703
912.885,0.703296703297,0.296703296703
916.599,0.702407002188,0.297592997812
916.025,0.702407002188,0.297592997812
917.254,0.700873362445,0.299126637555
915.557,0.701525054466,0.298474945534
922.76,0.7,0.3
920.452,0.69696969697,0.30303030303
921.077,0.69696969697,0.30303030303
920.511,0.697624190065,0.302375809935
924.911,0.696120689655,0.303879310345
934.846,0.694623655914,0.305376344086
954.685,0.693790149893,0.306209850107
956.444,0.693790149893,0.306209850107
970.502,0.692963752665,0.307036247335
971.863,0.692963752665,0.307036247335
976.106,0.691489361702,0.308510638298
976.823,0.692796610169,0.307203389831
974.82,0.692796610169,0.307203389831
981.668,0.693446088795,0.306553911205
989.003,0.691983122363,0.308016877637
994.251,0.693277310924,0.306722689076
991.267,0.693277310924,0.306722689076
991.705,0.69392033543,0.30607966457
991.653,0.694560669456,0.305439330544
990.728,0.695198329854,0.304801670146
1000.477,0.69375,0.30625
999.976,0.694386694387,0.305613305613
999.917,0.695652173913,0.304347826087
1000.996,0.695652173913,0.304347826087
996.549,0.694214876033,0.305785123967
1000.494,0.694845360825,0.305154639175
1001.581,0.694045174538,0.305954825462
1001.734,0.694045174538,0.305954825462
1000.84,0.691206543967,0.308793456033
994.916,0.691206543967,0.308793456033
998.629,0.690427698574,0.309572301426
999.383,0.690427698574,0.309572301426
1001.84,0.689655172414,0.310344827586
1000.536,0.689655172414,0.310344827586
997.495,0.688259109312,0.311740890688
1005.977,0.6875,0.3125
1009.468,0.6875,0.3125
1010.348,0.688128772636,0.311871227364
1016.658,0.686746987952,0.313253012048
1018.104,0.688,0.312
1026.478,0.688,0.312
1045.705,0.686626746507,0.313373253493
1061.703,0.685258964143,0.314741035857
1066.125,0.685884691849,0.314115308151
1071.112,0.683168316832,0.316831683168
1069.824,0.683168316832,0.316831683168
1075.818,0.681818181818,0.318181818182
1080.209,0.679133858268,0.320866141732
1080.308,0.679133858268,0.320866141732
1081.319,0.678431372549,0.321568627451
1081.883,0.678431372549,0.321568627451
1081.401,0.679060665362,0.320939334638
1095.33,0.676413255361,0.323586744639
1095.438,0.676413255361,0.323586744639
1094.552,0.677042801556,0.322957198444
1094.27,0.67572815534,0.32427184466
1096.209,0.674418604651,0.325581395349
1095.491,0.673114119923,0.326885880077
1094.542,0.671814671815,0.328185328185
1100.252,0.671153846154,0.328846153846
1100.764,0.671153846154,0.328846153846
1113.849,0.671785028791,0.328214971209
1116.652,0.672413793103,0.327586206897
1118.764,0.673040152964,0.326959847036
1117.3,0.671755725191,0.328244274809
1114.943,0.672380952381,0.327619047619
1120.107,0.673624288425,0.326375711575
1120.214,0.673624288425,0.326375711575
1120.734,0.674242424242,0.325757575758
1126.037,0.674858223062,0.325141776938
1155.445,0.675471698113,0.324528301887
1170.879,0.676082862524,0.323917137476
1174.364,0.676691729323,0.323308270677
1183.711,0.677298311445,0.322701688555
1191.471,0.677902621723,0.322097378277
1192.023,0.678504672897,0.321495327103
1191.049,0.679702048417,0.320297951583
1192.616,0.679702048417,0.320297951583
1191.967,0.68029739777,0.31970260223
1190.173,0.680890538033,0.319109461967
1199.253,0.681481481481,0.318518518519
1195.742,0.682070240296,0.317929759704
1197.566,0.680811808118,0.319188191882
1195.699,0.681399631676,0.318600368324
1196.682,0.681985294118,0.318014705882
1194.886,0.68315018315,0.31684981685
1196.4,0.68315018315,0.31684981685
1203.891,0.683729433272,0.316270566728
1199.882,0.684306569343,0.315693430657
1201.582,0.685454545455,0.314545454545
1203.747,0.685454545455,0.314545454545
1204.797,0.686025408348,0.313974591652
1206.487,0.686594202899,0.313405797101
1205.107,0.687160940325,0.312839059675
1205.374,0.687725631769,0.312274368231
1205.056,0.688288288288,0.311711711712
1206.891,0.688848920863,0.311151079137
1208.641,0.689407540395,0.310592459605
1209.801,0.689964157706,0.310035842294
1210.227,0.691071428571,0.308928571429
1209.647,0.691071428571,0.308928571429
1216.787,0.692170818505,0.307829181495
1218.899,0.692170818505,0.307829181495
1218.403,0.692717584369,0.307282415631
1215.012,0.693262411348,0.306737588652
1215.145,0.693805309735,0.306194690265
1223.851,0.694346289753,0.305653710247
1226.831,0.695422535211,0.304577464789
1227.021,0.695422535211,0.304577464789
1241.704,0.695957820738,0.304042179262
1244.699,0.69649122807,0.30350877193
1260.718,0.697552447552,0.302447552448
1260.427,0.697552447552,0.302447552448
1274.907,0.698606271777,0.301393728223
1279.535,0.698606271777,0.301393728223
1279.226,0.699130434783,0.300869565217
1280.397,0.699652777778,0.300347222222
1280.336,0.700173310225,0.299826689775
1280.483,0.700692041522,0.299307958478
1279.591,0.701208981002,0.298791018998
1279.816,0.701724137931,0.298275862069
1280.776,0.702237521515,0.297762478485
1288.761,0.703259005146,0.296740994854
1286.263,0.703259005146,0.296740994854
1285.879,0.703767123288,0.296232876712
1285.669,0.704273504274,0.295726495726
1290.512,0.703071672355,0.296928327645
1289.998,0.703577512777,0.296422487223
1295.478,0.701188455008,0.298811544992
1298.659,0.701188455008,0.298811544992
1296.512,0.7,0.3
1294.749,0.698815566836,0.301184433164
1296.75,0.697635135135,0.302364864865
1294.759,0.696458684654,0.303541315346
1294.898,0.69696969697,0.30303030303
1300.393,0.695798319328,0.304201680672
1299.695,0.695652173913,0.304347826087
1301.903,0.695652173913,0.304347826087
1303.676,0.695652173913,0.304347826087
1302.251,0.696160267112,0.303839732888
1300.365,0.696666666667,0.303333333333
1299.79,0.697171381032,0.302828618968
1299.892,0.697674418605,0.302325581395
1303.729,0.698175787728,0.301824212272
1299.837,0.698675496689,0.301324503311
1305.751,0.699173553719,0.300826446281
1308.826,0.698517298188,0.301482701812
1308.521,0.698517298188,0.301482701812
1306.475,0.697368421053,0.302631578947
1305.734,0.697865353038,0.302134646962
1305.794,0.698360655738,0.301639344262
1307.547,0.698854337152,0.301145662848
1307.654,0.699346405229,0.300653594771
1309.538,0.699836867863,0.300163132137
1311.035,0.69918699187,0.30081300813
1310.302,0.69918699187,0.30081300813
1311.56,0.699675324675,0.300324675325
1310.059,0.698541329011,0.301458670989
1310.326,0.697899838449,0.302100161551
1312.683,0.697899838449,0.302100161551
1309.996,0.696774193548,0.303225806452
1310.665,0.695652173913,0.304347826087
1313.765,0.694533762058,0.305466237942
1310.646,0.69341894061,0.30658105939
1312.159,0.692307692308,0.307692307692
1315.79,0.6912,0.3088
1315.453,0.68949044586,0.31050955414
1318.933,0.68949044586,0.31050955414
1315.176,0.68949044586,0.31050955414
1316.711,0.68839427663,0.31160572337
1321.907,0.688888888889,0.311111111111
1323.314,0.689873417722,0.310126582278
1319.669,0.689873417722,0.310126582278
1326.669,0.6887835703,0.3112164297
1326.877,0.688188976378,0.311811023622
1328.004,0.688188976378,0.311811023622
1330.733,0.688679245283,0.311320754717
1340.803,0.68759811617,0.31240188383
1336.565,0.688087774295,0.311912225705
1338.947,0.687010954617,0.312989045383
1354.579,0.687987519501,0.312012480499
1355.168,0.687987519501,0.312012480499
1370.503,0.688473520249,0.311526479751
1360.939,0.688958009331,0.311041990669
1370.81,0.689440993789,0.310559006211
1370.319,0.68992248062,0.31007751938
1376.892,0.689335394127,0.310664605873
1375.843,0.689335394127,0.310664605873
1377.636,0.689814814815,0.310185185185
1375.34,0.68875192604,0.31124807396
1375.798,0.687692307692,0.312307692308
1375.812,0.6866359447,0.3133640553
1375.694,0.685582822086,0.314417177914
1379.763,0.68501529052,0.31498470948
1380.66,0.68501529052,0.31498470948
1380.367,0.683969465649,0.316030534351
1381.686,0.684451219512,0.315548780488
1381.5,0.683409436834,0.316590563166
1384.732,0.682370820669,0.317629179331
1393.665,0.682852807284,0.317147192716
1394.225,0.683333333333,0.316666666667
1393.827,0.682299546142,0.317700453858
1389.632,0.681268882175,0.318731117825
1395.883,0.680722891566,0.319277108434
1395.541,0.680722891566,0.319277108434
1396.165,0.681681681682,0.318318318318
1394.872,0.681681681682,0.318318318318
1395.957,0.68215892054,0.31784107946
1401.372,0.683109118087,0.316890881913
1400.463,0.683109118087,0.316890881913
1400.472,0.684053651267,0.315946348733
1402.419,0.684053651267,0.315946348733
1400.808,0.684523809524,0.315476190476
1399.783,0.685459940653,0.314540059347
1400.9,0.685459940653,0.314540059347
1400.738,0.684444444444,0.315555555556
1400.813,0.684911242604,0.315088757396
1403.851,0.685376661743,0.314623338257
1400.375,0.685840707965,0.314159292035
1403.388,0.686303387334,0.313696612666
1405.47,0.686764705882,0.313235294118
1405.71,0.687224669604,0.312775330396
1405.138,0.687683284457,0.312316715543
1405.33,0.686676427526,0.313323572474
1408.587,0.68567251462,0.31432748538
1407.034,0.684671532847,0.315328467153
1407.084,0.683673469388,0.316326530612
1410.683,0.682678311499,0.317321688501
1414.875,0.681686046512,0.318313953488
1415.18,0.68115942029,0.31884057971
1415.606,0.68115942029,0.31884057971
1414.846,0.681620839363,0.318379160637
1422.912,0.68063583815,0.31936416185
1420.528,0.679653679654,0.320346320346
1420.703,0.680115273775,0.319884726225
1445.854,0.680575539568,0.319424460432
1445.089,0.680057388809,0.319942611191
1444.806,0.680057388809,0.319942611191
1451.624,0.679083094556,0.320916905444
1465.651,0.679542203147,0.320457796853
1465.749,0.680456490728,0.319543509272
1466.431,0.679487179487,0.320512820513
1465.323,0.679487179487,0.320512820513
1467.957,0.679943100996,0.320056899004
1470.882,0.68085106383,0.31914893617
1471.464,0.68085106383,0.31914893617
1475.359,0.679886685552,0.320113314448
1475.84,0.680339462518,0.319660537482
1476.653,0.680790960452,0.319209039548
1476.041,0.681241184767,0.318758815233
1485.34,0.681690140845,0.318309859155
1485.608,0.682137834037,0.317862165963
1484.861,0.683029453015,0.316970546985
1485.517,0.683029453015,0.316970546985
1486.86,0.683473389356,0.316526610644
1482.671,0.683916083916,0.316083916084
1490.468,0.684357541899,0.315642458101
1490.197,0.683844011142,0.316155988858
1490.449,0.683844011142,0.316155988858
1490.744,0.684283727399,0.315716272601
1494.335,0.683333333333,0.316666666667
1495.621,0.684210526316,0.315789473684
1495.712,0.684210526316,0.315789473684
1495.731,0.682320441989,0.317679558011
1495.546,0.682320441989,0.317679558011
1496.075,0.679504814305,0.320495185695
1495.687,0.679504814305,0.320495185695
1496.434,0.679504814305,0.320495185695
1495.453,0.678571428571,0.321428571429
1495.86,0.678082191781,0.321917808219
1495.786,0.678082191781,0.321917808219
1500.785,0.677154582763,0.322845417237
1501.476,0.677595628415,0.322404371585
1501.431,0.678035470668,0.321964529332
1500.431,0.677111716621,0.322888283379
1500.735,0.677551020408,0.322448979592
1500.07,0.67842605156,0.32157394844
1501.75,0.67842605156,0.32157394844
1501.134,0.677506775068,0.322493224932
1500.759,0.676589986468,0.323410013532
1505.757,0.677027027027,0.322972972973
1510.453,0.677462887989,0.322537112011
1510.121,0.676985195155,0.323014804845
1509.556,0.676985195155,0.323014804845
1523.526,0.677419354839,0.322580645161
1541.475,0.679194630872,0.322147651007
1541.098,0.678284182306,0.321715817694
1559.394,0.678714859438,0.321285140562
1560.349,0.679144385027,0.320855614973
1559.61,0.6782376502,0.3217623498
1564.427,0.677333333333,0.322666666667
1560.503,0.67776298269,0.32223701731
1565.669,0.678191489362,0.321808510638
1565.63,0.678618857902,0.321381142098
1565.057,0.679045092838,0.320954907162
1566.281,0.679470198675,0.320529801325
1579.49,0.679894179894,0.320105820106
1580.313,0.68073878628,0.31926121372
1580.457,0.68073878628,0.31926121372
1580.176,0.68115942029,0.31884057971
1580.751,0.681578947368,0.318421052632
1579.786,0.681997371879,0.318002628121
1585.616,0.682414698163,0.317585301837
1585.046,0.683246073298,0.316753926702
1584.605,0.683246073298,0.316753926702
1589.984,0.683660130719,0.316339869281
1590.484,0.68407310705,0.31592689295
1591.433,0.683181225554,0.316818774446
1595.066,0.68359375,0.31640625
1595.628,0.68400520156,0.31599479844
1594.957,0.684415584416,0.315584415584
1595.473,0.684824902724,0.315175097276
1595.164,0.685233160622,0.314766839378
1603.82,0.685640362225,0.314359637775
1600.842,0.686046511628,0.313953488372
1604.307,0.686451612903,0.313548387097
1606.685,0.687258687259,0.312741312741
1616.232,0.687258687259,0.312741312741
1639.222,0.68766066838,0.31233933162
1640.219,0.688061617458,0.311938382542
1645.457,0.688461538462,0.311538461538
1654.488,0.68925831202,0.31074168798
1654.363,0.68925831202,0.31074168798
1656.844,0.689655172414,0.310344827586
1654.582,0.690051020408,0.309948979592
1655.692,0.689171974522,0.310828025478
1654.594,0.688295165394,0.311704834606
1663.669,0.687420584498,0.312579415502
1669.165,0.68654822335,0.31345177665
1670.768,0.685678073511,0.314321926489
1669.569,0.685208596713,0.314791403287
1670.501,0.685208596713,0.314791403287
1675.103,0.68474148802,0.31525851198
1675.366,0.68474148802,0.31525851198
1675.88,0.683879093199,0.316120906801
1676.078,0.68427672956,0.31572327044
1680.411,0.682559598494,0.317440401506
1681.879,0.682559598494,0.317440401506
1684.497,0.682957393484,0.317042606516
1685.69,0.683354192741,0.316645807259
1686.322,0.68375,0.31625
1691.515,0.684538653367,0.315461346633
1690.55,0.684538653367,0.315461346633
1690.013,0.685323383085,0.314676616915
1690.713,0.685323383085,0.314676616915
1690.066,0.685714285714,0.314285714286
1703.796,0.686493184634,0.313506815366
1701.722,0.686493184634,0.313506815366
1700.571,0.686032138443,0.313967861557
1701.528,0.686032138443,0.313967861557
1702.58,0.686806411837,0.313193588163
1703.881,0.686806411837,0.313193588163
1700.581,0.687192118227,0.312807881773
1697.646,0.687576875769,0.312423124231
1706.443,0.686732186732,0.313267813268
1716.577,0.686274509804,0.313725490196
1722.541,0.686274509804,0.313725490196
1713.819,0.685819070905,0.314180929095
1721.503,0.685819070905,0.314180929095
1710.441,0.684531059683,0.315468940317
1712.669,0.684531059683,0.315468940317
1716.524,0.684531059683,0.315468940317
1710.974,0.683698296837,0.316301703163
1716.218,0.682038834951,0.317961165049
1718.937,0.682038834951,0.317961165049
1722.543,0.681212121212,0.318787878788
1716.807,0.680387409201,0.319612590799
1720.019,0.679564691657,0.320435308343
1716.476,0.679951690821,0.320048309179
1717.119,0.680337756333,0.319662243667
1725.583,0.680722891566,0.319277108434
1725.187,0.68110709988,0.31889290012
1733.422,0.680288461538,0.319711538462
1729.96,0.679471788715,0.320528211285
1734.522,0.679856115108,0.320143884892
1738.667,0.680239520958,0.319760479042
1740.198,0.680622009569,0.319377990431
1740.426,0.680190930788,0.319809069212
1744.169,0.680190930788,0.319809069212
1745.84,0.679380214541,0.320619785459
1745.857,0.680142687277,0.319857312723
1747.556,0.680142687277,0.319857312723
1758.728,0.680522565321,0.319477434679
1765.758,0.680901542112,0.319098457888
1765.106,0.68009478673,0.31990521327
1768.676,0.680473372781,0.319526627219
1776.463,0.68085106383,0.31914893617
1775.264,0.681227863046,0.318772136954
1779.292,0.681603773585,0.318396226415
1783.146,0.682352941176,0.317647058824
1782.551,0.682352941176,0.317647058824
1779.837,0.682726204465,0.317273795535
1780.828,0.683098591549,0.316901408451
1781.486,0.68347010551,0.31652989449
1779.804,0.684210526316,0.315789473684
1780.07,0.684210526316,0.315789473684
1782.006,0.684579439252,0.315420560748
1781.524,0.684947491249,0.315052508751
1786.181,0.685314685315,0.314685314685
1786.886,0.685681024447,0.314318975553
1787.501,0.68488372093,0.31511627907
1788.833,0.684088269454,0.315911730546
1790.454,0.683294663573,0.316705336427
1789.829,0.681712962963,0.318287037037
1791.04,0.681712962963,0.318287037037
1791.818,0.680507497116,0.319492502884
1790.366,0.680507497116,0.319492502884
1790.892,0.680507497116,0.319492502884
1793.733,0.679723502304,0.320276497696
1795.917,0.680092059839,0.319907940161
1799.049,0.679310344828,0.320689655172
1802.636,0.678530424799,0.321469575201
1809.275,0.678899082569,0.321100917431
1806.788,0.678121420389,0.321878579611
1810.429,0.677345537757,0.322654462243
1810.818,0.676940639269,0.323059360731
1813.831,0.676940639269,0.323059360731
1810.126,0.676168757127,0.323831242873
1811.769,0.675398633257,0.324601366743
1813.602,0.675767918089,0.324232081911
1813.887,0.676136363636,0.323863636364
1818.976,0.676503972758,0.323496027242
1815.539,0.676870748299,0.323129251701
1815.487,0.677236693092,0.322763306908
1816.553,0.677601809955,0.322398190045
1816.676,0.677966101695,0.322033898305
1821.436,0.678329571106,0.321670428894
1820.141,0.67869222097,0.32130777903
1826.016,0.679415073116,0.320584926884
1824.955,0.679415073116,0.320584926884
1828.831,0.679775280899,0.320224719101
1830.119,0.680134680135,0.319865319865
1834.341,0.68085106383,0.31914893617
1830.552,0.68085106383,0.31914893617
1836.53,0.681208053691,0.318791946309
1844.761,0.68156424581,0.31843575419
1850.299,0.681919642857,0.318080357143
1855.872,0.682628062361,0.317371937639
1856.617,0.682628062361,0.317371937639
1854.964,0.6829810901,0.3170189099
1864.803,0.683684794673,0.316315205327
1864.833,0.683684794673,0.316315205327
1869.336,0.684035476718,0.315964523282
1865.355,0.68438538206,0.31561461794
1870.376,0.685082872928,0.314917127072
1870.58,0.685082872928,0.314917127072
1870.811,0.685430463576,0.314569536424
1869.958,0.685777287762,0.314222712238
1869.826,0.685022026432,0.314977973568
1870.763,0.684268426843,0.315731573157
1870.868,0.683516483516,0.316483516484
1875.382,0.68386388584,0.31613611416
1874.749,0.683114035088,0.316885964912
1876.666,0.682365826944,0.317634173056
1881.409,0.681967213115,0.318032786885
1881.551,0.681967213115,0.318032786885
1885.59,0.6826608506,0.3173391494
1885.756,0.6826608506,0.3173391494
1894.436,0.683006535948,0.316993464052
1895.442,0.683351468988,0.316648531012
1900.135,0.683297180043,0.316702819957
1902.584,0.683297180043,0.316702819957
1899.948,0.683297180043,0.316702819957
1901.688,0.68255687974,0.31744312026
1901.616,0.683243243243,0.316756756757
1900.68,0.683243243243,0.316756756757
1901.115,0.683585313175,0.316414686825
1901.503,0.68284789644,0.31715210356
1901.314,0.683530678149,0.316469321851
1900.209,0.683530678149,0.316469321851
1907.538,0.683870967742,0.316129032258
1904.793,0.684210526316,0.315789473684
1905.791,0.683815648446,0.316184351554
1906.648,0.683815648446,0.316184351554
1905.236,0.68449197861,0.31550802139
1904.759,0.68449197861,0.31550802139
1906.622,0.684829059829,0.315170940171
1907.512,0.685165421558,0.314834578442
1906.026,0.685501066098,0.314498933902
1904.755,0.68583599574,0.31416400426
1911.666,0.686170212766,0.313829787234
1909.882,0.686503719447,0.313496280553
1914.826,0.6875,0.3125
1914.635,0.6875,0.3125
1916.267,0.6875,0.3125
1915.624,0.687830687831,0.312169312169
1924.307,0.688489968321,0.311510031679
1919.762,0.688489968321,0.311510031679
1920.404,0.688818565401,0.311181434599
1920.863,0.689146469968,0.310853530032
1940.357,0.689473684211,0.310526315789
1949.475,0.69012605042,0.30987394958
1945.882,0.69012605042,0.30987394958
1950.842,0.690775681342,0.309224318658
1950.56,0.690775681342,0.309224318658
1961.095,0.691422594142,0.308577405858
1960.359,0.691422594142,0.308577405858
1959.567,0.691745036573,0.308254963427
1960.429,0.692066805846,0.307933194154
1964.328,0.692387904067,0.307612095933
1965.827,0.693347193347,0.306652806653
1964.586,0.693347193347,0.306652806653
1965.954,0.693347193347,0.306652806653
1964.889,0.693665628245,0.306334371755
1970.386,0.694300518135,0.305699481865
1970.227,0.694300518135,0.305699481865
1975.452,0.694616977226,0.305383022774
1981.737,0.694932781799,0.305067218201
1979.617,0.695247933884,0.304752066116
1985.107,0.695562435501,0.304437564499
1990.757,0.69587628866,0.30412371134
1995.229,0.695473251029,0.304526748971
1999.211,0.695473251029,0.304526748971
1994.82,0.696098562628,0.303901437372
1996.677,0.696098562628,0.303901437372
1994.932,0.696721311475,0.303278688525
1995.765,0.696721311475,0.303278688525
1995.438,0.695296523517,0.304703476483
1999.266,0.695296523517,0.304703476483
1995.176,0.695918367347,0.304081632653
1994.878,0.695918367347,0.304081632653
2000.784,0.696537678208,0.303462321792
2001.512,0.696537678208,0.303462321792
1999.807,0.697154471545,0.302845528455
2000.355,0.697154471545,0.302845528455
1999.84,0.697461928934,0.302538071066
2000.468,0.697768762677,0.302231237323
2000.351,0.698074974671,0.301925025329
2005.928,0.698380566802,0.301619433198
2004.616,0.69868554095,0.30131445905
2010.419,0.699293642785,0.300706357215
2010.822,0.699293642785,0.300706357215
2010.739,0.699596774194,0.300403225806
2010.583,0.699899295065,0.300100704935
2015.4,0.700201207243,0.299798792757
2015.758,0.700502512563,0.299497487437
2015.408,0.700803212851,0.299196787149
2015.561,0.70110330993,0.29889669007
2034.451,0.701701701702,0.298298298298
2030.668,0.701701701702,0.298298298298
2035.996,0.702,0.298
2041.515,0.702297702298,0.297702297702
2040.871,0.702594810379,0.297405189621
2048.726,0.702891326022,0.297108673978
2050.123,0.70219123506,0.29780876494
2050.108,0.701492537313,0.298507462687
2054.52,0.701789264414,0.298210735586
2055.861,0.699702675917,0.300297324083
2056.5,0.699702675917,0.300297324083
2055.748,0.699702675917,0.300297324083
2055.958,0.69900990099,0.30099009901
2055.17,0.699307616222,0.300692383778
2060.135,0.699604743083,0.300395256917
2062.545,0.698914116486,0.301085883514
2060.811,0.697536945813,0.302463054187
2060.303,0.697536945813,0.302463054187
2068.891,0.69616519174,0.30383480826
2065.773,0.69616519174,0.30383480826
2077.635,0.696761530913,0.303238469087
2081.43,0.696761530913,0.303238469087
2074.064,0.696078431373,0.303921568627
2074.476,0.696376101861,0.303623898139
2076.598,0.69696969697,0.30303030303
2082.5,0.69696969697,0.30303030303
2082.633,0.69756097561,0.30243902439
2071.087,0.69756097561,0.30243902439
2070.892,0.697855750487,0.302144249513
2086.557,0.697470817121,0.302529182879
2088.133,0.697470817121,0.302529182879
2086.185,0.697764820214,0.302235179786
2086.291,0.698058252427,0.301941747573
2085.15,0.697381183317,0.302618816683
2091.457,0.697674418605,0.302325581395
2089.852,0.697967086157,0.302032913843
2090.876,0.698259187621,0.301740812379
2090.666,0.698841698842,0.301158301158
2089.666,0.698167791707,0.301832208293
2091.386,0.698167791707,0.301832208293
2089.722,0.698458574181,0.301541425819
2090.909,0.69874879692,0.30125120308
2090.662,0.699038461538,0.300961538462
2090.683,0.699327569645,0.300672430355
2089.612,0.699616122841,0.300383877159
2093.775,0.699904122723,0.300095877277
2095.447,0.700191570881,0.299808429119
2100.936,0.6995215311,0.3004784689
2106.956,0.699140401146,0.300859598854
2105.157,0.698473282443,0.301526717557
2105.304,0.698473282443,0.301526717557
2100.822,0.697142857143,0.302857142857
2106.621,0.697142857143,0.302857142857
2105.872,0.697431018078,0.302568981922
2100.674,0.696768060837,0.303231939163
2101.412,0.696106362773,0.303893637227
2112.273,0.695445920304,0.304554079696
2116.893,0.696022727273,0.303977272727
2116.501,0.696022727273,0.303977272727
2124.331,0.695364238411,0.304635761589
2120.036,0.695939565628,0.304060434372
2122.718,0.696883852691,0.304060434372
2119.907,0.696226415094,0.303773584906
2122.412,0.696512723845,0.303487276155
2120.418,0.697083725306,0.302916274694
2123.66,0.697083725306,0.302916274694
2129.292,0.697368421053,0.302631578947
2134.759,0.697282099344,0.302717900656
2129.675,0.697282099344,0.302717900656
2134.92,0.697282099344,0.302717900656
2138.103,0.698130841121,0.301869158879
2130.621,0.698130841121,0.301869158879
2124.856,0.698130841121,0.301869158879
2127.224,0.698412698413,0.301587301587
2125.938,0.698694029851,0.301305970149
2140.312,0.698974836906,0.301025163094
2145.091,0.699255121043,0.300744878957
2146.069,0.699534883721,0.300465116279
2149.778,0.700092850511,0.299907149489
2151.759,0.700092850511,0.299907149489
2169.207,0.700371057514,0.299628942486
2169.5,0.700925925926,0.299074074074
2169.243,0.700925925926,0.299074074074
2170.881,0.701202590194,0.298797409806
2170.858,0.700831024931,0.299168975069
2171.74,0.70110701107,0.29889298893
2170.586,0.70110701107,0.29889298893
2171.922,0.701382488479,0.298617511521
2170.414,0.701657458564,0.298342541436
2175.567,0.701931922723,0.298068077277
2178.825,0.702479338843,0.297520661157
2179.234,0.702479338843,0.297520661157
2175.127,0.702752293578,0.297247706422
2175.233,0.703024747938,0.296975252062
2181.217,0.703568161025,0.296431838975
2180.99,0.703568161025,0.296431838975
2184.701,0.704109589041,0.295890410959
2180.416,0.704109589041,0.295890410959
2180.786,0.704649042844,0.295350957156
2181.023,0.704649042844,0.295350957156
2180.412,0.704918032787,0.295081967213
2185.421,0.705186533212,0.294813466788
2183.748,0.705454545455,0.294545454545
2184.777,0.705722070845,0.294277929155
2194.527,0.705081669691,0.294918330309
2193.755,0.705349048051,0.294650951949
2194.055,0.705615942029,0.294384057971
2197.588,0.706148282098,0.293851717902
2195.651,0.706413730804,0.293586269196
2195.785,0.706413730804,0.293586269196
2197.234,0.706678700361,0.293321299639
2198.072,0.706943192065,0.293056807935
2196.416,0.707207207207,0.292792792793
2198.955,0.707470747075,0.292529252925
2205.051,0.70773381295,0.29226618705
2204.871,0.70799640611,0.29200359389
2204.628,0.708258527828,0.291741472172
2207.317,0.708520179372,0.291479820628
2209.433,0.708781362007,0.291218637993
2209.269,0.709042076992,0.290957923008
2211.636,0.709562109026,0.290437890974
2209.69,0.709562109026,0.290437890974
2211.813,0.709821428571,0.290178571429
2212.618,0.710080285459,0.289919714541
2209.97,0.710338680927,0.289661319073
2217.563,0.710596616207,0.289403383793
2215.434,0.709333333333,0.290666666667
2216.667,0.709333333333,0.290666666667
2220.349,0.709591474245,0.290408525755
2228.795,0.708961845608,0.291038154392
2230.474,0.708333333333,0.291666666667
2230.355,0.708222811671,0.291777188329
2229.562,0.708222811671,0.291777188329
2230.53,0.708222811671,0.291777188329
2232.032,0.707855251545,0.292144748455
2230.323,0.707855251545,0.292144748455
2229.822,0.70811287478,0.29188712522
2234.644,0.707488986784,0.292511013216
2245.774,0.706866197183,0.293133802817
2240.08,0.705882352941,0.294117647059
2239.752,0.705882352941,0.294117647059
2244.76,0.705882352941,0.294117647059
2260.336,0.706397896582,0.293602103418
2260.054,0.706397896582,0.293602103418
2260.381,0.706654991243,0.293345008757
2265.668,0.706550218341,0.293449781659
2265.595,0.706550218341,0.293449781659
2264.974,0.707423580786,0.293449781659
2264.868,0.706806282723,0.293193717277
2266.002,0.70706190061,0.29293809939
2264.858,0.707317073171,0.292682926829
2264.592,0.707571801567,0.292428198433
2264.611,0.707826086957,0.292173913043
2264.735,0.708079930495,0.291920069505
2264.821,0.708333333333,0.291666666667
2277.621,0.708586296618,0.291413703382
2279.338,0.707972270364,0.292027729636
2279.305,0.708225108225,0.291774891775
2276.344,0.708477508651,0.291522491349
2276.957,0.708729472774,0.291270527226
2280.096,0.708981001727,0.291018998273
2280.805,0.709482758621,0.290517241379
2281.827,0.709482758621,0.290517241379
2281.816,0.709982788296,0.290017211704
2279.647,0.709982788296,0.290017211704
2282.92,0.710232158212,0.289767841788
2281.823,0.710977701544,0.289022298456
2280.661,0.710977701544,0.289022298456
2279.829,0.710977701544,0.289022298456
2280.373,0.711225364182,0.288774635818
2287.239,0.71147260274,0.28852739726
2285.523,0.710863986313,0.289136013687
2285.454,0.711111111111,0.288888888889
2289.459,0.710503842869,0.289496157131
2290.834,0.710997442455,0.289002557545
2290.569,0.710997442455,0.289002557545
2290.572,0.711243611584,0.288756388416
2290.618,0.711489361702,0.288510638298
2290.528,0.711734693878,0.288265306122
2290.423,0.711979609176,0.288020390824
2306.744,0.712224108659,0.287775891341
2299.253,0.712955122777,0.287044877223
2299.413,0.712955122777,0.287044877223
2305.921,0.712955122777,0.287044877223
2295.102,0.713440405748,0.286559594252
2299.46,0.713440405748,0.286559594252
2306.17,0.713682432432,0.286317567568
2300.607,0.713080168776,0.286919831224
2308.541,0.713322091062,0.286677908938
2299.624,0.713563605729,0.286436394271
2307.333,0.713804713805,0.286195286195
2306.262,0.714045416316,0.285954583684
2300.809,0.714285714286,0.285714285714
2295.903,0.714525608732,0.285474391268
2295.768,0.714765100671,0.285234899329
2313.401,0.715004191115,0.284995808885
2310.151,0.715242881072,0.284757118928
2320.666,0.715481171548,0.284518828452
2320.837,0.715719063545,0.284280936455
2320.861,0.715956558062,0.284043441938
2325.813,0.716193656093,0.283806343907
2340.751,0.716430358632,0.283569641368
2350.285,0.716902581182,0.283097418818
2349.825,0.716902581182,0.283097418818
2350.24,0.717138103161,0.282861896839
2369.837,0.717373233583,0.282626766417
2355.499,0.717607973422,0.282392026578
2364.466,0.71807628524,0.28192371476
2354.675,0.71807628524,0.28192371476
2354.781,0.718543046358,0.281456953642
2364.267,0.718775847808,0.281224152192
2355.521,0.718775847808,0.281224152192
2364.231,0.719008264463,0.280991735537
2355.527,0.719240297275,0.280759702725
2365.286,0.718646864686,0.281353135314
2355.867,0.718054410552,0.281945589448
2355.469,0.717462932455,0.282537067545
2358.723,0.716872427984,0.283127572016
2360.812,0.716282894737,0.283717105263
2374.505,0.71569433032,0.28430566968
2376.426,0.715106732348,0.284893267652
2379.531,0.714168714169,0.285831285831
2376.089,0.714168714169,0.285831285831
2379.545,0.714168714169,0.285831285831
2374.912,0.714402618658,0.285597381342
2375.466,0.71381847915,0.28618152085
2375.425,0.714052287582,0.285947712418
2376.382,0.713469387755,0.286530612245
2376.085,0.713703099511,0.286296900489
2380.673,0.714169381107,0.285830618893
2379.826,0.714169381107,0.285830618893
2380.66,0.714401952807,0.285598047193
2381.923,0.714634146341,0.285365853659
2381.863,0.714053614947,0.285946385053
2380.734,0.713474025974,0.286525974026
2380.7,0.712895377129,0.287104622871
2400.595,0.712317666126,0.287682333874
2400.131,0.711740890688,0.288259109312
2400.708,0.711165048544,0.288834951456
2400.779,0.710016155089,0.289983844911
2400.22,0.710016155089,0.289983844911
2400.729,0.710250201776,0.289749798224
2401.006,0.709677419355,0.290322580645
2404.494,0.709911361805,0.290088638195
2401.081,0.709339774557,0.290660225443
2405.011,0.708769106999,0.291230893001
2410.416,0.70843373494,0.29156626506
2405.468,0.708667736758,0.291332263242
2406.526,0.708667736758,0.291332263242
2404.989,0.708901363272,0.291098636728
2404.91,0.709134615385,0.290865384615
2411.51,0.709367493995,0.290632506005
2404.952,0.7096,0.2904
2405.141,0.709832134293,0.290167865707
2405.619,0.710295291301,0.289704708699
2410.7,0.710295291301,0.289704708699
2405.066,0.710526315789,0.289473684211
2406.826,0.710756972112,0.289243027888
2431.457,0.710191082803,0.289808917197
2436.372,0.710421638823,0.289578361177
2440.034,0.710651828299,0.289348171701
2440.364,0.710881652105,0.289118347895
2440.161,0.710317460317,0.289682539683
2455.431,0.709984152139,0.290015847861
2455.318,0.709984152139,0.290015847861
2462.614,0.710213776722,0.289786223278
2460.483,0.710671936759,0.289328063241
2462.152,0.710671936759,0.289328063241
2463.641,0.710900473934,0.289099526066
2463.747,0.711128650355,0.288871349645
2464.547,0.711356466877,0.288643533123
2461.181,0.71158392435,0.28841607565
2464.571,0.712490180676,0.287509819324
2465.791,0.712490180676,0.287509819324
2467.789,0.712490180676,0.287509819324
2465.565,0.712490180676,0.287509819324
2465.226,0.712715855573,0.287284144427
2465.092,0.712382445141,0.287617554859
2466.155,0.712382445141,0.287617554859
2465.413,0.712607674236,0.287392325764
2467.564,0.712832550861,0.287167449139
2474.534,0.71328125,0.28671875
2471.227,0.71328125,0.28671875
2470.531,0.713505074161,0.286494925839
2469.622,0.712948517941,0.287051482059
2470.573,0.713172252533,0.286827747467
2470.527,0.713395638629,0.286604361371
2474.713,0.713618677043,0.286381322957
2476.662,0.713841368585,0.286158631415
2476.185,0.714285714286,0.285714285714
2475.817,0.714285714286,0.285714285714
2479.778,0.714507370054,0.285492629946
2489.384,0.714728682171,0.285271317829
2490.372,0.714949651433,0.285050348567
2492.427,0.715170278638,0.284829721362
2490.36,0.715390564578,0.284609435422
2496.067,0.715610510046,0.284389489954
2505.671,0.71583011583,0.28416988417
2507.808,0.716268311488,0.283731688512
2507.675,0.716268311488,0.283731688512
2506.093,0.716486902928,0.283513097072
2510.792,0.716923076923,0.283076923077
2510.367,0.716923076923,0.283076923077
2512.451,0.71714066103,0.28285933897
2514.204,0.717357910906,0.282642089094
2514.517,0.717574827322,0.282425172678
2514.226,0.716475095785,0.283524904215
2514.466,0.716475095785,0.283524904215
2516.915,0.715378729916,0.284621270084
2519.407,0.715596330275,0.284403669725
2516.085,0.715596330275,0.284403669725
2514.584,0.715049656226,0.284950343774
2515.027,0.714503816794,0.285496183206
2514.583,0.713958810069,0.286041189931
2515.287,0.713414634146,0.286585365854
2515.948,0.713632901752,0.286367098248
2529.335,0.714068441065,0.285931558935
2529.229,0.714068441065,0.285931558935
2534.316,0.713525835866,0.286474164134
2535.018,0.713960546282,0.286039453718
2535.929,0.713960546282,0.286039453718
2549.489,0.713419257013,0.286580742987
2554.287,0.712878787879,0.287121212121
2559.869,0.712339137017,0.287660862983
2559.788,0.711800302572,0.288199697428
2558.707,0.711262282691,0.288737717309
2554.377,0.710725075529,0.289274924471
2554.479,0.709871891485,0.290128108515
2559.523,0.709871891485,0.290128108515
2561.145,0.709871891485,0.290128108515
2554.749,0.709337349398,0.290662650602
2554.837,0.709022556391,0.290977443609
2564.537,0.709022556391,0.290977443609
2560.417,0.709241172051,0.290758827949
2560.35,0.708708708709,0.291291291291
2559.237,0.707865168539,0.292134831461
2554.983,0.707865168539,0.292134831461
2555.346,0.707865168539,0.292134831461
2564.533,0.707335329341,0.292664670659
2565.123,0.707554225879,0.292445774121
2565.809,0.707244212099,0.292755787901
2565.416,0.707244212099,0.292755787901
2574.523,0.70671641791,0.29328358209
2576.777,0.706935123043,0.293064876957
2575.688,0.707153502235,0.292846497765
2575.839,0.707371556217,0.292628443783
2575.442,0.707589285714,0.292410714286
2576.847,0.70780669145,0.29219330855
2579.575,0.708023774146,0.291976225854
2585.376,0.708456973294,0.291543026706
2585.739,0.708456973294,0.291543026706
2590.39,0.708673091179,0.291326908821
2590.859,0.708888888889,0.291111111111
2599.425,0.709319526627,0.290680473373
2599.437,0.709319526627,0.290680473373
2599.911,0.709534368071,0.290465631929
2600.9,0.709748892171,0.290251107829
2600.416,0.709963099631,0.290036900369
2604.87,0.71017699115,0.28982300885
2608.653,0.710390567428,0.289609432572
2605.95,0.710603829161,0.289396170839
2606.658,0.710080941869,0.289919058131
2605.378,0.710294117647,0.289705882353
2615.206,0.710719530103,0.289280469897
2615.447,0.710719530103,0.289280469897
2619.9,0.711143695015,0.288856304985
2636.117,0.711143695015,0.288856304985
2631.014,0.711355311355,0.288644688645
2634.017,0.711566617862,0.288433382138
2630.716,0.711777615216,0.288222384784
2639.038,0.711988304094,0.288011695906
2636.173,0.712408759124,0.287591240876
2620.428,0.712408759124,0.287591240876
2622.045,0.712827988338,0.287172011662
2635.966,0.712827988338,0.287172011662
2620.394,0.713037144938,0.286962855062
2645.974,0.712,0.288
2645.29,0.712,0.288
2651.968,0.712209302326,0.287790697674
2659.245,0.711692084241,0.288307915759
2660.72,0.711385061639,0.288614938361
2661.43,0.711385061639,0.288614938361
2660.789,0.711078928313,0.288921071687
2660.354,0.711078928313,0.288921071687
2660.182,0.710564399421,0.289435600579
2669.533,0.710260115607,0.289739884393
2669.536,0.710260115607,0.289739884393
2669.778,0.710469314079,0.289530685921
2670.386,0.710886806056,0.289113193944
2670.661,0.710886806056,0.289113193944
2670.626,0.711095100865,0.288904899135
2674.988,0.711303095752,0.288696904248
2680.225,0.710280373832,0.289719626168
2681.46,0.710280373832,0.289719626168
2684.236,0.710488505747,0.289511494253
2685.394,0.71018651363,0.28981348637
2685.921,0.71018651363,0.28981348637
2690.108,0.710808876163,0.289191123837
2690.096,0.710808876163,0.289191123837
2694.357,0.710808876163,0.289191123837
2691.573,0.711015736767,0.288984263233
2696.203,0.710507505361,0.289492494639
2695.687,0.710920770878,0.289079229122
2695.42,0.710920770878,0.289079229122
2700.866,0.711126961484,0.288873038516
2700.382,0.711743772242,0.288256227758
2699.849,0.711743772242,0.288256227758
2701.012,0.711743772242,0.288256227758
2706.25,0.712153518124,0.287846481876
2704.947,0.712153518124,0.287846481876
2704.701,0.712357954545,0.287642045455
2735.185,0.712765957447,0.287234042553
2735.724,0.712765957447,0.287234042553
2734.744,0.712969525159,0.287030474841
2735.493,0.713172804533,0.286827195467
2734.6,0.713375796178,0.286624203822
2735.034,0.713578500707,0.286421499293
2735.26,0.713780918728,0.286219081272
2735.034,0.714386459803,0.285613540197
2735.241,0.714386459803,0.285613540197
2734.525,0.714386459803,0.285613540197
2744.711,0.714587737844,0.285412262156
2738.664,0.714788732394,0.285211267606
2755.458,0.715189873418,0.284810126582
2755.203,0.715189873418,0.284810126582
2762.62,0.714687280394,0.285312719606
2761.112,0.714887640449,0.285112359551
2763.945,0.714385964912,0.285614035088
2764.528,0.713884992987,0.286115007013
2760.394,0.713384723196,0.286615276804
2765.769,0.712885154062,0.287114845938
2765.746,0.711888111888,0.288111888112
2766.881,0.711888111888,0.288111888112
2767.565,0.711390635919,0.288609364081
2770.594,0.710397766923,0.289602233077
2769.698,0.710397766923,0.289602233077
2774.907,0.710104529617,0.289895470383
2779.524,0.710104529617,0.289895470383
2784.495,0.709610027855,0.290389972145
2781.107,0.709116214335,0.291579679889
2784.483,0.708130646282,0.291869353718
2780.459,0.708130646282,0.291869353718
2781.626,0.708333333333,0.291666666667
2780.305,0.707841776544,0.292158223456
2794.27,0.708044382802,0.291955617198
2785.028,0.707553707554,0.292446292446
2785.748,0.707958477509,0.292041522491
2785.762,0.707958477509,0.292041522491
2789.548,0.706004140787,0.293995859213
2785.411,0.706004140787,0.293995859213
2790.006,0.706004140787,0.293995859213
2788.117,0.706004140787,0.293995859213
2786.564,0.705517241379,0.294482758621
2786.53,0.705031013094,0.294968986906
2795.928,0.70523415978,0.29476584022
2795.445,0.704748795595,0.295251204405
2795.231,0.704264099037,0.295735900963
2800.02,0.704467353952,0.295532646048
2799.681,0.70467032967,0.29532967033
2800.805,0.704186684969,0.295813315031
2806.238,0.703627652293,0.296372347707
2805.431,0.703627652293,0.296372347707
2805.701,0.703627652293,0.296372347707
2806.649,0.703627652293,0.296372347707
2805.156,0.703146374829,0.296853625171
2806.925,0.703349282297,0.296650717703
2806.569,0.702868852459,0.297131147541
2810.654,0.703274215553,0.296725784447
2812.602,0.703274215553,0.296725784447
2839.35,0.703678474114,0.296321525886
2839.496,0.703678474114,0.296321525886
2836.138,0.703880190606,0.296119809394
2839.271,0.703401360544,0.296598639456
2839.355,0.703602991162,0.296397008838
2839.76,0.703804347826,0.296195652174
2840.626,0.70420624152,0.29579375848
2840.767,0.70420624152,0.29579375848
2839.606,0.704406779661,0.295593220339
2840.113,0.703929539295,0.296070460705
2839.816,0.703452945159,0.296547054841
2839.775,0.70297699594,0.29702300406
2840.025,0.702501690331,0.297498309669
2845.371,0.702027027027,0.297972972973
2850.698,0.701079622132,0.298920377868
2855.123,0.701079622132,0.298920377868
2849.774,0.70060687795,0.29939312205
2861.54,0.700134770889,0.299865229111
2869.48,0.700336700337,0.299663299663
2871.309,0.700538358008,0.299461641992
2874.338,0.700739744452,0.299260255548
2871.24,0.700268817204,0.299731182796
2884.263,0.699798522498,0.300201477502
2884.461,0.69932885906,0.30067114094
2900.062,0.698391420912,0.301608579088
2895.384,0.698391420912,0.301608579088
2895.887,0.698593436035,0.301406563965
2900.785,0.69812583668,0.30187416332
2890.077,0.697658862876,0.302341137124
2888.629,0.696726786907,0.303273213093
2886.778,0.696726786907,0.303273213093
2886.792,0.696261682243,0.303738317757
2899.926,0.69646430954,0.30353569046
2919.182,0.696,0.304
2923.169,0.696202531646,0.303797468354
2920.026,0.695941450432,0.304058549568
2920.801,0.695941450432,0.304058549568
2919.987,0.695478723404,0.304521276596
2920.8,0.695016611296,0.304983388704
2920.775,0.695219123506,0.304780876494
2925.661,0.695623342175,0.304376657825
2929.541,0.695623342175,0.304376657825
2929.932,0.695825049702,0.304174950298
2930.461,0.696026490066,0.303973509934
2930.144,0.696227663799,0.303772336201
2934.55,0.695767195767,0.304232804233
2939.215,0.695508586526,0.304491413474
2935.756,0.695508586526,0.304491413474
2935.365,0.695709570957,0.304290429043
2936.388,0.695910290237,0.304089709763
2953.59,0.696110744891,0.303889255109
2959.275,0.696310935441,0.303689064559
2960.087,0.695852534562,0.304147465438
2966.091,0.695137976347,0.304862023653
2963.929,0.695137976347,0.304862023653
2966.01,0.695137976347,0.304862023653
2959.916,0.694881889764,0.305118110236
2978.917,0.694881889764,0.305118110236
2959.857,0.694426229508,0.305573770492
2966.686,0.693971166448,0.306028833552
2960.571,0.693717277487,0.306282722513
2959.919,0.693717277487,0.306282722513
2966.344,0.693263570961,0.306736429039
2967.484,0.693464052288,0.306535947712
2960.659,0.693664271718,0.306335728282
2965.127,0.69341161122,0.30658838878
2965.037,0.69341161122,0.30658838878
2972.55,0.693611473272,0.306388526728
2970.75,0.693811074919,0.306188925081
2997.017,0.693359375,0.306640625
2995.917,0.693558880937,0.306441119063
3012.912,0.693758127438,0.306241872562
3015.5,0.69395711501,0.30604288499
3014.853,0.694155844156,0.305844155844
3016.422,0.693705386113,0.306294613887
3020.448,0.694102397926,0.305897602074
3019.977,0.694102397926,0.305897602074
3024.642,0.694300518135,0.305699481865
3025.202,0.694498381877,0.305501618123
3029.351,0.694246929541,0.305753070459
3024.895,0.694246929541,0.305753070459
3030.303,0.694641704325,0.305358295675
3031.86,0.694641704325,0.305358295675
3039.878,0.694838709677,0.305161290323
3044.916,0.695035460993,0.304964539007
3052.168,0.695231958763,0.304768041237
3051.512,0.695428203477,0.304571796523
3067.542,0.695624195624,0.304375804376
3064.741,0.695819935691,0.304180064309
3065.865,0.696210661529,0.303789338471
3066.111,0.696210661529,0.303789338471
3065.392,0.696405648267,0.303594351733
3069.914,0.696600384862,0.303399615138
3070.579,0.696989109545,0.303010890455
3070.896,0.697183098592,0.302816901408
3070.592,0.697183098592,0.302816901408
3070.211,0.697376839411,0.302623160589
3070.821,0.697570332481,0.302429667519
3071.78,0.697763578275,0.302236421725
3075.75,0.697956577267,0.302043422733
3085.435,0.697511167837,0.302488832163
3086.704,0.697896749522,0.302103250478
3086.59,0.697896749522,0.302103250478
3090.882,0.697452229299,0.302547770701
3101.744,0.697644812222,0.302355187778
3100.647,0.697837150127,0.302162849873
3104.754,0.698221092757,0.301778907243
3105.922,0.698221092757,0.301778907243
3109.702,0.698604060914,0.301395939086
3114.416,0.698604060914,0.301395939086
3109.76,0.698795180723,0.301204819277
3115.123,0.698986058302,0.301013941698
3119.535,0.69917669411,0.30082330589
3115.434,0.699367088608,0.300632911392
3120.856,0.698924731183,0.301075268817
3130.547,0.698673404927,0.301326595073
3134.699,0.698673404927,0.301326595073
3140.802,0.698863636364,0.301136363636
3139.329,0.69905362776,0.30094637224
3154.327,0.69943289225,0.30056710775
3154.52,0.69943289225,0.30056710775
3155.398,0.698992443325,0.301007556675
3155.875,0.699181875393,0.300818124607
3154.888,0.699560025141,0.300439974859
3159.203,0.699560025141,0.300439974859
3160.67,0.699937225361,0.300062774639
3159.802,0.700125470514,0.299874529486
3160.683,0.700125470514,0.299874529486
3160.735,0.700313479624,0.299686520376
3160.132,0.700501253133,0.299498746867
3160.66,0.700688791484,0.299311208516
3167.301,0.701063164478,0.298936835522
3166.423,0.701063164478,0.298936835522
3166.037,0.70125,0.29875
3172.499,0.701622971286,0.298377028714
3170.745,0.701622971286,0.298377028714
3172.522,0.701809107923,0.298190892077
3174.414,0.701995012469,0.298004987531
3173.135,0.702180685358,0.297819314642
3174.367,0.702366127024,0.297633872976
3169.767,0.702551337897,0.297448662103
3172.246,0.702736318408,0.297263681592
3176.318,0.702921068987,0.297078931013
3175.554,0.70248447205,0.29751552795
3179.843,0.702048417132,0.297951582868
3185.948,0.701797892126,0.298202107874
3189.199,0.70136307311,0.29863692689
3189.211,0.70136307311,0.29863692689
3186.907,0.701547987616,0.298452012384
3186.676,0.701113861386,0.298886138614
3189.964,0.701050030883,0.298949969117
3189.56,0.701050030883,0.298949969117
3190.148,0.701050030883,0.298949969117
3192.545,0.701050030883,0.298949969117
3193.698,0.700185070944,0.299814929056
3194.036,0.700185070944,0.299814929056
3193.664,0.699753390875,0.300246609125
3195.765,0.700123152709,0.299876847291
3195.216,0.700123152709,0.299876847291
3195.818,0.69987699877,0.30012300123
3195.716,0.69987699877,0.30012300123
3204.25,0.700061462815,0.299938537185
3201.495,0.700245700246,0.299754299754
3200.441,0.700429711479,0.299570288521
3208.987,0.700183936235,0.299816063765
3205.205,0.700183936235,0.299816063765
3207.558,0.699754901961,0.300245098039
3205.806,0.699938763013,0.300061236987
3209.123,0.699510403917,0.300489596083
3211.726,0.699877750611,0.300122249389
3211.779,0.699877750611,0.300122249389
3209.784,0.700244200244,0.299755799756
3211.918,0.700244200244,0.299755799756
3209.872,0.700427089689,0.299572910311
3244.443,0.700609756098,0.299390243902
3244.28,0.700182815356,0.299817184644
3244.428,0.700365408039,0.299634591961
3249.453,0.699939135727,0.300060864273
3244.767,0.699513381995,0.300486618005
3245.323,0.699088145897,0.300911854103
3246.038,0.698663426488,0.301336573512
3245.997,0.698239222829,0.301760777171
3245.847,0.697815533981,0.302184466019
3254.485,0.697998787144,0.302001212856
3250.435,0.697758933979,0.302241066021
3251.593,0.697758933979,0.302241066021
3255.296,0.697097944377,0.302902055623
3259.386,0.697097944377,0.302902055623
3257.551,0.697097944377,0.302902055623
3256.672,0.697280966767,0.302719033233
3256.685,0.697463768116,0.302536231884
3256.346,0.697042848521,0.302957151479
3254.596,0.697408077155,0.302591922845
3255.996,0.697408077155,0.302591922845
3255.469,0.696987951807,0.303012048193
3264.253,0.696933253157,0.303066746843
3266.366,0.697534576067,0.303066746843
3260.048,0.697115384615,0.302884615385
3269.22,0.697115384615,0.302884615385
3259.949,0.696878751501,0.303121248499
3260.591,0.696878751501,0.303121248499
3260.333,0.697060587882,0.302939412118
3259.93,0.697242206235,0.302757793765
3267.734,0.69742360695,0.30257639305
3270.699,0.697604790419,0.302395209581
3270.141,0.697785757032,0.302214242968
3270.218,0.697966507177,0.302033492823
3270.475,0.698147041243,0.301852958757
3270.742,0.698327359618,0.301672640382
3270.405,0.698507462687,0.301492537313
3284.454,0.698687350835,0.301312649165
3276.781,0.698867024448,0.301132975552
3289.161,0.699046483909,0.300953516091
3285.161,0.699225729601,0.300774270399
3285.791,0.699583581202,0.300416418798
3285.217,0.699583581202,0.300416418798
3291.439,0.699940582294,0.300059417706
3289.839,0.699940582294,0.300059417706
3293.851,0.700118764846,0.299881235154
3291.459,0.700296735905,0.299703264095
3291.473,0.700474495848,0.299525504152
3291.386,0.70065204505,0.29934795495
3290.799,0.700829383886,0.299170616114
3296.299,0.701006512729,0.298993487271
3295.039,0.700945626478,0.299054373522
3295.607,0.700945626478,0.299054373522
3295.761,0.700945626478,0.299054373522
3301.427,0.701298701299,0.298701298701
3299.975,0.701474926254,0.298525073746
3299.984,0.701474926254,0.298525073746
3305.272,0.701650943396,0.298349056604
3304.944,0.701826753094,0.298173246906
3306.679,0.702002355713,0.297997644287
3306.704,0.702177751619,0.297822248381
3306.009,0.702352941176,0.297647058824
3305.78,0.70252792475,0.29747207525
3310.084,0.702702702703,0.297297297297
3324.088,0.702877275396,0.297122724604
3327.553,0.703051643192,0.296948356808
3325.669,0.703225806452,0.296774193548
3324.678,0.703399765533,0.296600234467
3335.114,0.7037470726,0.2962529274
3334.619,0.7037470726,0.2962529274
3341.95,0.704093567251,0.295906432749
3341.08,0.704093567251,0.295906432749
3346.022,0.704784130688,0.295215869312
3344.899,0.704784130688,0.295215869312
3346.035,0.704784130688,0.295215869312
3346.073,0.704784130688,0.295215869312
3345.176,0.704956268222,0.295043731778
3345.871,0.705299941759,0.294700058241
3345.79,0.705299941759,0.294700058241
3359.329,0.705471478463,0.294528521537
3359.307,0.70564281559,0.29435718441
3360.394,0.70540383498,0.29459616502
3360.361,0.70540383498,0.29459616502
3359.882,0.704994192799,0.295005807201
3359.951,0.704585026117,0.295414973883
3359.612,0.704176334107,0.295823665893
3360.379,0.7033603708,0.2966396292
3360.778,0.7033603708,0.2966396292
3360.832,0.702953097858,0.297046902142
3360.492,0.703125,0.296875
3360.309,0.703296703297,0.296703296703
3360.754,0.70289017341,0.29710982659
3365.73,0.702655889145,0.297344110855
3364.852,0.702655889145,0.297344110855
3364.793,0.702422145329,0.297577854671
3364.635,0.702422145329,0.297577854671
3371.025,0.702764976959,0.297235023041
3370.427,0.702764976959,0.297235023041
3371.994,0.702936096718,0.297063903282
3372.204,0.703107019563,0.296892980437
3369.751,0.703277745831,0.296722254169
3375.243,0.703618609994,0.296381390006
3375.012,0.703618609994,0.296381390006
3384.402,0.70395869191,0.29604130809
3379.913,0.70395869191,0.29604130809
3384.549,0.704701834862,0.295871559633
3380.066,0.704297994269,0.295702005731
3379.822,0.704467353952,0.295532646048
3380.578,0.704233409611,0.295766590389
3384.349,0.704233409611,0.295766590389
3385.453,0.704571428571,0.295428571429
3385.541,0.704571428571,0.295428571429
3385.555,0.704740148487,0.295259851513
3385.861,0.704908675799,0.295091324201
3390.113,0.705245153934,0.294754846066
3394.39,0.705245153934,0.294754846066
3394.648,0.705580865604,0.294419134396
3399.368,0.705580865604,0.294419134396
3394.799,0.705179282869,0.294820717131
3390.823,0.705514496873,0.294485503127
3390.775,0.705514496873,0.294485503127
3400.855,0.70528109029,0.29471890971
3400.94,0.70528109029,0.29471890971
3402.261,0.704880817253,0.295119182747
3399.705,0.704480998298,0.295519001702
3400.726,0.704081632653,0.295918367347
3400.842,0.704249291785,0.295750708215
3404.835,0.704416761042,0.295583238958
3414.753,0.703619909502,0.296380090498
3419.226,0.703619909502,0.296380090498
3420.025,0.703787450537,0.296777840588
3419.865,0.702992659514,0.297007340486
3421.103,0.702992659514,0.297007340486
3429.501,0.70316027088,0.29683972912
3430.032,0.702931228861,0.297068771139
3434.328,0.702931228861,0.297068771139
3439.321,0.702702702703,0.297297297297
3434.693,0.702702702703,0.297297297297
3435.151,0.702307259426,0.297692740574
3439.393,0.702474690664,0.297525309336
3440.025,0.702808988764,0.297191011236
3441.191,0.702808988764,0.297191011236
3441.492,0.703142536476,0.296857463524
3440.464,0.703142536476,0.296857463524
3440.477,0.703309029725,0.296690970275
3449.498,0.703475336323,0.296524663677
3450.422,0.703641456583,0.296358543417
3455.398,0.703186137507,0.296813862493
3460.086,0.703186137507,0.296813862493
3464.429,0.703186137507,0.296813862493
3460.018,0.703186137507,0.296813862493
3456.724,0.70351758794,0.29648241206
3455.158,0.70351758794,0.29648241206
3464.962,0.703290574456,0.296709425544
3465.575,0.703455964326,0.296544035674
3469.343,0.703455964326,0.296544035674
3464.976,0.703064066852,0.296935933148
3465.348,0.703229398664,0.296770601336
3465.217,0.703394546466,0.296605453534
3464.819,0.703003337041,0.296996662959
3470.465,0.702222222222,0.297777777778
3469.696,0.702222222222,0.297777777778
3469.747,0.701442841287,0.298557158713
3474.516,0.701442841287,0.298557158713
3475.764,0.701053799224,0.298946200776
3475.288,0.70027700831,0.29972299169
3475.459,0.70027700831,0.29972299169
3475.442,0.700442967885,0.299557032115
3475.445,0.700055340343,0.299944659657
3485.483,0.700552486188,0.299447513812
3485.256,0.700552486188,0.299447513812
3485.431,0.700552486188,0.299447513812
3485.42,0.70071783545,0.29928216455
3489.787,0.700883002208,0.299116997792
3490.734,0.701212789416,0.298787210584
3494.445,0.701212789416,0.298787210584
3489.835,0.701377410468,0.298622589532
3491.657,0.700991189427,0.299008810573
3496.092,0.701320132013,0.298679867987
3495.374,0.701320132013,0.298679867987
3510.082,0.701098901099,0.298901098901
3514.295,0.701098901099,0.298901098901
3519.815,0.700713893465,0.299286106535
3525.547,0.700878155873,0.299121844127
3529.269,0.700493691717,0.299506308283
3526.775,0.700657894737,0.299342105263
3524.554,0.700821917808,0.299178082192
3530.082,0.701149425287,0.298850574713
3530.133,0.700765864333,0.299234135667
3529.731,0.700765864333,0.299234135667
3529.718,0.700382722799,0.299617277201
3536.597,0.699617695248,0.300382304752
3534.954,0.699617695248,0.300382304752
3540.326,0.69923580786,0.30076419214
3555.901,0.699346405229,0.300653594771
3559.169,0.699346405229,0.300653594771
3554.747,0.699346405229,0.300653594771
3554.975,0.699346405229,0.300653594771
3555.092,0.698965704954,0.301034295046
3560.352,0.698749320283,0.301250679717
3560.132,0.698749320283,0.301250679717
3560.418,0.698913043478,0.301086956522
3561.041,0.69907658881,0.30092341119
3570.183,0.699239956569,0.300760043431
3579.489,0.699403147043,0.300596852957
3579.208,0.699023861171,0.300976138829
3580.224,0.69864498645,0.30135501355
3580.172,0.698429886302,0.301570113698
3579.655,0.698429886302,0.301570113698
3584.337,0.698051948052,0.301948051948
3584.507,0.698215251487,0.301784748513
3584.459,0.698378378378,0.301621621622
3584.559,0.698164146868,0.301835853132
3584.636,0.698164146868,0.301835853132
3589.326,0.698327037237,0.301672962763
3590.837,0.697950377562,0.302049622438
3591.436,0.698113207547,0.301886792453
3593.429,0.697737068966,0.302262931034
3599.029,0.698062432723,0.301937567277
3594.707,0.698062432723,0.301937567277
3595.108,0.698224852071,0.301775147929
3595.777,0.698387096774,0.301612903226
3600.451,0.698174006445,0.301825993555
3599.952,0.698174006445,0.301825993555
3599.918,0.698336017177,0.301663982823
3605.755,0.698497854077,0.301502145923
3610.505,0.698821007503,0.301178992497
3612.239,0.698821007503,0.301178992497
3614.022,0.698982324585,0.301017675415
3621.708,0.699143468951,0.300856531049
3619.967,0.699304440877,0.300695559123
3619.776,0.699465240642,0.300534759358
3625.755,0.699786324786,0.300213675214
3624.892,0.699786324786,0.300213675214
3650.743,0.699039487727,0.300960512273
3649.776,0.699039487727,0.300960512273
3650.067,0.6992,0.3008
3651.545,0.698827292111,0.301172707889
3652.232,0.698454981353,0.301545018647
3652.191,0.698243746674,0.301756253326
3650.688,0.698243746674,0.301756253326
3650.971,0.697872340426,0.302127659574
3651.897,0.698032961191,0.301967038809
3654.883,0.698353690919,0.301646309081
3654.831,0.698353690919,0.301646309081
3657.787,0.697983014862,0.302016985138
3656.913,0.698143236074,0.301856763926
3655.052,0.698303287381,0.301696712619
3665.186,0.697933227345,0.302066772655
3665.258,0.698412698413,0.301587301587
3668.941,0.698412698413,0.301587301587
3659.887,0.698412698413,0.301587301587
3661.081,0.698731501057,0.301268498943
3665.032,0.698731501057,0.301268498943
3666.234,0.698521647307,0.301478352693
3661.112,0.698521647307,0.301478352693
3675.021,0.698998418556,0.301001581444
3675.13,0.698998418556,0.301001581444
3679.901,0.698998418556,0.301001581444
3679.518,0.699157007376,0.300842992624
3674.943,0.699315429173,0.300684570827
3688.66,0.699473684211,0.300526315789
3684.928,0.699631772751,0.300368227249
3690.892,0.699789695058,0.300210304942
3694.447,0.699947451393,0.300052548607
3689.894,0.700105042017,0.299894957983
3691.398,0.700262467192,0.299737532808
3695.611,0.699895068206,0.300104931794
3705.21,0.699161425577,0.300838574423
3705.529,0.699161425577,0.300838574423
3702.741,0.698795180723,0.301204819277
3700.817,0.698429319372,0.301570680628
3705.382,0.698063840921,0.301936159079
3709.75,0.69769874477,0.30230125523
3710.84,0.698014629049,0.301985370951
3713.111,0.698014629049,0.301985370951
3730.84,0.697807933194,0.302192066806
3729.565,0.697807933194,0.302192066806
3744.549,0.697601668405,0.302398331595
3740.23,0.697601668405,0.302398331595
3744.614,0.696875,0.303125
3745.422,0.696875,0.303125
3745.735,0.696670135276,0.303329864724
3745.909,0.696670135276,0.303329864724
3744.733,0.696827873115,0.303172126885
3754.56,0.696780893043,0.303219106957
3754.955,0.696780893043,0.303219106957
3755.741,0.696780893043,0.303219106957
3760.016,0.697095435685,0.302904564315
3759.559,0.697095435685,0.302904564315
3760.038,0.696734059098,0.303265940902
3766.004,0.697048161574,0.302951838426
3765.829,0.697048161574,0.302951838426
3764.842,0.697204968944,0.302795031056
3769.509,0.696844283497,0.303155716503
3765.643,0.697001034126,0.302998965874
3769.517,0.697157622739,0.302842377261
3765.867,0.697314049587,0.303202479339
3766.972,0.696954052659,0.303045947341
3767.026,0.697110423117,0.302889576883
3767.507,0.697266632285,0.302733367715
3769.653,0.697063369397,0.302936630603
3770.005,0.697063369397,0.302936630603
3769.684,0.697219361483,0.302780638517
3770.29,0.697375193001,0.302624806999
3769.568,0.697530864198,0.302469135802
3774.948,0.697172236504,0.302827763496
3775.997,0.697327852004,0.302672147996
3779.48,0.69696969697,0.30303030303
3781.565,0.69641025641,0.30358974359
3780.433,0.69641025641,0.30358974359
3779.903,0.69641025641,0.30358974359
3785.571,0.69656586366,0.30343413634
3800.573,0.696209016393,0.303790983607
3799.708,0.695852534562,0.304147465438
3801.513,0.696008188332,0.303991811668
3807.049,0.696319018405,0.303680981595
3805.461,0.696319018405,0.303680981595
3808.779,0.696629213483,0.303370786517
3805.922,0.696629213483,0.303370786517
3819.495,0.696784073507,0.303215926493
3820.575,0.69693877551,0.30306122449
3825.026,0.697093319735,0.302906680265
3829.254,0.696738022426,0.303261977574
3825.557,0.696537678208,0.303462321792
3826.903,0.696537678208,0.303462321792
3835.802,0.696337741607,0.303662258393
3836.789,0.696337741607,0.303662258393
3839.591,0.695983731571,0.304016268429
3840.794,0.696138211382,0.303861788618
3840.291,0.696292534281,0.303707465719
3844.843,0.696600710299,0.303399289701
3845.332,0.696600710299,0.303399289701
3853.79,0.696908261531,0.303091738469
3854.154,0.696908261531,0.303091738469
3854.311,0.697215189873,0.302784810127
3849.995,0.697215189873,0.302784810127
3851.085,0.697368421053,0.302631578947
3854.336,0.697521497218,0.302478502782
3854.292,0.697168857432,0.302831142568
3856.502,0.697627460878,0.302372539122
3859.247,0.697627460878,0.302372539122
3855.092,0.697627460878,0.302372539122
3859.522,0.697780020182,0.302219979818
3854.997,0.697932425618,0.302067574382
3860.886,0.698236775819,0.301763224181
3861.074,0.698236775819,0.301763224181
3860.122,0.697885196375,0.302114803625
3869.342,0.69753397081,0.30246602919
3869.063,0.6976861167,0.3023138833
3869.327,0.697838109603,0.302161890397
3868.92,0.697487437186,0.302512562814
3865.791,0.697137117027,0.302862882973
3874.412,0.69643753136,0.30356246864
3870.668,0.69643753136,0.30356246864
3876.108,0.696240601504,0.303759398496
3875.969,0.696240601504,0.303759398496
3881.594,0.696544817226,0.303455182774
3879.879,0.696544817226,0.303455182774
3880.947,0.696151924038,0.303848075962
3876.049,0.696151924038,0.303848075962
3879.414,0.696151924038,0.303848075962
3880.933,0.696151924038,0.303848075962
3889.29,0.696303696304,0.303696303696
3897.851,0.696455317024,0.303544682976
3904.451,0.696107784431,0.303892215569
3909.451,0.69591226321,0.30408773679
3904.636,0.69591226321,0.30408773679
3905.179,0.695717131474,0.304282868526
3906.952,0.695717131474,0.304282868526
3910.886,0.695370831259,0.304629168741
3919.791,0.694679264048,0.305320735952
3924.531,0.694679264048,0.305320735952
3925.276,0.694831013917,0.305168986083
3925.213,0.694982613015,0.305017386985
3931.051,0.695134061569,0.304865938431
3935.15,0.694595934556,0.305404065444
3939.526,0.694595934556,0.305404065444
3936.8,0.694595934556,0.305404065444
3935.935,0.69425173439,0.30574826561
3935.948,0.694403169886,0.306092124814
3935.069,0.694059405941,0.305940594059
3944.527,0.693867457962,0.306132542038
3942.427,0.693867457962,0.306132542038
3939.664,0.693524468611,0.306475531389
3939.89,0.693181818182,0.306818181818
3944.427,0.692839506173,0.307160493827
3944.792,0.693142575234,0.306857424766
3949.465,0.693142575234,0.306857424766
3945.814,0.693293885602,0.306706114398
3948.974,0.693445046821,0.306554953179
3945.1,0.693103448276,0.306896551724
3944.705,0.692762186115,0.307237813885
3945.802,0.692421259843,0.307578740157
3950.016,0.692572552878,0.307427447122
3949.753,0.692534381139,0.307465618861
3950.755,0.692534381139,0.307465618861
3950.993,0.692534381139,0.307465618861
3950.036,0.692194403535,0.307805596465
3954.846,0.691515448749,0.308484551251
3954.968,0.691515448749,0.308484551251
3964.068,0.691817736404,0.308182263596
3960.784,0.691817736404,0.308182263596
3965.84,0.691968658178,0.308031341822
3971.824,0.692119432208,0.307880567792
3969.625,0.691931540342,0.308068459658
3970.119,0.691931540342,0.308068459658
3975.025,0.691593352884,0.308406647116
3976.382,0.691255495848,0.308744504152
3975.353,0.69091796875,0.30908203125
3984.107,0.690580771108,0.309419228892
3985.712,0.690882496343,0.309117503657
3989.235,0.690882496343,0.309117503657
3984.877,0.690545808967,0.309454191033
3989.424,0.690696541646,0.309303458354
3990.055,0.690847127556,0.309152872444
3997.031,0.690661478599,0.309338521401
3998.11,0.690661478599,0.309338521401
3999.848,0.690476190476,0.309523809524
4000.122,0.690476190476,0.309523809524
4005.871,0.690626517727,0.309373482273
4020.125,0.690291262136,0.309708737864
4020.062,0.690441533236,0.309558466764
4025.493,0.690591658584,0.309408341416
4030.163,0.690741638391,0.309258361609
4029.811,0.690891472868,0.309108527132
4034.963,0.691041162228,0.308958837772
4040.323,0.690856313498,0.309143686502
4040.388,0.690856313498,0.309143686502
4039.971,0.691155147414,0.308844852586
4039.892,0.691155147414,0.308844852586
4044.358,0.690821256039,0.309178743961
4046.012,0.69111969112,0.30888030888
4045.749,0.69111969112,0.30888030888
4054.243,0.691268692716,0.308731307284
4056.937,0.691233140655,0.308766859345
4057.739,0.691233140655,0.308766859345
4055.076,0.691233140655,0.308766859345
4056.967,0.691381800674,0.308618199326
4055.428,0.691530317613,0.308469682387
4057.165,0.691826923077,0.308173076923
4056.926,0.691826923077,0.308173076923
4059.918,0.692122958694,0.307877041306
4062.522,0.692122958694,0.307877041306
4066.086,0.69179068651,0.30820931349
4066.6,0.691606714628,0.308393285372
4065.374,0.691606714628,0.308393285372
4070.829,0.691754554171,0.308245445829
4079.906,0.691902252036,0.308097747964
4079.79,0.692197223552,0.307802776448
4090.322,0.692197223552,0.307802776448
4085.129,0.692344497608,0.307655502392
4079.615,0.692491630799,0.307508369201
4094.582,0.692638623327,0.307361376673
4099.732,0.692932187202,0.307067812798
4100.604,0.692932187202,0.307067812798
4105.552,0.69322519084,0.30677480916
4108.995,0.69322519084,0.30677480916
4109.801,0.69304099142,0.30695900858
4114.466,0.69304099142,0.30695900858
4115.046,0.693187232015,0.306812767985
4111.172,0.693333333333,0.306666666667
4110.353,0.693003331747,0.306996668253
4119.584,0.692673644148,0.307326355852
4125.012,0.69234427009,0.30765572991
4125.807,0.692015209125,0.307984790875
4130.227,0.691358024691,0.308641975309
4133.666,0.691029900332,0.308970099668
4129.673,0.691029900332,0.308970099668
4129.859,0.691176470588,0.308823529412
4130.961,0.691322901849,0.308677098151
4144.435,0.690995260664,0.309004739336
4145.786,0.690014197823,0.309985802177
4146.22,0.690014197823,0.309985802177
4149.33,0.690014197823,0.309985802177
4149.312,0.690160832545,0.309839167455
4149.497,0.689834515366,0.310165484634
4149.39,0.689981096408,0.310018903592
4150.219,0.690273843248,0.309726156752
4151.828,0.690273843248,0.309726156752
4150.013,0.690420009438,0.309579990562
4149.873,0.690566037736,0.309433962264
4154.493,0.690711928336,0.309288071664
4149.832,0.690386427898,0.309613572102
4150.766,0.690532265662,0.309467734338
4155.914,0.690207156309,0.309792843691
4159.818,0.689557855127,0.310442144873
4161.935,0.689557855127,0.310442144873
4165.248,0.689233662435,0.310766337565
4171.707,0.689055894786,0.310944105214
4174.369,0.688732394366,0.311267605634
4165.185,0.688732394366,0.311267605634
4175.005,0.68840919756,0.31159080244
4180.937,0.68808630394,0.31191369606
4179.558,0.688378631678,0.311621368322
4183.741,0.688378631678,0.311621368322
4180.77,0.688524590164,0.311475409836
4180.226,0.688202247191,0.311797752809
4180.272,0.688348151614,0.311651848386
4184.839,0.688026192703,0.311973807297
4184.943,0.68785046729,0.31214953271
4185.024,0.68785046729,0.31214953271
4185.28,0.687996263428,0.312003736572
4190.796,0.687820811946,0.312179188054
4190.741,0.687820811946,0.312179188054
4195.475,0.687179487179,0.312820512821
4194.711,0.687179487179,0.312820512821
4204.474,0.686859273066,0.313140726934
4205.025,0.686685288641,0.313314711359
4208.117,0.686685288641,0.313314711359
4206.238,0.686831084225,0.313168915775
4206.115,0.686511627907,0.313488372093
4219.615,0.686657368666,0.313342631334
4226.023,0.686338289963,0.313661710037
4234.153,0.686165273909,0.313834726091
4230.148,0.686165273909,0.313834726091
4239.503,0.686456400742,0.313543599258
4239.243,0.686456400742,0.313543599258
4241.996,0.68642890227,0.31357109773
4239.759,0.68642890227,0.31357109773
4240.098,0.686111111111,0.313888888889
4239.949,0.686111111111,0.313888888889
4241.439,0.685793614068,0.314206385932
4239.581,0.685938945421,0.314061054579
4244.969,0.686084142395,0.313915857605
4244.829,0.686229205176,0.313770794824
4260.092,0.685912240185,0.314087759815
4265.422,0.68620212275,0.31379787725
4274.309,0.68620212275,0.31379787725
4265.158,0.686346863469,0.313653136531
4274.224,0.686491470724,0.313508529276
4274.142,0.686780285583,0.313219714417
4270.526,0.686780285583,0.313219714417
4279.908,0.686464088398,0.313535911602
4274.743,0.686608375518,0.313391624482
4275.688,0.686292548298,0.313707451702
4282.163,0.686436781609,0.313563218391
4280.284,0.686724850712,0.313275149288
4279.653,0.686724850712,0.313275149288
4275.142,0.686868686869,0.313131313131
4275.259,0.687012391005,0.312987608995
4286.143,0.687155963303,0.312844036697
4286.417,0.686984417965,0.313015582035
4284.792,0.686984417965,0.313015582035
4309.349,0.687271062271,0.312728937729
4299.195,0.687414187643,0.312585812357
4299.245,0.687414187643,0.312585812357
4310.014,0.687557182068,0.312442817932
4311.633,0.687700045725,0.312299954275
4316.716,0.687842778793,0.312157221207
4316.18,0.68752855185,0.31247144815
4339.679,0.687186502508,0.312813497492
4325.241,0.687186502508,0.312813497492
4344.058,0.687186502508,0.312813497492
4340.82,0.687186502508,0.312813497492
4329.435,0.686247723133,0.313752276867
4342.688,0.686247723133,0.313752276867
4335.247,0.686247723133,0.313752276867
4342.701,0.685935366409,0.314064633591
4329.939,0.685623293904,0.314376706096
4325.091,0.68576625739,0.31423374261
4330.027,0.685909090909,0.314090909091
4334.994,0.686051794639,0.313948205361
4334.739,0.686194368756,0.313805631244
4346.056,0.686336813436,0.313663186564
4349.421,0.686479128857,0.313520871143
4344.606,0.686621315193,0.313378684807
4345.107,0.68676337262,0.31323662738
4350.4,0.687047101449,0.312952898551
4349.561,0.687188773201,0.312811226799
4350.537,0.687330316742,0.312669683258
4350.141,0.687330316742,0.312669683258
4355.336,0.686708860759,0.313291139241
4357.187,0.686708860759,0.313291139241
4360.668,0.686850429282,0.313149570718
4359.904,0.686681715576,0.313318284424
4360.212,0.686681715576,0.313318284424
4360.068,0.686823104693,0.313176895307
4359.819,0.686964366261,0.313035633739
4360.525,0.687246507436,0.312753492564
4359.684,0.687246507436,0.312753492564
4359.685,0.687387387387,0.312612612613
4374.256,0.687809266757,0.312190733243
4374.435,0.687809266757,0.312190733243
4374.388,0.687809266757,0.312190733243
4375.329,0.68808988764,0.31191011236
4375.49,0.688230008985,0.311769991015
4375.133,0.688230008985,0.311769991015
4375.766,0.68837000449,0.31162999551
4374.575,0.688509874327,0.311490125673
4375.392,0.688649618663,0.311350381337
4381.247,0.688928731511,0.311071268489
4381.063,0.688928731511,0.311071268489
4380.996,0.689068100358,0.310931899642
4389.821,0.689346463742,0.310653536258
4390.699,0.689346463742,0.310653536258
4401.766,0.689485458613,0.310514541387
4405.035,0.689763075548,0.310236924452
4405.626,0.690040196516,0.309959803484
4405.441,0.690040196516,0.309959803484
4405.037,0.690040196516,0.309959803484
4405.058,0.690178571429,0.309821428571
4404.724,0.690316822847,0.309683177153
4411.858,0.690454950937,0.309545049063
4425.335,0.690592955863,0.309407044137
4434.537,0.69073083779,0.30926916221
4434.79,0.691006233304,0.308993766696
4436.441,0.691006233304,0.308993766696
4439.304,0.69128113879,0.30871886121
4435.361,0.69128113879,0.30871886121
4434.858,0.691555555556,0.308444444444
4434.562,0.691555555556,0.308444444444
4440.21,0.691829484902,0.308170515098
4440.137,0.691829484902,0.308170515098
4444.448,0.691966267199,0.308033732801
4440.505,0.692102928128,0.307897071872
4445.453,0.692239467849,0.307760532151
4445.85,0.692375886525,0.307624113475
4449.256,0.692512184315,0.307487815685
4446.438,0.692648361382,0.307351638618
4444.563,0.692784417884,0.307215582116
4454.394,0.692920353982,0.307079646018
4455.586,0.693327441449,0.306672558551
4454.819,0.693327441449,0.306672558551
4459.549,0.693327441449,0.306672558551
4455.285,0.693462897527,0.306537102473
4455.285,0.693598233996,0.306401766004
4455.588,0.693733451015,0.306266548985
4454.95,0.693868548743,0.306131451257
4465.801,0.694003527337,0.305996472663
4461.672,0.694138386955,0.305861613045
4465.812,0.694273127753,0.305726872247
4470.084,0.694542253521,0.305457746479
4460.015,0.694542253521,0.305457746479
4460.412,0.694810905893,0.305189094107
4470.828,0.694810905893,0.305189094107
4469.794,0.695079086116,0.304920913884
4472.005,0.695079086116,0.304920913884
4470.345,0.695212999561,0.304787000439
4470.35,0.695480473892,0.304519526108
4470.842,0.695480473892,0.304519526108
4469.326,0.695614035088,0.304385964912
4470.241,0.695747479176,0.304252520824