Time,RejRate,AcceptRate
17.0,0.0,1.0
34.0,0.0,1.0
51.0,0.0,1.0
68.0,0.0,1.0
85.0,0.0,1.0
102.0,0.0,1.0
119.0,0.0,1.0
136.0,0.0,1.0
153.0,0.0,1.0
170.0,0.0,1.0
187.0,0.0,1.0
204.0,0.0,1.0
221.0,0.0,1.0
238.0,0.0,1.0
255.0,0.0,1.0
272.0,0.0,1.0
289.0,0.0,1.0
306.0,0.0,1.0
323.0,0.0,1.0
340.0,0.0,1.0
357.0,0.0,1.0
374.0,0.0,1.0
391.0,0.0,1.0
408.0,0.0,1.0
425.0,0.0,1.0
442.0,0.0,1.0
459.0,0.0,1.0
476.0,0.0,1.0
493.0,0.0,1.0
510.0,0.0,1.0
527.0,0.0,1.0
544.0,0.0,1.0
561.0,0.0,1.0
578.0,0.0,1.0
595.0,0.0,1.0
612.0,0.0,1.0
629.0,0.0,1.0
646.0,0.0,1.0
663.0,0.0,1.0
680.0,0.0,1.0
697.0,0.0,1.0
714.0,0.0,1.0
731.0,0.0,1.0
748.0,0.0,1.0
765.0,0.0,1.0
782.0,0.0,1.0
799.0,0.0,1.0
816.0,0.0,1.0
833.0,0.0,1.0
850.0,0.0,1.0
867.0,0.0,1.0
884.0,0.0,1.0
901.0,0.0,1.0
918.0,0.0,1.0
935.0,0.0,1.0
952.0,0.0,1.0
969.0,0.0,1.0
986.0,0.0,1.0
1003.0,0.0,1.0
1020.0,0.0,1.0
1037.0,0.0,1.0
1054.0,0.0,1.0
1071.0,0.0,1.0
1088.0,0.0,1.0
1105.0,0.0,1.0
1122.0,0.0,1.0
1139.0,0.0,1.0
1156.0,0.0,1.0
1173.0,0.0,1.0
1190.0,0.0,1.0
1207.0,0.0,1.0
1224.0,0.0,1.0
1241.0,0.0,1.0
1258.0,0.0,1.0
1275.0,0.0,1.0
1292.0,0.0,1.0
1309.0,0.0,1.0
1326.0,0.0,1.0
1343.0,0.0,1.0
1360.0,0.0,1.0
1377.0,0.0,1.0
1394.0,0.0,1.0
1411.0,0.0,1.0
1428.0,0.0,1.0
1445.0,0.0,1.0
1462.0,0.0,1.0
1479.0,0.0,1.0
1496.0,0.0,1.0
1513.0,0.0,1.0
1530.0,0.0,1.0
1547.0,0.0,1.0
1564.0,0.0,1.0
1581.0,0.0,1.0
1598.0,0.0,1.0
1615.0,0.0,1.0
1632.0,0.0,1.0
1649.0,0.0,1.0
1666.0,0.0,1.0
1683.0,0.0,1.0
1700.0,0.0,1.0
1717.0,0.0,1.0
1734.0,0.0,1.0
1751.0,0.0,1.0
1768.0,0.0,1.0
1785.0,0.0,1.0
1802.0,0.0,1.0
1819.0,0.0,1.0
1836.0,0.0,1.0
1853.0,0.0,1.0
1870.0,0.0,1.0
1887.0,0.0,1.0
1904.0,0.0,1.0
1921.0,0.0,1.0
1938.0,0.0,1.0
1955.0,0.0,1.0
1972.0,0.0,1.0
1989.0,0.0,1.0
2006.0,0.0,1.0
2023.0,0.0,1.0
2040.0,0.0,1.0
2057.0,0.0,1.0
2074.0,0.0,1.0
2091.0,0.0,1.0
2108.0,0.0,1.0
2125.0,0.0,1.0
2142.0,0.0,1.0
2159.0,0.0,1.0
2176.0,0.0,1.0
2193.0,0.0,1.0
2210.0,0.0,1.0
2227.0,0.0,1.0
2244.0,0.0,1.0
2261.0,0.0,1.0
2278.0,0.0,1.0
2295.0,0.0,1.0
2312.0,0.0,1.0
2329.0,0.0,1.0
2346.0,0.0,1.0
2363.0,0.0,1.0
2380.0,0.0,1.0
2397.0,0.0,1.0
2414.0,0.0,1.0
2431.0,0.0,1.0
2448.0,0.0,1.0
2465.0,0.0,1.0
2482.0,0.0,1.0
2499.0,0.0,1.0
2516.0,0.0,1.0
2533.0,0.0,1.0
2550.0,0.0,1.0
2567.0,0.0,1.0
2584.0,0.0,1.0
2601.0,0.0,1.0
2618.0,0.0,1.0
2635.0,0.0,1.0
2652.0,0.0,1.0
2669.0,0.0,1.0
2686.0,0.0,1.0
2703.0,0.0,1.0
2720.0,0.0,1.0
2737.0,0.0,1.0
2754.0,0.0,1.0
2771.0,0.0,1.0
2788.0,0.0,1.0
2805.0,0.0,1.0
2822.0,0.0,1.0
2839.0,0.0,1.0
2856.0,0.0,1.0
2873.0,0.0,1.0
2890.0,0.0,1.0
2907.0,0.0,1.0
2924.0,0.0,1.0
2941.0,0.0,1.0
2958.0,0.0,1.0
2975.0,0.0,1.0
2992.0,0.0,1.0
3009.0,0.0,1.0
3026.0,0.0,1.0
3043.0,0.0,1.0
3060.0,0.0,1.0
3077.0,0.0,1.0
3094.0,0.0,1.0
3111.0,0.0,1.0
3128.0,0.0,1.0
3145.0,0.0,1.0
3162.0,0.0,1.0
3179.0,0.0,1.0
3196.0,0.0,1.0
3213.0,0.0,1.0
3230.0,0.0,1.0
3247.0,0.0,1.0
3264.0,0.0,1.0
3281.0,0.0,1.0
3298.0,0.0,1.0
3315.0,0.0,1.0
3332.0,0.0,1.0
3349.0,0.0,1.0
3366.0,0.0,1.0
3383.0,0.0,1.0
3400.0,0.0,1.0
3417.0,0.0,1.0
3434.0,0.0,1.0
3451.0,0.0,1.0
3468.0,0.0,1.0
3485.0,0.0,1.0
3502.0,0.0,1.0
3519.0,0.0,1.0
3536.0,0.0,1.0
3553.0,0.0,1.0
3570.0,0.0,1.0
3587.0,0.0,1.0
3604.0,0.0,1.0
3621.0,0.0,1.0
3638.0,0.0,1.0
3655.0,0.0,1.0
3672.0,0.0,1.0
3689.0,0.0,1.0
3706.0,0.0,1.0
3723.0,0.0,1.0
3740.0,0.0,1.0
3757.0,0.0,1.0
3774.0,0.0,1.0
3791.0,0.0,1.0
3808.0,0.0,1.0
3825.0,0.0,1.0
3842.0,0.0,1.0
3859.0,0.0,1.0
3876.0,0.0,1.0
3893.0,0.0,1.0
3910.0,0.0,1.0
3927.0,0.0,1.0
3944.0,0.0,1.0
3961.0,0.0,1.0
3978.0,0.0,1.0
3995.0,0.0,1.0
4012.0,0.0,1.0
4029.0,0.0,1.0
4046.0,0.0,1.0
4063.0,0.0,1.0
4080.0,0.0,1.0
4097.0,0.0,1.0
4114.0,0.0,1.0
4131.0,0.0,1.0
4148.0,0.0,1.0
4165.0,0.0,1.0
4182.0,0.0,1.0
4199.0,0.0,1.0
4216.0,0.0,1.0
4233.0,0.0,1.0
4250.0,0.0,1.0
4267.0,0.0,1.0
4284.0,0.0,1.0
4301.0,0.0,1.0
4318.0,0.0,1.0
4335.0,0.0,1.0
4352.0,0.0,1.0
4369.0,0.0,1.0
4386.0,0.0,1.0
4403.0,0.0,1.0
4420.0,0.0,1.0
4437.0,0.0,1.0
4454.0,0.0,1.0
4471.0,0.0,1.0
4488.0,0.0,1.0
4505.0,0.0,1.0
4522.0,0.0,1.0
4539.0,0.0,1.0
4556.0,0.0,1.0
4573.0,0.0,1.0
4590.0,0.0,1.0
4607.0,0.0,1.0
4624.0,0.0,1.0
4641.0,0.0,1.0
4658.0,0.0,1.0
4675.0,0.0,1.0
4692.0,0.0,1.0
4709.0,0.0,1.0
4726.0,0.0,1.0
4743.0,0.0,1.0
4760.0,0.0,1.0
4777.0,0.0,1.0
4794.0,0.0,1.0
4811.0,0.0,1.0
4828.0,0.0,1.0
4845.0,0.0,1.0
4862.0,0.0,1.0
4879.0,0.0,1.0
4896.0,0.0,1.0
4913.0,0.0,1.0
4930.0,0.0,1.0
4947.0,0.0,1.0
4964.0,0.0,1.0
4981.0,0.0,1.0
4998.0,0.0,1.0
5015.0,0.0,1.0
5032.0,0.0,1.0
5049.0,0.0,1.0
5066.0,0.0,1.0
5083.0,0.0,1.0
5100.0,0.0,1.0
5117.0,0.0,1.0
5134.0,0.0,1.0
5151.0,0.0,1.0
5168.0,0.0,1.0
5185.0,0.0,1.0
5202.0,0.0,1.0
5219.0,0.0,1.0
5236.0,0.0,1.0
5253.0,0.0,1.0
5270.0,0.0,1.0
5287.0,0.0,1.0
5304.0,0.0,1.0
5321.0,0.0,1.0
5338.0,0.0,1.0
5355.0,0.0,1.0
5372.0,0.0,1.0
5389.0,0.0,1.0
5406.0,0.0,1.0
5423.0,0.0,1.0
5440.0,0.0,1.0
5457.0,0.0,1.0
5474.0,0.0,1.0
5491.0,0.0,1.0
5508.0,0.0,1.0
5525.0,0.0,1.0
5542.0,0.0,1.0
5559.0,0.0,1.0
5576.0,0.0,1.0
5593.0,0.0,1.0
5610.0,0.0,1.0
5627.0,0.0,1.0
5644.0,0.0,1.0
5661.0,0.0,1.0
5678.0,0.0,1.0
5695.0,0.0,1.0
5712.0,0.0,1.0
5729.0,0.0,1.0
5746.0,0.0,1.0
5763.0,0.0,1.0
5780.0,0.0,1.0
5797.0,0.0,1.0
5814.0,0.0,1.0
5831.0,0.0,1.0
5848.0,0.0,1.0
5865.0,0.0,1.0
5882.0,0.0,1.0
5899.0,0.0,1.0
5916.0,0.0,1.0
5933.0,0.0,1.0
5950.0,0.0,1.0
5967.0,0.0,1.0
5984.0,0.0,1.0
6001.0,0.0,1.0
6018.0,0.0,1.0
6035.0,0.0,1.0
6052.0,0.0,1.0
6069.0,0.0,1.0
6086.0,0.0,1.0
6103.0,0.0,1.0
6120.0,0.0,1.0
6137.0,0.0,1.0
6154.0,0.0,1.0
6171.0,0.0,1.0
6188.0,0.0,1.0
6205.0,0.0,1.0
6222.0,0.0,1.0
6239.0,0.0,1.0
6256.0,0.0,1.0
6273.0,0.0,1.0
6290.0,0.0,1.0
6307.0,0.0,1.0
6324.0,0.0,1.0
6341.0,0.0,1.0
6358.0,0.0,1.0
6375.0,0.0,1.0
6392.0,0.0,1.0
6409.0,0.0,1.0
6426.0,0.0,1.0
6443.0,0.0,1.0
6460.0,0.0,1.0
6477.0,0.0,1.0
6494.0,0.0,1.0
6511.0,0.0,1.0
6528.0,0.0,1.0
6545.0,0.0,1.0
6562.0,0.0,1.0
6579.0,0.0,1.0
6596.0,0.0,1.0
6613.0,0.0,1.0
6630.0,0.0,1.0
6647.0,0.0,1.0
6664.0,0.0,1.0
6681.0,0.0,1.0
6698.0,0.0,1.0
6715.0,0.0,1.0
6732.0,0.0,1.0
6749.0,0.0,1.0
6766.0,0.0,1.0
6783.0,0.0,1.0
6800.0,0.0,1.0
6817.0,0.0,1.0
6834.0,0.0,1.0
6851.0,0.0,1.0
6868.0,0.0,1.0
6885.0,0.0,1.0
6902.0,0.0,1.0
6919.0,0.0,1.0
6936.0,0.0,1.0
6953.0,0.0,1.0
6970.0,0.0,1.0
6987.0,0.0,1.0
7004.0,0.0,1.0
7021.0,0.0,1.0
7038.0,0.0,1.0
7055.0,0.0,1.0
7072.0,0.0,1.0
7089.0,0.0,1.0
7106.0,0.0,1.0
7123.0,0.0,1.0
7140.0,0.0,1.0
7157.0,0.0,1.0
7174.0,0.0,1.0
7191.0,0.0,1.0
7208.0,0.0,1.0
7225.0,0.0,1.0
7242.0,0.0,1.0
7259.0,0.0,1.0
7276.0,0.0,1.0
7293.0,0.0,1.0
7310.0,0.0,1.0
7327.0,0.0,1.0
7344.0,0.0,1.0
7361.0,0.0,1.0
7378.0,0.0,1.0
7395.0,0.0,1.0
7412.0,0.0,1.0
7429.0,0.0,1.0
7446.0,0.0,1.0
7463.0,0.0,1.0
7480.0,0.0,1.0
7497.0,0.0,1.0
7514.0,0.0,1.0
7531.0,0.0,1.0
7548.0,0.0,1.0
7565.0,0.0,1.0
7582.0,0.0,1.0
7599.0,0.0,1.0
7616.0,0.0,1.0
7633.0,0.0,1.0
7650.0,0.0,1.0
7667.0,0.0,1.0
7684.0,0.0,1.0
7701.0,0.0,1.0
7718.0,0.0,1.0
7735.0,0.0,1.0
7752.0,0.0,1.0
7769.0,0.0,1.0
7786.0,0.0,1.0
7803.0,0.0,1.0
7820.0,0.0,1.0
7837.0,0.0,1.0
7854.0,0.0,1.0
7871.0,0.0,1.0
7888.0,0.0,1.0
7905.0,0.0,1.0
7922.0,0.0,1.0
7939.0,0.0,1.0
7956.0,0.0,1.0
7973.0,0.0,1.0
7990.0,0.0,1.0
8007.0,0.0,1.0
8024.0,0.0,1.0
8041.0,0.0,1.0
8058.0,0.0,1.0
8075.0,0.0,1.0
8092.0,0.0,1.0
8109.0,0.0,1.0
8126.0,0.0,1.0
8143.0,0.0,1.0
8160.0,0.0,1.0
8177.0,0.0,1.0
8194.0,0.0,1.0
8211.0,0.0,1.0
8228.0,0.0,1.0
8245.0,0.0,1.0
8262.0,0.0,1.0
8279.0,0.0,1.0
8296.0,0.0,1.0
8313.0,0.0,1.0
8330.0,0.0,1.0
8347.0,0.0,1.0
8364.0,0.0,1.0
8381.0,0.0,1.0
8398.0,0.0,1.0
8415.0,0.0,1.0
8432.0,0.0,1.0
8449.0,0.0,1.0
8466.0,0.0,1.0
8483.0,0.0,1.0
8500.0,0.0,1.0
8517.0,0.0,1.0
8534.0,0.0,1.0
8551.0,0.0,1.0
8568.0,0.0,1.0
8585.0,0.0,1.0
8602.0,0.0,1.0
8619.0,0.0,1.0
8636.0,0.0,1.0
8653.0,0.0,1.0
8670.0,0.0,1.0
8687.0,0.0,1.0
8704.0,0.0,1.0
8721.0,0.0,1.0
8738.0,0.0,1.0
8755.0,0.0,1.0
8772.0,0.0,1.0
8789.0,0.0,1.0
8806.0,0.0,1.0
8823.0,0.0,1.0
8840.0,0.0,1.0
8857.0,0.0,1.0
8874.0,0.0,1.0
8891.0,0.0,1.0
8908.0,0.0,1.0
8925.0,0.0,1.0
8942.0,0.0,1.0
8959.0,0.0,1.0
8976.0,0.0,1.0
8993.0,0.0,1.0
9010.0,0.0,1.0
9027.0,0.0,1.0
9044.0,0.0,1.0
9061.0,0.0,1.0
9078.0,0.0,1.0
9095.0,0.0,1.0
9112.0,0.0,1.0
9129.0,0.0,1.0
9146.0,0.0,1.0
9163.0,0.0,1.0
9180.0,0.0,1.0
9197.0,0.0,1.0
9214.0,0.0,1.0
9231.0,0.0,1.0
9248.0,0.0,1.0
9265.0,0.0,1.0
9282.0,0.0,1.0
9299.0,0.0,1.0
9316.0,0.0,1.0
9333.0,0.0,1.0
9350.0,0.0,1.0
9367.0,0.0,1.0
9384.0,0.0,1.0
9401.0,0.0,1.0
9418.0,0.0,1.0
9435.0,0.0,1.0
9452.0,0.0,1.0
9469.0,0.0,1.0
9486.0,0.0,1.0
9503.0,0.0,1.0
9520.0,0.0,1.0
9537.0,0.0,1.0
9554.0,0.0,1.0
9571.0,0.0,1.0
9588.0,0.0,1.0
9605.0,0.0,1.0
9622.0,0.0,1.0
9639.0,0.0,1.0
9656.0,0.0,1.0
9673.0,0.0,1.0
9690.0,0.0,1.0
9707.0,0.0,1.0
9724.0,0.0,1.0
9741.0,0.0,1.0
9758.0,0.0,1.0
9775.0,0.0,1.0
9792.0,0.0,1.0
9809.0,0.0,1.0
9826.0,0.0,1.0
9843.0,0.0,1.0
9860.0,0.0,1.0
9877.0,0.0,1.0
9894.0,0.0,1.0
9911.0,0.0,1.0
9928.0,0.0,1.0
9945.0,0.0,1.0
9962.0,0.0,1.0
9979.0,0.0,1.0
9996.0,0.0,1.0
10013.0,0.0,1.0
10030.0,0.0,1.0
10047.0,0.0,1.0
10064.0,0.0,1.0
10081.0,0.0,1.0
10098.0,0.0,1.0
10115.0,0.0,1.0
10132.0,0.0,1.0
10149.0,0.0,1.0
10166.0,0.0,1.0
10183.0,0.0,1.0
10200.0,0.0,1.0
10217.0,0.0,1.0
10234.0,0.0,1.0
10251.0,0.0,1.0
10268.0,0.0,1.0
10285.0,0.0,1.0
10302.0,0.0,1.0
10319.0,0.0,1.0
10336.0,0.0,1.0
10353.0,0.0,1.0
10370.0,0.0,1.0
10387.0,0.0,1.0
10404.0,0.0,1.0
10421.0,0.0,1.0
10438.0,0.0,1.0
10455.0,0.0,1.0
10472.0,0.0,1.0
10489.0,0.0,1.0
10506.0,0.0,1.0
10523.0,0.0,1.0
10540.0,0.0,1.0
10557.0,0.0,1.0
10574.0,0.0,1.0
10591.0,0.0,1.0
10608.0,0.0,1.0
10625.0,0.0,1.0
10642.0,0.0,1.0
10659.0,0.0,1.0
10676.0,0.0,1.0
10693.0,0.0,1.0
10710.0,0.0,1.0
10727.0,0.0,1.0
10744.0,0.0,1.0
10761.0,0.0,1.0
10778.0,0.0,1.0
10795.0,0.0,1.0
10812.0,0.0,1.0
10829.0,0.0,1.0
10846.0,0.0,1.0
10863.0,0.0,1.0
10880.0,0.0,1.0
10897.0,0.0,1.0
10914.0,0.0,1.0
10931.0,0.0,1.0
10948.0,0.0,1.0
10965.0,0.0,1.0
10982.0,0.0,1.0
10999.0,0.0,1.0
11016.0,0.0,1.0
11033.0,0.0,1.0
11050.0,0.0,1.0
11067.0,0.0,1.0
11084.0,0.0,1.0
11101.0,0.0,1.0
11118.0,0.0,1.0
11135.0,0.0,1.0
11152.0,0.0,1.0
11169.0,0.0,1.0
11186.0,0.0,1.0
11203.0,0.0,1.0
11220.0,0.0,1.0
11237.0,0.0,1.0
11254.0,0.0,1.0
11271.0,0.0,1.0
11288.0,0.0,1.0
11305.0,0.0,1.0
11322.0,0.0,1.0
11339.0,0.0,1.0
11356.0,0.0,1.0
11373.0,0.0,1.0
11390.0,0.0,1.0
11407.0,0.0,1.0
11424.0,0.0,1.0
11441.0,0.0,1.0
11458.0,0.0,1.0
11475.0,0.0,1.0
11492.0,0.0,1.0
11509.0,0.0,1.0
11526.0,0.0,1.0
11543.0,0.0,1.0
11560.0,0.0,1.0
11577.0,0.0,1.0
11594.0,0.0,1.0
11611.0,0.0,1.0
11628.0,0.0,1.0
11645.0,0.0,1.0
11662.0,0.0,1.0
11679.0,0.0,1.0
11696.0,0.0,1.0
11713.0,0.0,1.0
11730.0,0.0,1.0
11747.0,0.0,1.0
11764.0,0.0,1.0
11781.0,0.0,1.0
11798.0,0.0,1.0
11815.0,0.0,1.0
11832.0,0.0,1.0
11849.0,0.0,1.0
11866.0,0.0,1.0
11883.0,0.0,1.0
11900.0,0.0,1.0
11917.0,0.0,1.0
11934.0,0.0,1.0
11951.0,0.0,1.0
11968.0,0.0,1.0
11985.0,0.0,1.0
12002.0,0.0,1.0
12019.0,0.0,1.0
12036.0,0.0,1.0
12053.0,0.0,1.0
12070.0,0.0,1.0
12087.0,0.0,1.0
12104.0,0.0,1.0
12121.0,0.0,1.0
12138.0,0.0,1.0
12155.0,0.0,1.0
12172.0,0.0,1.0
12189.0,0.0,1.0
12206.0,0.0,1.0
12223.0,0.0,1.0
12240.0,0.0,1.0
12257.0,0.0,1.0
12274.0,0.0,1.0
12291.0,0.0,1.0
12308.0,0.0,1.0
12325.0,0.0,1.0
12342.0,0.0,1.0
12359.0,0.0,1.0
12376.0,0.0,1.0
12393.0,0.0,1.0
12410.0,0.0,1.0
12427.0,0.0,1.0
12444.0,0.0,1.0
12461.0,0.0,1.0
12478.0,0.0,1.0
12495.0,0.0,1.0
12512.0,0.0,1.0
12529.0,0.0,1.0
12546.0,0.0,1.0
12563.0,0.0,1.0
12580.0,0.0,1.0
12597.0,0.0,1.0
12614.0,0.0,1.0
12631.0,0.0,1.0
12648.0,0.0,1.0
12665.0,0.0,1.0
12682.0,0.0,1.0
12699.0,0.0,1.0
12716.0,0.0,1.0
12733.0,0.0,1.0
12750.0,0.0,1.0
12767.0,0.0,1.0
12784.0,0.0,1.0
12801.0,0.0,1.0
12818.0,0.0,1.0
12835.0,0.0,1.0
12852.0,0.0,1.0
12869.0,0.0,1.0
12886.0,0.0,1.0
12903.0,0.0,1.0
12920.0,0.0,1.0
12937.0,0.0,1.0
12954.0,0.0,1.0
12971.0,0.0,1.0
12988.0,0.0,1.0
13005.0,0.0,1.0
13022.0,0.0,1.0
13039.0,0.0,1.0
13056.0,0.0,1.0
13073.0,0.0,1.0
13090.0,0.0,1.0
13107.0,0.0,1.0
13124.0,0.0,1.0
13141.0,0.0,1.0
13158.0,0.0,1.0
13175.0,0.0,1.0
13192.0,0.0,1.0
13209.0,0.0,1.0
13226.0,0.0,1.0
13243.0,0.0,1.0
13260.0,0.0,1.0
13277.0,0.0,1.0
13294.0,0.0,1.0
13311.0,0.0,1.0
13328.0,0.0,1.0
13345.0,0.0,1.0
13362.0,0.0,1.0
13379.0,0.0,1.0
13396.0,0.0,1.0
13413.0,0.0,1.0
13430.0,0.0,1.0
13447.0,0.0,1.0
13464.0,0.0,1.0
13481.0,0.0,1.0
13498.0,0.0,1.0
13515.0,0.0,1.0
13532.0,0.0,1.0
13549.0,0.0,1.0
13566.0,0.0,1.0
13583.0,0.0,1.0
13600.0,0.0,1.0
13617.0,0.0,1.0
13634.0,0.0,1.0
13651.0,0.0,1.0
13668.0,0.0,1.0
13685.0,0.0,1.0
13702.0,0.0,1.0
13719.0,0.0,1.0
13736.0,0.0,1.0
13753.0,0.0,1.0
13770.0,0.0,1.0
13787.0,0.0,1.0
13804.0,0.0,1.0
13821.0,0.0,1.0
13838.0,0.0,1.0
13855.0,0.0,1.0
13872.0,0.0,1.0
13889.0,0.0,1.0
13906.0,0.0,1.0
13923.0,0.0,1.0
13940.0,0.0,1.0
13957.0,0.0,1.0
13974.0,0.0,1.0
13991.0,0.0,1.0
14008.0,0.0,1.0
14025.0,0.0,1.0
14042.0,0.0,1.0
14059.0,0.0,1.0
14076.0,0.0,1.0
14093.0,0.0,1.0
14110.0,0.0,1.0
14127.0,0.0,1.0
14144.0,0.0,1.0
14161.0,0.0,1.0
14178.0,0.0,1.0
14195.0,0.0,1.0
14212.0,0.0,1.0
14229.0,0.0,1.0
14246.0,0.0,1.0
14263.0,0.0,1.0
14280.0,0.0,1.0
14297.0,0.0,1.0
14314.0,0.0,1.0
14331.0,0.0,1.0
14348.0,0.0,1.0
14365.0,0.0,1.0
14382.0,0.0,1.0
14399.0,0.0,1.0
14416.0,0.0,1.0
14433.0,0.0,1.0
14450.0,0.0,1.0
14467.0,0.0,1.0
14484.0,0.0,1.0
14501.0,0.0,1.0
14518.0,0.0,1.0
14535.0,0.0,1.0
14552.0,0.0,1.0
14569.0,0.0,1.0
14586.0,0.0,1.0
14603.0,0.0,1.0
14620.0,0.0,1.0
14637.0,0.0,1.0
14654.0,0.0,1.0
14671.0,0.0,1.0
14688.0,0.0,1.0
14705.0,0.0,1.0
14722.0,0.0,1.0
14739.0,0.0,1.0
14756.0,0.0,1.0
14773.0,0.0,1.0
14790.0,0.0,1.0
14807.0,0.0,1.0
14824.0,0.0,1.0
14841.0,0.0,1.0
14858.0,0.0,1.0
14875.0,0.0,1.0
14892.0,0.0,1.0
14909.0,0.0,1.0
14926.0,0.0,1.0
14943.0,0.0,1.0
14960.0,0.0,1.0
14977.0,0.0,1.0
14994.0,0.0,1.0
15011.0,0.0,1.0
15028.0,0.0,1.0
15045.0,0.0,1.0
15062.0,0.0,1.0
15079.0,0.0,1.0
15096.0,0.0,1.0
15113.0,0.0,1.0
15130.0,0.0,1.0
15147.0,0.0,1.0
15164.0,0.0,1.0
15181.0,0.0,1.0
15198.0,0.0,1.0
15215.0,0.0,1.0
15232.0,0.0,1.0
15249.0,0.0,1.0
15266.0,0.0,1.0
15283.0,0.0,1.0
15300.0,0.0,1.0
15317.0,0.0,1.0
15334.0,0.0,1.0
15351.0,0.0,1.0
15368.0,0.0,1.0
15385.0,0.0,1.0
15402.0,0.0,1.0
15419.0,0.0,1.0
15436.0,0.0,1.0
15453.0,0.0,1.0
15470.0,0.0,1.0
15487.0,0.0,1.0
15504.0,0.0,1.0
15521.0,0.0,1.0
15538.0,0.0,1.0
15555.0,0.0,1.0
15572.0,0.0,1.0
15589.0,0.0,1.0
15606.0,0.0,1.0
15623.0,0.0,1.0
15640.0,0.0,1.0
15657.0,0.0,1.0
15674.0,0.0,1.0
15691.0,0.0,1.0
15708.0,0.0,1.0
15725.0,0.0,1.0
15742.0,0.0,1.0
15759.0,0.0,1.0
15776.0,0.0,1.0
15793.0,0.0,1.0
15810.0,0.0,1.0
15827.0,0.0,1.0
15844.0,0.0,1.0
15861.0,0.0,1.0
15878.0,0.0,1.0
15895.0,0.0,1.0
15912.0,0.0,1.0
15929.0,0.0,1.0
15946.0,0.0,1.0
15963.0,0.0,1.0
15980.0,0.0,1.0
15997.0,0.0,1.0
16014.0,0.0,1.0
16031.0,0.0,1.0
16048.0,0.0,1.0
16065.0,0.0,1.0
16082.0,0.0,1.0
16099.0,0.0,1.0
16116.0,0.0,1.0
16133.0,0.0,1.0
16150.0,0.0,1.0
16167.0,0.0,1.0
16184.0,0.0,1.0
16201.0,0.0,1.0
16218.0,0.0,1.0
16235.0,0.0,1.0
16252.0,0.0,1.0
16269.0,0.0,1.0
16286.0,0.0,1.0
16303.0,0.0,1.0
16320.0,0.0,1.0
16337.0,0.0,1.0
16354.0,0.0,1.0
16371.0,0.0,1.0
16388.0,0.0,1.0
16405.0,0.0,1.0
16422.0,0.0,1.0
16439.0,0.0,1.0
16456.0,0.0,1.0
16473.0,0.0,1.0
16490.0,0.0,1.0
16507.0,0.0,1.0
16524.0,0.0,1.0
16541.0,0.0,1.0
16558.0,0.0,1.0
16575.0,0.0,1.0
16592.0,0.0,1.0
16609.0,0.0,1.0
16626.0,0.0,1.0
16643.0,0.0,1.0
16660.0,0.0,1.0
16677.0,0.0,1.0
16694.0,0.0,1.0
16711.0,0.0,1.0
16728.0,0.0,1.0
16745.0,0.0,1.0
16762.0,0.0,1.0
16779.0,0.0,1.0
16796.0,0.0,1.0
16813.0,0.0,1.0
16830.0,0.0,1.0
16847.0,0.0,1.0
16864.0,0.0,1.0
16881.0,0.0,1.0
16898.0,0.0,1.0
16915.0,0.0,1.0
16932.0,0.0,1.0
16949.0,0.0,1.0
16966.0,0.0,1.0
16983.0,0.0,1.0
17000.0,0.0,1.0
17017.0,0.0,1.0
17034.0,0.0,1.0
17051.0,0.0,1.0
17068.0,0.0,1.0
17085.0,0.0,1.0
17102.0,0.0,1.0
17119.0,0.0,1.0
17136.0,0.0,1.0
17153.0,0.0,1.0
17170.0,0.0,1.0
17187.0,0.0,1.0
17204.0,0.0,1.0
17221.0,0.0,1.0
17238.0,0.0,1.0
17255.0,0.0,1.0
17272.0,0.0,1.0
17289.0,0.0,1.0
17306.0,0.0,1.0
17323.0,0.0,1.0
17340.0,0.0,1.0
17357.0,0.0,1.0
17374.0,0.0,1.0
17391.0,0.0,1.0
17408.0,0.0,1.0
17425.0,0.0,1.0
17442.0,0.0,1.0
17459.0,0.0,1.0
17476.0,0.0,1.0
17493.0,0.0,1.0
17510.0,0.0,1.0
17527.0,0.0,1.0
17544.0,0.0,1.0
17561.0,0.0,1.0
17578.0,0.0,1.0
17595.0,0.0,1.0
17612.0,0.0,1.0
17629.0,0.0,1.0
17646.0,0.0,1.0
17663.0,0.0,1.0
17680.0,0.0,1.0
17697.0,0.0,1.0
17714.0,0.0,1.0
17731.0,0.0,1.0
17748.0,0.0,1.0
17765.0,0.0,1.0
17782.0,0.0,1.0
17799.0,0.0,1.0
17816.0,0.0,1.0
17833.0,0.0,1.0
17850.0,0.0,1.0
17867.0,0.0,1.0
17884.0,0.0,1.0
17901.0,0.0,1.0
17918.0,0.0,1.0
17935.0,0.0,1.0
17952.0,0.0,1.0
17969.0,0.0,1.0
17986.0,0.0,1.0
18003.0,0.0,1.0
18020.0,0.0,1.0
18037.0,0.0,1.0
18054.0,0.0,1.0
18071.0,0.0,1.0
18088.0,0.0,1.0
18105.0,0.0,1.0
18122.0,0.0,1.0
18139.0,0.0,1.0
18156.0,0.0,1.0
18173.0,0.0,1.0
18190.0,0.0,1.0
18207.0,0.0,1.0
18224.0,0.0,1.0
18241.0,0.0,1.0
18258.0,0.0,1.0
18275.0,0.0,1.0
18292.0,0.0,1.0
18309.0,0.0,1.0
18326.0,0.0,1.0
18343.0,0.0,1.0
18360.0,0.0,1.0
18377.0,0.0,1.0
18394.0,0.0,1.0
18411.0,0.0,1.0
18428.0,0.0,1.0
18445.0,0.0,1.0
18462.0,0.0,1.0
18479.0,0.0,1.0
18496.0,0.0,1.0
18513.0,0.0,1.0
18530.0,0.0,1.0
18547.0,0.0,1.0
18564.0,0.0,1.0
18581.0,0.0,1.0
18598.0,0.0,1.0
18615.0,0.0,1.0
18632.0,0.0,1.0
18649.0,0.0,1.0
18666.0,0.0,1.0
18683.0,0.0,1.0
18700.0,0.0,1.0
18717.0,0.0,1.0
18734.0,0.0,1.0
18751.0,0.0,1.0
18768.0,0.0,1.0
18785.0,0.0,1.0
18802.0,0.0,1.0
18819.0,0.0,1.0
18836.0,0.0,1.0
18853.0,0.0,1.0
18870.0,0.0,1.0
18887.0,0.0,1.0
18904.0,0.0,1.0
18921.0,0.0,1.0
18938.0,0.0,1.0
18955.0,0.0,1.0
18972.0,0.0,1.0
18989.0,0.0,1.0
19006.0,0.0,1.0
19023.0,0.0,1.0
19040.0,0.0,1.0
19057.0,0.0,1.0
19074.0,0.0,1.0
19091.0,0.0,1.0
19108.0,0.0,1.0
19125.0,0.0,1.0
19142.0,0.0,1.0
19159.0,0.0,1.0
19176.0,0.0,1.0
19193.0,0.0,1.0
19210.0,0.0,1.0
19227.0,0.0,1.0
19244.0,0.0,1.0
19261.0,0.0,1.0
19278.0,0.0,1.0
19295.0,0.0,1.0
19312.0,0.0,1.0
19329.0,0.0,1.0
19346.0,0.0,1.0
19363.0,0.0,1.0
19380.0,0.0,1.0
19397.0,0.0,1.0
19414.0,0.0,1.0
19431.0,0.0,1.0
19448.0,0.0,1.0
19465.0,0.0,1.0
19482.0,0.0,1.0
19499.0,0.0,1.0
19516.0,0.0,1.0
19533.0,0.0,1.0
19550.0,0.0,1.0
19567.0,0.0,1.0
19584.0,0.0,1.0
19601.0,0.0,1.0
19618.0,0.0,1.0
19635.0,0.0,1.0
19652.0,0.0,1.0
19669.0,0.0,1.0
19686.0,0.0,1.0
19703.0,0.0,1.0
19720.0,0.0,1.0
19737.0,0.0,1.0
19754.0,0.0,1.0
19771.0,0.0,1.0
19788.0,0.0,1.0
19805.0,0.0,1.0
19822.0,0.0,1.0
19839.0,0.0,1.0
19856.0,0.0,1.0
19873.0,0.0,1.0
19890.0,0.0,1.0
19907.0,0.0,1.0
19924.0,0.0,1.0
19941.0,0.0,1.0
19958.0,0.0,1.0
19975.0,0.0,1.0
19992.0,0.0,1.0
20009.0,0.0,1.0
20026.0,0.0,1.0
20043.0,0.0,1.0
20060.0,0.0,1.0
20077.0,0.0,1.0
20094.0,0.0,1.0
20111.0,0.0,1.0
20128.0,0.0,1.0
20145.0,0.0,1.0
20162.0,0.0,1.0
20179.0,0.0,1.0
20196.0,0.0,1.0
20213.0,0.0,1.0
20230.0,0.0,1.0
20247.0,0.0,1.0
20264.0,0.0,1.0
20281.0,0.0,1.0
20298.0,0.0,1.0
20315.0,0.0,1.0
20332.0,0.0,1.0
20349.0,0.0,1.0
20366.0,0.0,1.0
20383.0,0.0,1.0
20400.0,0.0,1.0
20417.0,0.0,1.0
20434.0,0.0,1.0
20451.0,0.0,1.0
20468.0,0.0,1.0
20485.0,0.0,1.0
20502.0,0.0,1.0
20519.0,0.0,1.0
20536.0,0.0,1.0
20553.0,0.0,1.0
20570.0,0.0,1.0
20587.0,0.0,1.0
20604.0,0.0,1.0
20621.0,0.0,1.0
20638.0,0.0,1.0
20655.0,0.0,1.0
20672.0,0.0,1.0
20689.0,0.0,1.0
20706.0,0.0,1.0
20723.0,0.0,1.0
20740.0,0.0,1.0
20757.0,0.0,1.0
20774.0,0.0,1.0
20791.0,0.0,1.0
20808.0,0.0,1.0
20825.0,0.0,1.0
20842.0,0.0,1.0
20859.0,0.0,1.0
20876.0,0.0,1.0
20893.0,0.0,1.0
20910.0,0.0,1.0
20927.0,0.0,1.0
20944.0,0.0,1.0
20961.0,0.0,1.0
20978.0,0.0,1.0
20995.0,0.0,1.0
21012.0,0.0,1.0
21029.0,0.0,1.0
21046.0,0.0,1.0
21063.0,0.0,1.0
21080.0,0.0,1.0
21097.0,0.0,1.0
21114.0,0.0,1.0
21131.0,0.0,1.0
21148.0,0.0,1.0
21165.0,0.0,1.0
21182.0,0.0,1.0
21199.0,0.0,1.0
21216.0,0.0,1.0
21233.0,0.0,1.0
21250.0,0.0,1.0
21267.0,0.0,1.0
21284.0,0.0,1.0
21301.0,0.0,1.0
21318.0,0.0,1.0
21335.0,0.0,1.0
21352.0,0.0,1.0
21369.0,0.0,1.0
21386.0,0.0,1.0
21403.0,0.0,1.0
21420.0,0.0,1.0
21437.0,0.0,1.0
21454.0,0.0,1.0
21471.0,0.0,1.0
21488.0,0.0,1.0
21505.0,0.0,1.0
21522.0,0.0,1.0
21539.0,0.0,1.0
21556.0,0.0,1.0
21573.0,0.0,1.0
21590.0,0.0,1.0
21607.0,0.0,1.0
21624.0,0.0,1.0
21641.0,0.0,1.0
21658.0,0.0,1.0
21675.0,0.0,1.0
21692.0,0.0,1.0
21709.0,0.0,1.0
21726.0,0.0,1.0
21743.0,0.0,1.0
21760.0,0.0,1.0
21777.0,0.0,1.0
21794.0,0.0,1.0
21811.0,0.0,1.0
21828.0,0.0,1.0
21845.0,0.0,1.0
21862.0,0.0,1.0
21879.0,0.0,1.0
21896.0,0.0,1.0
21913.0,0.0,1.0
21930.0,0.0,1.0
21947.0,0.0,1.0
21964.0,0.0,1.0
21981.0,0.0,1.0
21998.0,0.0,1.0
22015.0,0.0,1.0
22032.0,0.0,1.0
22049.0,0.0,1.0
22066.0,0.0,1.0
22083.0,0.0,1.0
22100.0,0.0,1.0
22117.0,0.0,1.0
22134.0,0.0,1.0
22151.0,0.0,1.0
22168.0,0.0,1.0
22185.0,0.0,1.0
22202.0,0.0,1.0
22219.0,0.0,1.0
22236.0,0.0,1.0
22253.0,0.0,1.0
22270.0,0.0,1.0
22287.0,0.0,1.0
22304.0,0.0,1.0
22321.0,0.0,1.0
22338.0,0.0,1.0
22355.0,0.0,1.0
22372.0,0.0,1.0
22389.0,0.0,1.0
22406.0,0.0,1.0
22423.0,0.0,1.0
22440.0,0.0,1.0
22457.0,0.0,1.0
22474.0,0.0,1.0
22491.0,0.0,1.0
22508.0,0.0,1.0
22525.0,0.0,1.0
22542.0,0.0,1.0
22559.0,0.0,1.0
22576.0,0.0,1.0
22593.0,0.0,1.0
22610.0,0.0,1.0
22627.0,0.0,1.0
22644.0,0.0,1.0
22661.0,0.0,1.0
22678.0,0.0,1.0
22695.0,0.0,1.0
22712.0,0.0,1.0
22729.0,0.0,1.0
22746.0,0.0,1.0
22763.0,0.0,1.0
22780.0,0.0,1.0
22797.0,0.0,1.0
22814.0,0.0,1.0
22831.0,0.0,1.0
22848.0,0.0,1.0
22865.0,0.0,1.0
22882.0,0.0,1.0
22899.0,0.0,1.0
22916.0,0.0,1.0
22933.0,0.0,1.0
22950.0,0.0,1.0
22967.0,0.0,1.0
22984.0,0.0,1.0
23001.0,0.0,1.0
23018.0,0.0,1.0
23035.0,0.0,1.0
23052.0,0.0,1.0
23069.0,0.0,1.0
23086.0,0.0,1.0
23103.0,0.0,1.0
23120.0,0.0,1.0
23137.0,0.0,1.0
23154.0,0.0,1.0
23171.0,0.0,1.0
23188.0,0.0,1.0
23205.0,0.0,1.0
23222.0,0.0,1.0
23239.0,0.0,1.0
23256.0,0.0,1.0
23273.0,0.0,1.0
23290.0,0.0,1.0
23307.0,0.0,1.0
23324.0,0.0,1.0
23341.0,0.0,1.0
23358.0,0.0,1.0
23375.0,0.0,1.0
23392.0,0.0,1.0
23409.0,0.0,1.0
23426.0,0.0,1.0
23443.0,0.0,1.0
23460.0,0.0,1.0
23477.0,0.0,1.0
23494.0,0.0,1.0
23511.0,0.0,1.0
23528.0,0.0,1.0
23545.0,0.0,1.0
23562.0,0.0,1.0
23579.0,0.0,1.0
23596.0,0.0,1.0
23613.0,0.0,1.0
23630.0,0.0,1.0
23647.0,0.0,1.0
23664.0,0.0,1.0
23681.0,0.0,1.0
23698.0,0.0,1.0
23715.0,0.0,1.0
23732.0,0.0,1.0
23749.0,0.0,1.0
23766.0,0.0,1.0
23783.0,0.0,1.0
23800.0,0.0,1.0
23817.0,0.0,1.0
23834.0,0.0,1.0
23851.0,0.0,1.0
23868.0,0.0,1.0
23885.0,0.0,1.0
23902.0,0.0,1.0
23919.0,0.0,1.0
23936.0,0.0,1.0
23953.0,0.0,1.0
23970.0,0.0,1.0
23987.0,0.0,1.0
24004.0,0.0,1.0
24021.0,0.0,1.0
24038.0,0.0,1.0
24055.0,0.0,1.0
24072.0,0.0,1.0
24089.0,0.0,1.0
24106.0,0.0,1.0
24123.0,0.0,1.0
24140.0,0.0,1.0
24157.0,0.0,1.0
24174.0,0.0,1.0
24191.0,0.0,1.0
24208.0,0.0,1.0
24225.0,0.0,1.0
24242.0,0.0,1.0
24259.0,0.0,1.0
24276.0,0.0,1.0
24293.0,0.0,1.0
24310.0,0.0,1.0
24327.0,0.0,1.0
24344.0,0.0,1.0
24361.0,0.0,1.0
24378.0,0.0,1.0
24395.0,0.0,1.0
24412.0,0.0,1.0
24429.0,0.0,1.0
24446.0,0.0,1.0
24463.0,0.0,1.0
24480.0,0.0,1.0
24497.0,0.0,1.0
24514.0,0.0,1.0
24531.0,0.0,1.0
24548.0,0.0,1.0
24565.0,0.0,1.0
24582.0,0.0,1.0
24599.0,0.0,1.0
24616.0,0.0,1.0
24633.0,0.0,1.0
24650.0,0.0,1.0
24667.0,0.0,1.0
24684.0,0.0,1.0
24701.0,0.0,1.0
24718.0,0.0,1.0
24735.0,0.0,1.0
24752.0,0.0,1.0
24769.0,0.0,1.0
24786.0,0.0,1.0
24803.0,0.0,1.0
24820.0,0.0,1.0
24837.0,0.0,1.0
24854.0,0.0,1.0
24871.0,0.0,1.0
24888.0,0.0,1.0
24905.0,0.0,1.0
24922.0,0.0,1.0
24939.0,0.0,1.0
24956.0,0.0,1.0
24973.0,0.0,1.0
24990.0,0.0,1.0
25007.0,0.0,1.0
25024.0,0.0,1.0
25041.0,0.0,1.0
25058.0,0.0,1.0
25075.0,0.0,1.0
25092.0,0.0,1.0
25109.0,0.0,1.0
25126.0,0.0,1.0
25143.0,0.0,1.0
25160.0,0.0,1.0
25177.0,0.0,1.0
25194.0,0.0,1.0
25211.0,0.0,1.0
25228.0,0.0,1.0
25245.0,0.0,1.0
25262.0,0.0,1.0
25279.0,0.0,1.0
25296.0,0.0,1.0
25313.0,0.0,1.0
25330.0,0.0,1.0
25347.0,0.0,1.0
25364.0,0.0,1.0
25381.0,0.0,1.0
25398.0,0.0,1.0
25415.0,0.0,1.0
25432.0,0.0,1.0
25449.0,0.0,1.0
25466.0,0.0,1.0
25483.0,0.0,1.0
25500.0,0.0,1.0
25517.0,0.0,1.0
25534.0,0.0,1.0
25551.0,0.0,1.0
25568.0,0.0,1.0
25585.0,0.0,1.0
25602.0,0.0,1.0
25619.0,0.0,1.0
25636.0,0.0,1.0
25653.0,0.0,1.0
25670.0,0.0,1.0
25687.0,0.0,1.0
25704.0,0.0,1.0
25721.0,0.0,1.0
25738.0,0.0,1.0
25755.0,0.0,1.0
25772.0,0.0,1.0
25789.0,0.0,1.0
25806.0,0.0,1.0
25823.0,0.0,1.0
25840.0,0.0,1.0
25857.0,0.0,1.0
25874.0,0.0,1.0
25891.0,0.0,1.0
25908.0,0.0,1.0
25925.0,0.0,1.0
25942.0,0.0,1.0
25959.0,0.0,1.0
25976.0,0.0,1.0
25993.0,0.0,1.0
26010.0,0.0,1.0
26027.0,0.0,1.0
26044.0,0.0,1.0
26061.0,0.0,1.0
26078.0,0.0,1.0
26095.0,0.0,1.0
26112.0,0.0,1.0
26129.0,0.0,1.0
26146.0,0.0,1.0
26163.0,0.0,1.0
26180.0,0.0,1.0
26197.0,0.0,1.0
26214.0,0.0,1.0
26231.0,0.0,1.0
26248.0,0.0,1.0
26265.0,0.0,1.0
26282.0,0.0,1.0
26299.0,0.0,1.0
26316.0,0.0,1.0
26333.0,0.0,1.0
26350.0,0.0,1.0
26367.0,0.0,1.0
26384.0,0.0,1.0
26401.0,0.0,1.0
26418.0,0.0,1.0
26435.0,0.0,1.0
26452.0,0.0,1.0
26469.0,0.0,1.0
26486.0,0.0,1.0
26503.0,0.0,1.0
26520.0,0.0,1.0
26537.0,0.0,1.0
26554.0,0.0,1.0
26571.0,0.0,1.0
26588.0,0.0,1.0
26605.0,0.0,1.0
26622.0,0.0,1.0
26639.0,0.0,1.0
26656.0,0.0,1.0
26673.0,0.0,1.0
26690.0,0.0,1.0
26707.0,0.0,1.0
26724.0,0.0,1.0
26741.0,0.0,1.0
26758.0,0.0,1.0
26775.0,0.0,1.0
26792.0,0.0,1.0
26809.0,0.0,1.0
26826.0,0.0,1.0
26843.0,0.0,1.0
26860.0,0.0,1.0
26877.0,0.0,1.0
26894.0,0.0,1.0
26911.0,0.0,1.0
26928.0,0.0,1.0
26945.0,0.0,1.0
26962.0,0.0,1.0
26979.0,0.0,1.0
26996.0,0.0,1.0
27013.0,0.0,1.0
27030.0,0.0,1.0
27047.0,0.0,1.0
27064.0,0.0,1.0
27081.0,0.0,1.0
27098.0,0.0,1.0
27115.0,0.0,1.0
27132.0,0.0,1.0
27149.0,0.0,1.0
27166.0,0.0,1.0
27183.0,0.0,1.0
27200.0,0.0,1.0
27217.0,0.0,1.0
27234.0,0.0,1.0
27251.0,0.0,1.0
27268.0,0.0,1.0
27285.0,0.0,1.0
27302.0,0.0,1.0
27319.0,0.0,1.0
27336.0,0.0,1.0
27353.0,0.0,1.0
27370.0,0.0,1.0
27387.0,0.0,1.0
27404.0,0.0,1.0
27421.0,0.0,1.0
27438.0,0.0,1.0
27455.0,0.0,1.0
27472.0,0.0,1.0
27489.0,0.0,1.0
27506.0,0.0,1.0
27523.0,0.0,1.0
27540.0,0.0,1.0
27557.0,0.0,1.0
27574.0,0.0,1.0
27591.0,0.0,1.0
27608.0,0.0,1.0
27625.0,0.0,1.0
27642.0,0.0,1.0
27659.0,0.0,1.0
27676.0,0.0,1.0
27693.0,0.0,1.0
27710.0,0.0,1.0
27727.0,0.0,1.0
27744.0,0.0,1.0
27761.0,0.0,1.0
27778.0,0.0,1.0
27795.0,0.0,1.0
27812.0,0.0,1.0
27829.0,0.0,1.0
27846.0,0.0,1.0
27863.0,0.0,1.0
27880.0,0.0,1.0
27897.0,0.0,1.0
27914.0,0.0,1.0
27931.0,0.0,1.0
27948.0,0.0,1.0
27965.0,0.0,1.0
27982.0,0.0,1.0
27999.0,0.0,1.0
28016.0,0.0,1.0
28033.0,0.0,1.0
28050.0,0.0,1.0
28067.0,0.0,1.0
28084.0,0.0,1.0
28101.0,0.0,1.0
28118.0,0.0,1.0
28135.0,0.0,1.0
28152.0,0.0,1.0
28169.0,0.0,1.0
28186.0,0.0,1.0
28203.0,0.0,1.0
28220.0,0.0,1.0
28237.0,0.0,1.0
28254.0,0.0,1.0
28271.0,0.0,1.0
28288.0,0.0,1.0
28305.0,0.0,1.0
28322.0,0.0,1.0
28339.0,0.0,1.0
28356.0,0.0,1.0
28373.0,0.0,1.0
28390.0,0.0,1.0
28407.0,0.0,1.0
28424.0,0.0,1.0
28441.0,0.0,1.0
28458.0,0.0,1.0
28475.0,0.0,1.0
28492.0,0.0,1.0
28509.0,0.0,1.0
28526.0,0.0,1.0
28543.0,0.0,1.0
28560.0,0.0,1.0
28577.0,0.0,1.0
28594.0,0.0,1.0
28611.0,0.0,1.0
28628.0,0.0,1.0
28645.0,0.0,1.0
28662.0,0.0,1.0
28679.0,0.0,1.0
28696.0,0.0,1.0
28713.0,0.0,1.0
28730.0,0.0,1.0
28747.0,0.0,1.0
28764.0,0.0,1.0
28781.0,0.0,1.0
28798.0,0.0,1.0
28815.0,0.0,1.0
28832.0,0.0,1.0
28849.0,0.0,1.0
28866.0,0.0,1.0
28883.0,0.0,1.0
28900.0,0.0,1.0
28917.0,0.0,1.0
28934.0,0.0,1.0
28951.0,0.0,1.0
28968.0,0.0,1.0
28985.0,0.0,1.0
29002.0,0.0,1.0
29019.0,0.0,1.0
29036.0,0.0,1.0
29053.0,0.0,1.0
29070.0,0.0,1.0
29087.0,0.0,1.0
29104.0,0.0,1.0
29121.0,0.0,1.0
29138.0,0.0,1.0
29155.0,0.0,1.0
29172.0,0.0,1.0
29189.0,0.0,1.0
29206.0,0.0,1.0
29223.0,0.0,1.0
29240.0,0.0,1.0
29257.0,0.0,1.0
29274.0,0.0,1.0
29291.0,0.0,1.0
29308.0,0.0,1.0
29325.0,0.0,1.0
29342.0,0.0,1.0
29359.0,0.0,1.0
29376.0,0.0,1.0
29393.0,0.0,1.0
29410.0,0.0,1.0
29427.0,0.0,1.0
29444.0,0.0,1.0
29461.0,0.0,1.0
29478.0,0.0,1.0
29495.0,0.0,1.0
29512.0,0.0,1.0
29529.0,0.0,1.0
29546.0,0.0,1.0
29563.0,0.0,1.0
29580.0,0.0,1.0
29597.0,0.0,1.0
29614.0,0.0,1.0
29631.0,0.0,1.0
29648.0,0.0,1.0
29665.0,0.0,1.0
29682.0,0.0,1.0
29699.0,0.0,1.0
29716.0,0.0,1.0
29733.0,0.0,1.0
29750.0,0.0,1.0
29767.0,0.0,1.0
29784.0,0.0,1.0
29801.0,0.0,1.0
29818.0,0.0,1.0
29835.0,0.0,1.0
29852.0,0.0,1.0
29869.0,0.0,1.0
29886.0,0.0,1.0
29903.0,0.0,1.0
29920.0,0.0,1.0
29937.0,0.0,1.0
29954.0,0.0,1.0
29971.0,0.0,1.0
29988.0,0.0,1.0
30005.0,0.0,1.0
30022.0,0.0,1.0
30039.0,0.0,1.0
30056.0,0.0,1.0
30073.0,0.0,1.0
30090.0,0.0,1.0
30107.0,0.0,1.0
30124.0,0.0,1.0
30141.0,0.0,1.0
30158.0,0.0,1.0
30175.0,0.0,1.0
30192.0,0.0,1.0
30209.0,0.0,1.0
30226.0,0.0,1.0
30243.0,0.0,1.0
30260.0,0.0,1.0
30277.0,0.0,1.0
30294.0,0.0,1.0
30311.0,0.0,1.0
30328.0,0.0,1.0
30345.0,0.0,1.0
30362.0,0.0,1.0
30379.0,0.0,1.0
30396.0,0.0,1.0
30413.0,0.0,1.0
30430.0,0.0,1.0
30447.0,0.0,1.0
30464.0,0.0,1.0
30481.0,0.0,1.0
30498.0,0.0,1.0
30515.0,0.0,1.0
30532.0,0.0,1.0
30549.0,0.0,1.0
30566.0,0.0,1.0
30583.0,0.0,1.0
30600.0,0.0,1.0
30617.0,0.0,1.0
30634.0,0.0,1.0
30651.0,0.0,1.0
30668.0,0.0,1.0
30685.0,0.0,1.0
30702.0,0.0,1.0
30719.0,0.0,1.0
30736.0,0.0,1.0
30753.0,0.0,1.0
30770.0,0.0,1.0
30787.0,0.0,1.0
30804.0,0.0,1.0
30821.0,0.0,1.0
30838.0,0.0,1.0
30855.0,0.0,1.0
30872.0,0.0,1.0
30889.0,0.0,1.0
30906.0,0.0,1.0
30923.0,0.0,1.0
30940.0,0.0,1.0
30957.0,0.0,1.0
30974.0,0.0,1.0
30991.0,0.0,1.0
31008.0,0.0,1.0
31025.0,0.0,1.0
31042.0,0.0,1.0
31059.0,0.0,1.0
31076.0,0.0,1.0
31093.0,0.0,1.0
31110.0,0.0,1.0
31127.0,0.0,1.0
31144.0,0.0,1.0
31161.0,0.0,1.0
31178.0,0.0,1.0
31195.0,0.0,1.0
31212.0,0.0,1.0
31229.0,0.0,1.0
31246.0,0.0,1.0
31263.0,0.0,1.0
31280.0,0.0,1.0
31297.0,0.0,1.0
31314.0,0.0,1.0
31331.0,0.0,1.0
31348.0,0.0,1.0
31365.0,0.0,1.0
31382.0,0.0,1.0
31399.0,0.0,1.0
31416.0,0.0,1.0
31433.0,0.0,1.0
31450.0,0.0,1.0
31467.0,0.0,1.0
31484.0,0.0,1.0
31501.0,0.0,1.0
31518.0,0.0,1.0
31535.0,0.0,1.0
31552.0,0.0,1.0
31569.0,0.0,1.0
31586.0,0.0,1.0
31603.0,0.0,1.0
31620.0,0.0,1.0
31637.0,0.0,1.0
31654.0,0.0,1.0
31671.0,0.0,1.0
31688.0,0.0,1.0
31705.0,0.0,1.0
31722.0,0.0,1.0
31739.0,0.0,1.0
31756.0,0.0,1.0
31773.0,0.0,1.0
31790.0,0.0,1.0
31807.0,0.0,1.0
31824.0,0.0,1.0
31841.0,0.0,1.0
31858.0,0.0,1.0
31875.0,0.0,1.0
31892.0,0.0,1.0
31909.0,0.0,1.0
31926.0,0.0,1.0
31943.0,0.0,1.0
31960.0,0.0,1.0
31977.0,0.0,1.0
31994.0,0.0,1.0
32011.0,0.0,1.0
32028.0,0.0,1.0
32045.0,0.0,1.0
32062.0,0.0,1.0
32079.0,0.0,1.0
32096.0,0.0,1.0
32113.0,0.0,1.0
32130.0,0.0,1.0
32147.0,0.0,1.0
32164.0,0.0,1.0
32181.0,0.0,1.0
32198.0,0.0,1.0
32215.0,0.0,1.0
32232.0,0.0,1.0
32249.0,0.0,1.0
32266.0,0.0,1.0
32283.0,0.0,1.0
32300.0,0.0,1.0
32317.0,0.0,1.0
32334.0,0.0,1.0
32351.0,0.0,1.0
32368.0,0.0,1.0
32385.0,0.0,1.0
32402.0,0.0,1.0
32419.0,0.0,1.0
32436.0,0.0,1.0
32453.0,0.0,1.0
32470.0,0.0,1.0
32487.0,0.0,1.0
32504.0,0.0,1.0
32521.0,0.0,1.0
32538.0,0.0,1.0
32555.0,0.0,1.0
32572.0,0.0,1.0
32589.0,0.0,1.0
32606.0,0.0,1.0
32623.0,0.0,1.0
32640.0,0.0,1.0
32657.0,0.0,1.0
32674.0,0.0,1.0
32691.0,0.0,1.0
32708.0,0.0,1.0
32725.0,0.0,1.0
32742.0,0.0,1.0
32759.0,0.0,1.0
32776.0,0.0,1.0
32793.0,0.0,1.0
32810.0,0.0,1.0
32827.0,0.0,1.0
32844.0,0.0,1.0
32861.0,0.0,1.0
32878.0,0.0,1.0
32895.0,0.0,1.0
32912.0,0.0,1.0
32929.0,0.0,1.0
32946.0,0.0,1.0
32963.0,0.0,1.0
32980.0,0.0,1.0
32997.0,0.0,1.0
33014.0,0.0,1.0
33031.0,0.0,1.0
33048.0,0.0,1.0
33065.0,0.0,1.0
33082.0,0.0,1.0
33099.0,0.0,1.0
33116.0,0.0,1.0
33133.0,0.0,1.0
33150.0,0.0,1.0
33167.0,0.0,1.0
33184.0,0.0,1.0
33201.0,0.0,1.0
33218.0,0.0,1.0
33235.0,0.0,1.0
33252.0,0.0,1.0
33269.0,0.0,1.0
33286.0,0.0,1.0
33303.0,0.0,1.0
33320.0,0.0,1.0
33337.0,0.0,1.0
33354.0,0.0,1.0
33371.0,0.0,1.0
33388.0,0.0,1.0
33405.0,0.0,1.0
33422.0,0.0,1.0
33439.0,0.0,1.0
33456.0,0.0,1.0
33473.0,0.0,1.0
33490.0,0.0,1.0
33507.0,0.0,1.0
33524.0,0.0,1.0
33541.0,0.0,1.0
33558.0,0.0,1.0
33575.0,0.0,1.0
33592.0,0.0,1.0
33609.0,0.0,1.0
33626.0,0.0,1.0
33643.0,0.0,1.0
33660.0,0.0,1.0
33677.0,0.0,1.0
33694.0,0.0,1.0
33711.0,0.0,1.0
33728.0,0.0,1.0
33745.0,0.0,1.0
33762.0,0.0,1.0
33779.0,0.0,1.0
33796.0,0.0,1.0
33813.0,0.0,1.0
33830.0,0.0,1.0
33847.0,0.0,1.0
33864.0,0.0,1.0
33881.0,0.0,1.0
33898.0,0.0,1.0
33915.0,0.0,1.0
33932.0,0.0,1.0
33949.0,0.0,1.0
33966.0,0.0,1.0
33983.0,0.0,1.0
34000.0,0.0,1.0
34017.0,0.0,1.0
34034.0,0.0,1.0
34051.0,0.0,1.0
34068.0,0.0,1.0
34085.0,0.0,1.0
34102.0,0.0,1.0
34119.0,0.0,1.0
34136.0,0.0,1.0
34153.0,0.0,1.0
34170.0,0.0,1.0
34187.0,0.0,1.0
34204.0,0.0,1.0
34221.0,0.0,1.0
34238.0,0.0,1.0
34255.0,0.0,1.0
34272.0,0.0,1.0
34289.0,0.0,1.0
34306.0,0.0,1.0
34323.0,0.0,1.0
34340.0,0.0,1.0
34357.0,0.0,1.0
34374.0,0.0,1.0
34391.0,0.0,1.0
34408.0,0.0,1.0
34425.0,0.0,1.0
34442.0,0.0,1.0
34459.0,0.0,1.0
34476.0,0.0,1.0
34493.0,0.0,1.0
34510.0,0.0,1.0
34527.0,0.0,1.0
34544.0,0.0,1.0
34561.0,0.0,1.0
34578.0,0.0,1.0
34595.0,0.0,1.0
34612.0,0.0,1.0
34629.0,0.0,1.0
34646.0,0.0,1.0
34663.0,0.0,1.0
34680.0,0.0,1.0
34697.0,0.0,1.0
34714.0,0.0,1.0
34731.0,0.0,1.0
34748.0,0.0,1.0
34765.0,0.0,1.0
34782.0,0.0,1.0
34799.0,0.0,1.0
34816.0,0.0,1.0
34833.0,0.0,1.0
34850.0,0.0,1.0
34867.0,0.0,1.0
34884.0,0.0,1.0
34901.0,0.0,1.0
34918.0,0.0,1.0
34935.0,0.0,1.0
34952.0,0.0,1.0
34969.0,0.0,1.0
34986.0,0.0,1.0
35003.0,0.0,1.0
35020.0,0.0,1.0
35037.0,0.0,1.0
35054.0,0.0,1.0
35071.0,0.0,1.0
35088.0,0.0,1.0
35105.0,0.0,1.0
35122.0,0.0,1.0
35139.0,0.0,1.0
35156.0,0.0,1.0
35173.0,0.0,1.0
35190.0,0.0,1.0
35207.0,0.0,1.0
35224.0,0.0,1.0
35241.0,0.0,1.0
35258.0,0.0,1.0
35275.0,0.0,1.0
35292.0,0.0,1.0
35309.0,0.0,1.0
35326.0,0.0,1.0
35343.0,0.0,1.0
35360.0,0.0,1.0
35377.0,0.0,1.0
35394.0,0.0,1.0
35411.0,0.0,1.0
35428.0,0.0,1.0
35445.0,0.0,1.0
35462.0,0.0,1.0
35479.0,0.0,1.0
35496.0,0.0,1.0
35513.0,0.0,1.0
35530.0,0.0,1.0
35547.0,0.0,1.0
35564.0,0.0,1.0
35581.0,0.0,1.0
35598.0,0.0,1.0
35615.0,0.0,1.0
35632.0,0.0,1.0
35649.0,0.0,1.0
35666.0,0.0,1.0
35683.0,0.0,1.0
35700.0,0.0,1.0
35717.0,0.0,1.0
35734.0,0.0,1.0
35751.0,0.0,1.0
35768.0,0.0,1.0
35785.0,0.0,1.0
35802.0,0.0,1.0
35819.0,0.0,1.0
35836.0,0.0,1.0
35853.0,0.0,1.0
35870.0,0.0,1.0
35887.0,0.0,1.0
35904.0,0.0,1.0
35921.0,0.0,1.0
35938.0,0.0,1.0
35955.0,0.0,1.0
35972.0,0.0,1.0
35989.0,0.0,1.0
36006.0,0.0,1.0
36023.0,0.0,1.0
36040.0,0.0,1.0
36057.0,0.0,1.0
36074.0,0.0,1.0
36091.0,0.0,1.0
36108.0,0.0,1.0
36125.0,0.0,1.0
36142.0,0.0,1.0
36159.0,0.0,1.0
36176.0,0.0,1.0
36193.0,0.0,1.0
36210.0,0.0,1.0
36227.0,0.0,1.0
36244.0,0.0,1.0
36261.0,0.0,1.0
36278.0,0.0,1.0
36295.0,0.0,1.0
36312.0,0.0,1.0
36329.0,0.0,1.0
36346.0,0.0,1.0
36363.0,0.0,1.0
36380.0,0.0,1.0
36397.0,0.0,1.0
36414.0,0.0,1.0
36431.0,0.0,1.0
36448.0,0.0,1.0
36465.0,0.0,1.0
36482.0,0.0,1.0
36499.0,0.0,1.0
36516.0,0.0,1.0
36533.0,0.0,1.0
36550.0,0.0,1.0
36567.0,0.0,1.0
36584.0,0.0,1.0
36601.0,0.0,1.0
36618.0,0.0,1.0
36635.0,0.0,1.0
36652.0,0.0,1.0
36669.0,0.0,1.0
36686.0,0.0,1.0
36703.0,0.0,1.0
36720.0,0.0,1.0
36737.0,0.0,1.0
36754.0,0.0,1.0
36771.0,0.0,1.0
36788.0,0.0,1.0
36805.0,0.0,1.0
36822.0,0.0,1.0
36839.0,0.0,1.0
36856.0,0.0,1.0
36873.0,0.0,1.0
36890.0,0.0,1.0
36907.0,0.0,1.0
36924.0,0.0,1.0
36941.0,0.0,1.0
36958.0,0.0,1.0
36975.0,0.0,1.0
36992.0,0.0,1.0
37009.0,0.0,1.0
37026.0,0.0,1.0
37043.0,0.0,1.0
37060.0,0.0,1.0
37077.0,0.0,1.0
37094.0,0.0,1.0
37111.0,0.0,1.0
37128.0,0.0,1.0
37145.0,0.0,1.0
37162.0,0.0,1.0
37179.0,0.0,1.0
37196.0,0.0,1.0
37213.0,0.0,1.0
37230.0,0.0,1.0
37247.0,0.0,1.0
37264.0,0.0,1.0
37281.0,0.0,1.0
37298.0,0.0,1.0
37315.0,0.0,1.0
37332.0,0.0,1.0
37349.0,0.0,1.0
37366.0,0.0,1.0
37383.0,0.0,1.0
37400.0,0.0,1.0
37417.0,0.0,1.0
37434.0,0.0,1.0
37451.0,0.0,1.0
37468.0,0.0,1.0
37485.0,0.0,1.0
37502.0,0.0,1.0
37519.0,0.0,1.0
37536.0,0.0,1.0
37553.0,0.0,1.0
37570.0,0.0,1.0
37587.0,0.0,1.0
37604.0,0.0,1.0
37621.0,0.0,1.0
37638.0,0.0,1.0
37655.0,0.0,1.0
37672.0,0.0,1.0
37689.0,0.0,1.0
37706.0,0.0,1.0
37723.0,0.0,1.0
37740.0,0.0,1.0
37757.0,0.0,1.0
37774.0,0.0,1.0
37791.0,0.0,1.0
37808.0,0.0,1.0
37825.0,0.0,1.0
37842.0,0.0,1.0
37859.0,0.0,1.0
37876.0,0.0,1.0
37893.0,0.0,1.0
37910.0,0.0,1.0
37927.0,0.0,1.0
37944.0,0.0,1.0
37961.0,0.0,1.0
37978.0,0.0,1.0
37995.0,0.0,1.0
38012.0,0.0,1.0
38029.0,0.0,1.0
38046.0,0.0,1.0
38063.0,0.0,1.0
38080.0,0.0,1.0
38097.0,0.0,1.0
38114.0,0.0,1.0
38131.0,0.0,1.0
38148.0,0.0,1.0
38165.0,0.0,1.0
38182.0,0.0,1.0
38199.0,0.0,1.0
38216.0,0.0,1.0
38233.0,0.0,1.0
38250.0,0.0,1.0
38267.0,0.0,1.0
38284.0,0.0,1.0
38301.0,0.0,1.0
38318.0,0.0,1.0
38335.0,0.0,1.0
38352.0,0.0,1.0
38369.0,0.0,1.0
38386.0,0.0,1.0
38403.0,0.0,1.0
38420.0,0.0,1.0
38437.0,0.0,1.0
38454.0,0.0,1.0
38471.0,0.0,1.0
38488.0,0.0,1.0
38505.0,0.0,1.0
38522.0,0.0,1.0
38539.0,0.0,1.0
38556.0,0.0,1.0
38573.0,0.0,1.0
38590.0,0.0,1.0
38607.0,0.0,1.0
38624.0,0.0,1.0
38641.0,0.0,1.0
38658.0,0.0,1.0
38675.0,0.0,1.0
38692.0,0.0,1.0
38709.0,0.0,1.0
38726.0,0.0,1.0
38743.0,0.0,1.0
38760.0,0.0,1.0
38777.0,0.0,1.0
38794.0,0.0,1.0
38811.0,0.0,1.0
38828.0,0.0,1.0
38845.0,0.0,1.0
38862.0,0.0,1.0
38879.0,0.0,1.0
38896.0,0.0,1.0
38913.0,0.0,1.0
38930.0,0.0,1.0
38947.0,0.0,1.0
38964.0,0.0,1.0
38981.0,0.0,1.0
38998.0,0.0,1.0
39015.0,0.0,1.0
39032.0,0.0,1.0
39049.0,0.0,1.0
39066.0,0.0,1.0
39083.0,0.0,1.0
39100.0,0.0,1.0
39117.0,0.0,1.0
39134.0,0.0,1.0
39151.0,0.0,1.0
39168.0,0.0,1.0
39185.0,0.0,1.0
39202.0,0.0,1.0
39219.0,0.0,1.0
39236.0,0.0,1.0
39253.0,0.0,1.0
39270.0,0.0,1.0
39287.0,0.0,1.0
39304.0,0.0,1.0
39321.0,0.0,1.0
39338.0,0.0,1.0
39355.0,0.0,1.0
39372.0,0.0,1.0
39389.0,0.0,1.0
39406.0,0.0,1.0
39423.0,0.0,1.0
39440.0,0.0,1.0
39457.0,0.0,1.0
39474.0,0.0,1.0
39491.0,0.0,1.0
39508.0,0.0,1.0
39525.0,0.0,1.0
39542.0,0.0,1.0
39559.0,0.0,1.0
39576.0,0.0,1.0
39593.0,0.0,1.0
39610.0,0.0,1.0
39627.0,0.0,1.0
39644.0,0.0,1.0
39661.0,0.0,1.0
39678.0,0.0,1.0
39695.0,0.0,1.0
39712.0,0.0,1.0
39729.0,0.0,1.0
39746.0,0.0,1.0
39763.0,0.0,1.0
39780.0,0.0,1.0
39797.0,0.0,1.0
39814.0,0.0,1.0
39831.0,0.0,1.0
39848.0,0.0,1.0
39865.0,0.0,1.0
39882.0,0.0,1.0
39899.0,0.0,1.0
39916.0,0.0,1.0
39933.0,0.0,1.0
39950.0,0.0,1.0
39967.0,0.0,1.0
39984.0,0.0,1.0
40001.0,0.0,1.0
40018.0,0.0,1.0
40035.0,0.0,1.0
40052.0,0.0,1.0
40069.0,0.0,1.0
40086.0,0.0,1.0
40103.0,0.0,1.0
40120.0,0.0,1.0
40137.0,0.0,1.0
40154.0,0.0,1.0
40171.0,0.0,1.0
40188.0,0.0,1.0
40205.0,0.0,1.0
40222.0,0.0,1.0
40239.0,0.0,1.0
40256.0,0.0,1.0
40273.0,0.0,1.0
40290.0,0.0,1.0
40307.0,0.0,1.0
40324.0,0.0,1.0
40341.0,0.0,1.0
40358.0,0.0,1.0
40375.0,0.0,1.0
40392.0,0.0,1.0
40409.0,0.0,1.0
40426.0,0.0,1.0
40443.0,0.0,1.0
40460.0,0.0,1.0
40477.0,0.0,1.0
40494.0,0.0,1.0
40511.0,0.0,1.0
40528.0,0.0,1.0
40545.0,0.0,1.0
40562.0,0.0,1.0
40579.0,0.0,1.0
40596.0,0.0,1.0
40613.0,0.0,1.0
40630.0,0.0,1.0
40647.0,0.0,1.0
40664.0,0.0,1.0
40681.0,0.0,1.0
40698.0,0.0,1.0
40715.0,0.0,1.0
40732.0,0.0,1.0
40749.0,0.0,1.0
40766.0,0.0,1.0
40783.0,0.0,1.0
40800.0,0.0,1.0
40817.0,0.0,1.0
40834.0,0.0,1.0
40851.0,0.0,1.0
40868.0,0.0,1.0
40885.0,0.0,1.0
40902.0,0.0,1.0
40919.0,0.0,1.0
40936.0,0.0,1.0
40953.0,0.0,1.0
40970.0,0.0,1.0
40987.0,0.0,1.0
41004.0,0.0,1.0
41021.0,0.0,1.0
41038.0,0.0,1.0
41055.0,0.0,1.0
41072.0,0.0,1.0
41089.0,0.0,1.0
41106.0,0.0,1.0
41123.0,0.0,1.0
41140.0,0.0,1.0
41157.0,0.0,1.0
41174.0,0.0,1.0
41191.0,0.0,1.0
41208.0,0.0,1.0
41225.0,0.0,1.0
41242.0,0.0,1.0
41259.0,0.0,1.0
41276.0,0.0,1.0
41293.0,0.0,1.0
41310.0,0.0,1.0
41327.0,0.0,1.0
41344.0,0.0,1.0
41361.0,0.0,1.0
41378.0,0.0,1.0
41395.0,0.0,1.0
41412.0,0.0,1.0
41429.0,0.0,1.0
41446.0,0.0,1.0
41463.0,0.0,1.0
41480.0,0.0,1.0
41497.0,0.0,1.0
41514.0,0.0,1.0
41531.0,0.0,1.0
41548.0,0.0,1.0
41565.0,0.0,1.0
41582.0,0.0,1.0
41599.0,0.0,1.0
41616.0,0.0,1.0
41633.0,0.0,1.0
41650.0,0.0,1.0
41667.0,0.0,1.0
41684.0,0.0,1.0
41701.0,0.0,1.0
41718.0,0.0,1.0
41735.0,0.0,1.0
41752.0,0.0,1.0
41769.0,0.0,1.0
41786.0,0.0,1.0
41803.0,0.0,1.0
41820.0,0.0,1.0
41837.0,0.0,1.0
41854.0,0.0,1.0
41871.0,0.0,1.0
41888.0,0.0,1.0
41905.0,0.0,1.0
41922.0,0.0,1.0
41939.0,0.0,1.0
41956.0,0.0,1.0
41973.0,0.0,1.0
41990.0,0.0,1.0
42007.0,0.0,1.0
42024.0,0.0,1.0
42041.0,0.0,1.0
42058.0,0.0,1.0
42075.0,0.0,1.0
42092.0,0.0,1.0
42109.0,0.0,1.0
42126.0,0.0,1.0
42143.0,0.0,1.0
42160.0,0.0,1.0
42177.0,0.0,1.0
42194.0,0.0,1.0
42211.0,0.0,1.0
42228.0,0.0,1.0
42245.0,0.0,1.0
42262.0,0.0,1.0
42279.0,0.0,1.0
42296.0,0.0,1.0
42313.0,0.0,1.0
42330.0,0.0,1.0
42347.0,0.0,1.0
42364.0,0.0,1.0
42381.0,0.0,1.0
42398.0,0.0,1.0
42415.0,0.0,1.0
42432.0,0.0,1.0
42449.0,0.0,1.0
42466.0,0.0,1.0
42483.0,0.0,1.0
42500.0,0.0,1.0
42517.0,0.0,1.0
42534.0,0.0,1.0
42551.0,0.0,1.0
42568.0,0.0,1.0
42585.0,0.0,1.0
42602.0,0.0,1.0
42619.0,0.0,1.0
42636.0,0.0,1.0
42653.0,0.0,1.0
42670.0,0.0,1.0
42687.0,0.0,1.0
42704.0,0.0,1.0
42721.0,0.0,1.0
42738.0,0.0,1.0
42755.0,0.0,1.0
42772.0,0.0,1.0
42789.0,0.0,1.0
42806.0,0.0,1.0
42823.0,0.0,1.0
42840.0,0.0,1.0
42857.0,0.0,1.0
42874.0,0.0,1.0
42891.0,0.0,1.0
42908.0,0.0,1.0
42925.0,0.0,1.0
42942.0,0.0,1.0
42959.0,0.0,1.0
42976.0,0.0,1.0
42993.0,0.0,1.0
43010.0,0.0,1.0
43027.0,0.0,1.0
43044.0,0.0,1.0
43061.0,0.0,1.0
43078.0,0.0,1.0
43095.0,0.0,1.0
43112.0,0.0,1.0
43129.0,0.0,1.0
43146.0,0.0,1.0
43163.0,0.0,1.0
43180.0,0.0,1.0
43197.0,0.0,1.0
43214.0,0.0,1.0
43231.0,0.0,1.0
43248.0,0.0,1.0
43265.0,0.0,1.0
43282.0,0.0,1.0
43299.0,0.0,1.0
43316.0,0.0,1.0
43333.0,0.0,1.0
43350.0,0.0,1.0
43367.0,0.0,1.0
43384.0,0.0,1.0
43401.0,0.0,1.0
43418.0,0.0,1.0
43435.0,0.0,1.0
43452.0,0.0,1.0
43469.0,0.0,1.0
43486.0,0.0,1.0
43503.0,0.0,1.0
43520.0,0.0,1.0
43537.0,0.0,1.0
43554.0,0.0,1.0
43571.0,0.0,1.0
43588.0,0.0,1.0
43605.0,0.0,1.0
43622.0,0.0,1.0
43639.0,0.0,1.0
43656.0,0.0,1.0
43673.0,0.0,1.0
43690.0,0.0,1.0
43707.0,0.0,1.0
43724.0,0.0,1.0
43741.0,0.0,1.0
43758.0,0.0,1.0
43775.0,0.0,1.0
43792.0,0.0,1.0
43809.0,0.0,1.0
43826.0,0.0,1.0
43843.0,0.0,1.0
43860.0,0.0,1.0
43877.0,0.0,1.0
43894.0,0.0,1.0
43911.0,0.0,1.0
43928.0,0.0,1.0
43945.0,0.0,1.0
43962.0,0.0,1.0
43979.0,0.0,1.0
43996.0,0.0,1.0
44013.0,0.0,1.0
44030.0,0.0,1.0
44047.0,0.0,1.0
44064.0,0.0,1.0
44081.0,0.0,1.0
44098.0,0.0,1.0
44115.0,0.0,1.0
44132.0,0.0,1.0
44149.0,0.0,1.0
44166.0,0.0,1.0
44183.0,0.0,1.0
44200.0,0.0,1.0
44217.0,0.0,1.0
44234.0,0.0,1.0
44251.0,0.0,1.0
44268.0,0.0,1.0
44285.0,0.0,1.0
44302.0,0.0,1.0
44319.0,0.0,1.0
44336.0,0.0,1.0
44353.0,0.0,1.0
44370.0,0.0,1.0
44387.0,0.0,1.0
44404.0,0.0,1.0
44421.0,0.0,1.0
44438.0,0.0,1.0
44455.0,0.0,1.0
44472.0,0.0,1.0
44489.0,0.0,1.0
44506.0,0.0,1.0
44523.0,0.0,1.0
44540.0,0.0,1.0
44557.0,0.0,1.0
44574.0,0.0,1.0
44591.0,0.0,1.0
44608.0,0.0,1.0
44625.0,0.0,1.0
44642.0,0.0,1.0
44659.0,0.0,1.0
44676.0,0.0,1.0
44693.0,0.0,1.0
44710.0,0.0,1.0
44727.0,0.0,1.0
44744.0,0.0,1.0
44761.0,0.0,1.0
44778.0,0.0,1.0
44795.0,0.0,1.0
44812.0,0.0,1.0
44829.0,0.0,1.0
44846.0,0.0,1.0
44863.0,0.0,1.0
44880.0,0.0,1.0
44897.0,0.0,1.0
44914.0,0.0,1.0
44931.0,0.0,1.0
44948.0,0.0,1.0
44965.0,0.0,1.0
44982.0,0.0,1.0
44999.0,0.0,1.0
45016.0,0.0,1.0
45033.0,0.0,1.0
45050.0,0.0,1.0
45067.0,0.0,1.0
45084.0,0.0,1.0
45101.0,0.0,1.0
45118.0,0.0,1.0
45135.0,0.0,1.0
45152.0,0.0,1.0
45169.0,0.0,1.0
45186.0,0.0,1.0
45203.0,0.0,1.0
45220.0,0.0,1.0
45237.0,0.0,1.0
45254.0,0.0,1.0
45271.0,0.0,1.0
45288.0,0.0,1.0
45305.0,0.0,1.0
45322.0,0.0,1.0
45339.0,0.0,1.0
45356.0,0.0,1.0
45373.0,0.0,1.0
45390.0,0.0,1.0
45407.0,0.0,1.0
45424.0,0.0,1.0
45441.0,0.0,1.0
45458.0,0.0,1.0
45475.0,0.0,1.0
45492.0,0.0,1.0
45509.0,0.0,1.0
45526.0,0.0,1.0
45543.0,0.0,1.0
45560.0,0.0,1.0
45577.0,0.0,1.0
45594.0,0.0,1.0
45611.0,0.0,1.0
45628.0,0.0,1.0
45645.0,0.0,1.0
45662.0,0.0,1.0
45679.0,0.0,1.0
45696.0,0.0,1.0
45713.0,0.0,1.0
45730.0,0.0,1.0
45747.0,0.0,1.0
45764.0,0.0,1.0
45781.0,0.0,1.0
45798.0,0.0,1.0
45815.0,0.0,1.0
45832.0,0.0,1.0
45849.0,0.0,1.0
45866.0,0.0,1.0
45883.0,0.0,1.0
45900.0,0.0,1.0
45917.0,0.0,1.0
45934.0,0.0,1.0
45951.0,0.0,1.0
45968.0,0.0,1.0
45985.0,0.0,1.0
46002.0,0.0,1.0
46019.0,0.0,1.0
46036.0,0.0,1.0
46053.0,0.0,1.0
46070.0,0.0,1.0
46087.0,0.0,1.0
46104.0,0.0,1.0
46121.0,0.0,1.0
46138.0,0.0,1.0
46155.0,0.0,1.0
46172.0,0.0,1.0
46189.0,0.0,1.0
46206.0,0.0,1.0
46223.0,0.0,1.0
46240.0,0.0,1.0
46257.0,0.0,1.0
46274.0,0.0,1.0
46291.0,0.0,1.0
46308.0,0.0,1.0
46325.0,0.0,1.0
46342.0,0.0,1.0
46359.0,0.0,1.0
46376.0,0.0,1.0
46393.0,0.0,1.0
46410.0,0.0,1.0
46427.0,0.0,1.0
46444.0,0.0,1.0
46461.0,0.0,1.0
46478.0,0.0,1.0
46495.0,0.0,1.0
46512.0,0.0,1.0
46529.0,0.0,1.0
46546.0,0.0,1.0
46563.0,0.0,1.0
46580.0,0.0,1.0
46597.0,0.0,1.0
46614.0,0.0,1.0
46631.0,0.0,1.0
46648.0,0.0,1.0
46665.0,0.0,1.0
46682.0,0.0,1.0
46699.0,0.0,1.0
46716.0,0.0,1.0
46733.0,0.0,1.0
46750.0,0.0,1.0
46767.0,0.0,1.0
46784.0,0.0,1.0
46801.0,0.0,1.0
46818.0,0.0,1.0
46835.0,0.0,1.0
46852.0,0.0,1.0
46869.0,0.0,1.0
46886.0,0.0,1.0
46903.0,0.0,1.0
46920.0,0.0,1.0
46937.0,0.0,1.0
46954.0,0.0,1.0
46971.0,0.0,1.0
46988.0,0.0,1.0
47005.0,0.0,1.0
47022.0,0.0,1.0
47039.0,0.0,1.0
47056.0,0.0,1.0
47073.0,0.0,1.0
47090.0,0.0,1.0
47107.0,0.0,1.0
47124.0,0.0,1.0
47141.0,0.0,1.0
47158.0,0.0,1.0
47175.0,0.0,1.0
47192.0,0.0,1.0
47209.0,0.0,1.0
47226.0,0.0,1.0
47243.0,0.0,1.0
47260.0,0.0,1.0
47277.0,0.0,1.0
47294.0,0.0,1.0
47311.0,0.0,1.0
47328.0,0.0,1.0
47345.0,0.0,1.0
47362.0,0.0,1.0
47379.0,0.0,1.0
47396.0,0.0,1.0
47413.0,0.0,1.0
47430.0,0.0,1.0
47447.0,0.0,1.0
47464.0,0.0,1.0
47481.0,0.0,1.0
47498.0,0.0,1.0
47515.0,0.0,1.0
47532.0,0.0,1.0
47549.0,0.0,1.0
47566.0,0.0,1.0
47583.0,0.0,1.0
47600.0,0.0,1.0
47617.0,0.0,1.0
47634.0,0.0,1.0
47651.0,0.0,1.0
47668.0,0.0,1.0
47685.0,0.0,1.0
47702.0,0.0,1.0
47719.0,0.0,1.0
47736.0,0.0,1.0
47753.0,0.0,1.0
47770.0,0.0,1.0
47787.0,0.0,1.0
47804.0,0.0,1.0
47821.0,0.0,1.0
47838.0,0.0,1.0
47855.0,0.0,1.0
47872.0,0.0,1.0
47889.0,0.0,1.0
47906.0,0.0,1.0
47923.0,0.0,1.0
47940.0,0.0,1.0
47957.0,0.0,1.0
47974.0,0.0,1.0
47991.0,0.0,1.0
48008.0,0.0,1.0
48025.0,0.0,1.0
48042.0,0.0,1.0
48059.0,0.0,1.0
48076.0,0.0,1.0
48093.0,0.0,1.0
48110.0,0.0,1.0
48127.0,0.0,1.0
48144.0,0.0,1.0
48161.0,0.0,1.0
48178.0,0.0,1.0
48195.0,0.0,1.0
48212.0,0.0,1.0
48229.0,0.0,1.0
48246.0,0.0,1.0
48263.0,0.0,1.0
48280.0,0.0,1.0
48297.0,0.0,1.0
48314.0,0.0,1.0
48331.0,0.0,1.0
48348.0,0.0,1.0
48365.0,0.0,1.0
48382.0,0.0,1.0
48399.0,0.0,1.0
48416.0,0.0,1.0
48433.0,0.0,1.0
48450.0,0.0,1.0
48467.0,0.0,1.0
48484.0,0.0,1.0
48501.0,0.0,1.0
48518.0,0.0,1.0
48535.0,0.0,1.0
48552.0,0.0,1.0
48569.0,0.0,1.0
48586.0,0.0,1.0
48603.0,0.0,1.0
48620.0,0.0,1.0
48637.0,0.0,1.0
48654.0,0.0,1.0
48671.0,0.0,1.0
48688.0,0.0,1.0
48705.0,0.0,1.0
48722.0,0.0,1.0
48739.0,0.0,1.0
48756.0,0.0,1.0
48773.0,0.0,1.0
48790.0,0.0,1.0
48807.0,0.0,1.0
48824.0,0.0,1.0
48841.0,0.0,1.0
48858.0,0.0,1.0
48875.0,0.0,1.0
48892.0,0.0,1.0
48909.0,0.0,1.0
48926.0,0.0,1.0
48943.0,0.0,1.0
48960.0,0.0,1.0
48977.0,0.0,1.0
48994.0,0.0,1.0
49011.0,0.0,1.0
49028.0,0.0,1.0
49045.0,0.0,1.0
49062.0,0.0,1.0
49079.0,0.0,1.0
49096.0,0.0,1.0
49113.0,0.0,1.0
49130.0,0.0,1.0
49147.0,0.0,1.0
49164.0,0.0,1.0
49181.0,0.0,1.0
49198.0,0.0,1.0
49215.0,0.0,1.0
49232.0,0.0,1.0
49249.0,0.0,1.0
49266.0,0.0,1.0
49283.0,0.0,1.0
49300.0,0.0,1.0
49317.0,0.0,1.0
49334.0,0.0,1.0
49351.0,0.0,1.0
49368.0,0.0,1.0
49385.0,0.0,1.0
49402.0,0.0,1.0
49419.0,0.0,1.0
49436.0,0.0,1.0
49453.0,0.0,1.0
49470.0,0.0,1.0
49487.0,0.0,1.0
49504.0,0.0,1.0
49521.0,0.0,1.0
49538.0,0.0,1.0
49555.0,0.0,1.0
49572.0,0.0,1.0
49589.0,0.0,1.0
49606.0,0.0,1.0
49623.0,0.0,1.0
49640.0,0.0,1.0
49657.0,0.0,1.0
49674.0,0.0,1.0
49691.0,0.0,1.0
49708.0,0.0,1.0
49725.0,0.0,1.0
49742.0,0.0,1.0
49759.0,0.0,1.0
49776.0,0.0,1.0
49793.0,0.0,1.0
49810.0,0.0,1.0
49827.0,0.0,1.0
49844.0,0.0,1.0
49861.0,0.0,1.0
49878.0,0.0,1.0
49895.0,0.0,1.0
49912.0,0.0,1.0
49929.0,0.0,1.0
49946.0,0.0,1.0
49963.0,0.0,1.0
49980.0,0.0,1.0
49997.0,0.0,1.0
50014.0,0.0,1.0
50031.0,0.0,1.0
50048.0,0.0,1.0
50065.0,0.0,1.0
50082.0,0.0,1.0
50099.0,0.0,1.0
50116.0,0.0,1.0
50133.0,0.0,1.0
50150.0,0.0,1.0
50167.0,0.0,1.0
50184.0,0.0,1.0
50201.0,0.0,1.0
50218.0,0.0,1.0
50235.0,0.0,1.0
50252.0,0.0,1.0
50269.0,0.0,1.0
50286.0,0.0,1.0
50303.0,0.0,1.0
50320.0,0.0,1.0
50337.0,0.0,1.0
50354.0,0.0,1.0
50371.0,0.0,1.0
50388.0,0.0,1.0
50405.0,0.0,1.0
50422.0,0.0,1.0
50439.0,0.0,1.0
50456.0,0.0,1.0
50473.0,0.0,1.0
50490.0,0.0,1.0
50507.0,0.0,1.0
50524.0,0.0,1.0
50541.0,0.0,1.0
50558.0,0.0,1.0
50575.0,0.0,1.0
50592.0,0.0,1.0
50609.0,0.0,1.0
50626.0,0.0,1.0
50643.0,0.0,1.0
50660.0,0.0,1.0
50677.0,0.0,1.0
50694.0,0.0,1.0
50711.0,0.0,1.0
50728.0,0.0,1.0
50745.0,0.0,1.0
50762.0,0.0,1.0
50779.0,0.0,1.0
50796.0,0.0,1.0
50813.0,0.0,1.0
50830.0,0.0,1.0
50847.0,0.0,1.0
50864.0,0.0,1.0
50881.0,0.0,1.0
50898.0,0.0,1.0