Time,RejRate,AcceptRate
6.129,0.0,1.0
5.925,0.0,1.0
0.074,0.0,1.0
6.04,0.0,1.0
5.131,0.0,1.0
5.053,0.0,1.0
5.07,0.0,1.0
5.884,0.0,1.0
5.008,0.0,1.0
7.982,0.0,1.0
5.923,0.0,1.0
5.835,0.0,1.0
6.941,0.0,1.0
5.072,0.0,1.0
5.794,0.0,1.0
6.821,0.0,1.0
5.925,0.0,1.0
5.884,0.0,1.0
5.812,0.0,1.0
6.106,0.0,1.0
5.965,0.0,1.0
5.065,0.0,1.0
7.955,0.0,1.0
5.129,0.0,1.0
5.089,0.0,1.0
5.242,0.0,1.0
5.865,0.0,1.0
6.81,0.0,1.0
4.782,0.0,1.0
5.026,0.0,1.0
5.812,0.0,1.0
5.096,0.0,1.0
6.075,0.0,1.0
5.957,0.0,1.0
5.936,0.0,1.0
7.976,0.0,1.0
6.894,0.0,1.0
5.018,0.0,1.0
7.881,0.0,1.0
4.999,0.0,1.0
5.554,0.0,1.0
6.153,0.0,1.0
5.075,0.0,1.0
5.806,0.0,1.0
5.886,0.0,1.0
0.0,0.0,1.0
5.053,0.0,1.0
5.004,0.0,1.0
5.01,0.0,1.0
5.855,0.0,1.0
5.061,0.0,1.0
5.063,0.0,1.0
7.084,0.0,1.0
5.083,0.0,1.0
5.032,0.0,1.0
5.218,0.0,1.0
5.01,0.0,1.0
5.855,0.0,1.0
5.022,0.0,1.0
5.91,0.0,1.0
5.246,0.0,1.0
5.092,0.0,1.0
5.01,0.0,1.0
4.751,0.0,1.0
5.172,0.0,1.0
5.246,0.0,1.0
5.061,0.0,1.0
5.884,0.0,1.0
5.014,0.0,1.0
6.911,0.0,1.0
5.063,0.0,1.0
5.077,0.0,1.0
5.94,0.0,1.0
5.288,0.0,1.0
5.192,0.0,1.0
5.162,0.0,1.0
5.164,0.0,1.0
5.104,0.0,1.0
5.027,0.0,1.0
5.005,0.0,1.0
5.034,0.0,1.0
5.005,0.0,1.0
4.999,0.0,1.0
5.009,0.0,1.0
6.089,0.0,1.0
5.141,0.0,1.0
5.208,0.0,1.0
5.934,0.0,1.0
6.087,0.0,1.0
5.983,0.0,1.0
5.983,0.0,1.0
5.306,0.0,1.0
5.053,0.0,1.0
5.947,0.0,1.0
5.002,0.0,1.0
5.232,0.0,1.0
5.037,0.0,1.0
5.248,0.0,1.0
5.04,0.0,1.0
4.272,0.0,1.0
407.9,0.0,1.0
407.974,0.0,1.0
412.868,0.0,1.0
412.992,0.0,1.0
412.417,0.0,1.0
412.922,0.0,1.0
413.177,0.0,1.0
412.461,0.0,1.0
412.989,0.0,1.0
412.904,0.0,1.0
412.91,0.0,1.0
412.961,0.0,1.0
412.963,0.0,1.0
413.652,0.0,1.0
412.983,0.0,1.0
412.44,0.0,1.0
412.857,0.0,1.0
411.85,0.0,1.0
412.926,0.0,1.0
412.996,0.0,1.0
412.676,0.0,1.0
412.88,0.0,1.0
412.791,0.0,1.0
412.539,0.0,1.0
412.461,0.0,1.0
412.478,0.0,1.0
412.512,0.0,1.0
412.905,0.0,1.0
412.442,0.0,1.0
412.413,0.0,1.0
412.407,0.0,1.0
412.908,0.0,1.0
412.84,0.0,1.0
412.549,0.0,1.0
413.108,0.0,1.0
413.146,0.0,1.0
413.118,0.0,1.0
413.158,0.0,1.0
413.146,0.0,1.0
412.708,0.0,1.0
412.418,0.0,1.0
410.415,0.0,1.0
412.961,0.0,1.0
413.142,0.0,1.0
413.206,0.0,1.0
412.953,0.0,1.0
412.941,0.0,1.0
412.902,0.0,1.0
413.132,0.0,1.0
412.937,0.0,1.0
413.148,0.0,1.0
412.988,0.0,1.0
413.007,0.0,1.0
412.91,0.0,1.0
411.819,0.0,1.0
413.072,0.0,1.0
412.914,0.0,1.0
412.972,0.0,1.0
412.94,0.0,1.0
412.958,0.0,1.0
412.927,0.0,1.0
412.963,0.0,1.0
412.977,0.0,1.0
413.188,0.0,1.0
413.064,0.0,1.0
412.6,0.0,1.0
412.57,0.0,1.0
412.899,0.0,1.0
413.454,0.0,1.0
413.224,0.0,1.0
412.975,0.0,1.0
412.965,0.0,1.0
412.537,0.0,1.0
412.426,0.0,1.0
412.996,0.0,1.0
413.146,0.0,1.0
414.823,0.0,1.0
414.878,0.0,1.0
414.988,0.0,1.0
414.888,0.0,1.0
414.835,0.0,1.0
414.85,0.0,1.0
414.907,0.0,1.0
414.957,0.0,1.0
415.006,0.0,1.0
414.946,0.0,1.0
414.858,0.0,1.0
415.006,0.0,1.0
414.933,0.0,1.0
414.907,0.0,1.0
414.97,0.0,1.0
414.878,0.0,1.0
414.844,0.0,1.0
414.749,0.0,1.0
414.963,0.0,1.0
414.907,0.0,1.0
414.835,0.0,1.0
414.829,0.0,1.0
414.909,0.0,1.0
414.817,0.0,1.0
813.947,0.0,1.0
814.021,0.0,1.0
817.695,0.0,1.0
817.739,0.0,1.0
818.969,0.0,1.0
819.036,0.0,1.0
818.951,0.0,1.0
819.008,0.0,1.0
818.957,0.0,1.0
819.01,0.0,1.0
819.189,0.0,1.0
817.023,0.0,1.0
817.718,0.0,1.0
819.03,0.0,1.0
818.973,0.0,1.0
819.043,0.0,1.0
817.817,0.0,1.0
817.739,0.0,1.0
817.756,0.0,1.0
817.79,0.0,1.0
818.952,0.0,1.0
817.72,0.0,1.0
817.691,0.0,1.0
817.685,0.0,1.0
818.955,0.0,1.0
817.827,0.0,1.0
819.155,0.0,1.0
819.008,0.0,1.0
819.165,0.0,1.0
819.193,0.0,1.0
817.696,0.0,1.0
818.315,0.0,1.0
819.253,0.0,1.0
819.0,0.0,1.0
818.949,0.0,1.0
819.179,0.0,1.0
818.984,0.0,1.0
819.195,0.0,1.0
819.193,0.0,1.0
819.039,0.0,1.0
818.957,0.0,1.0
816.992,0.0,1.0
819.119,0.0,1.0
818.987,0.0,1.0
819.019,0.0,1.0
818.961,0.0,1.0
819.01,0.0,1.0
819.024,0.0,1.0
818.974,0.0,1.0
819.235,0.0,1.0
817.878,0.0,1.0
817.848,0.0,1.0
819.111,0.0,1.0
818.946,0.0,1.0
819.022,0.0,1.0
819.012,0.0,1.0
817.815,0.0,1.0
817.704,0.0,1.0
821.775,0.0,1.0
821.703,0.0,1.0
819.972,0.0,1.0
821.879,0.0,1.0
821.746,0.0,1.0
821.856,0.0,1.0
820.69,0.0,1.0
821.756,0.0,1.0
821.703,0.0,1.0
819.796,0.0,1.0
819.808,0.0,1.0
820.012,0.0,1.0
819.923,0.0,1.0
821.775,0.0,1.0
821.906,0.0,1.0
821.825,0.0,1.0
819.897,0.0,1.0
819.909,0.0,1.0
821.814,0.0,1.0
819.84,0.0,1.0
821.874,0.0,1.0
821.726,0.0,1.0
821.9,0.0,1.0
821.874,0.0,1.0
821.838,0.0,1.0
821.801,0.0,1.0
819.758,0.0,1.0
821.775,0.0,1.0
821.746,0.0,1.0
819.897,0.0,1.0
819.88,0.0,1.0
819.927,0.0,1.0
821.831,0.0,1.0
819.807,0.0,1.0
821.805,0.0,1.0
819.747,0.0,1.0
819.501,0.0,1.0
819.975,0.0,1.0
819.928,0.0,1.0
821.697,0.0,1.0
821.777,0.0,1.0
821.685,0.0,1.0
1220.96,0.0,1.0
1223.839,0.0,1.0
1223.96,0.0,1.0
1223.882,0.0,1.0
1223.899,0.0,1.0
1224.021,0.0,1.0
1223.847,0.0,1.0
1223.991,0.0,1.0
1223.834,0.0,1.0
1223.828,0.0,1.0
1223.97,0.0,1.0
1223.838,0.0,1.0
1223.882,0.0,1.0
1223.958,0.0,1.0
1223.933,0.0,1.0
1220.886,0.0,1.0
1223.863,0.0,1.0
1224.307,0.0,1.0
1223.861,0.0,1.0
1225.978,0.0,1.0
1228.831,0.0,1.0
1228.93,0.0,1.0
1228.759,0.0,1.0
1225.707,0.0,1.0
1225.975,0.0,1.0
1225.89,0.0,1.0
1225.896,0.0,1.0
1228.802,0.0,1.0
1228.912,0.0,1.0
1225.949,0.0,1.0
1226.833,0.0,1.0
1225.969,0.0,1.0
1226.128,0.0,1.0
1228.812,0.0,1.0
1225.951,0.0,1.0
1224.338,0.0,1.0
1225.912,0.0,1.0
1228.759,0.0,1.0
1225.982,0.0,1.0
1225.543,0.0,1.0
1225.747,0.0,1.0
1225.658,0.0,1.0
1225.947,0.0,1.0
1225.913,0.0,1.0
1228.831,0.0,1.0
1225.891,0.0,1.0
1225.894,0.0,1.0
1228.977,0.0,1.0
1226.094,0.0,1.0
1228.881,0.0,1.00285714286
1227.029,0.0,1.0
1226.104,0.0,1.0
1227.041,0.0,1.0
1228.87,0.0,1.0
1225.575,0.0,1.0
1228.93,0.0,1.0
1228.782,0.0,1.0
1224.362,0.0,1.0
1226.132,0.0,1.0
1228.819,0.0,1.0
1228.971,0.0,1.0
1226.192,0.0,1.0
1225.947,0.0,1.0
1225.939,0.0,1.0
1228.903,0.0,1.0
1225.888,0.0,1.0
1226.118,0.0,1.0
1225.923,0.0,1.0
1226.134,0.0,1.0
1228.857,0.0,1.0
1228.95,0.0,1.0
1226.89,0.0,1.0
1225.896,0.0,1.0
1226.058,0.0,1.0
1225.926,0.0,1.0
1225.958,0.0,1.0
1228.831,0.0,1.0
1225.9,0.0,1.0
1228.92,0.0,1.0
1225.949,0.0,1.0
1225.963,0.0,1.0
1228.887,0.0,1.0
1226.174,0.0,1.0
1225.908,0.0,1.0
1228.876,0.0,1.0
1226.05,0.0,1.0
1225.885,0.0,1.0
1226.44,0.0,1.0
1227.107,0.0,1.0
1225.961,0.0,1.0
1228.753,0.0,1.0
1228.833,0.0,1.0
1228.802,0.0,1.0
1228.741,0.0,1.0
1228.894,0.0,1.0
1228.95,0.0,1.0
1228.83,0.0,1.0
1226.879,0.0,1.0
1226.132,0.0,1.0
1227.06,0.0,1.0
1629.909,0.0,1.0
1631.782,0.0,1.0
1634.241,0.0,1.0
1631.858,0.0,1.0
1631.761,0.0,1.0
1630.176,0.0,1.0
1632.611,0.0,1.0
1632.815,0.0,1.0
1629.983,0.0,1.0
1632.726,0.0,1.0
1631.86,0.0,1.0
1631.782,0.0,1.0
1631.799,0.0,1.0
1631.833,0.0,1.0
1631.763,0.0,1.0
1631.728,0.0,1.0
1631.734,0.0,1.0
1631.738,0.0,1.0
1632.775,0.0,1.00238663484
1631.87,0.0,1.0
1632.764,0.0,1.0
1632.776,0.0,1.0
1632.643,0.0,1.0
1631.739,0.0,1.0
1632.625,0.0,1.0
1630.145,0.0,1.0
1631.301,0.0,1.0
1631.921,0.0,1.0
1631.891,0.0,1.0
1631.747,0.0,1.0
1632.614,0.0,1.0
1632.842,0.0,1.0
1632.795,0.0,1.0
1635.902,0.0,1.0
1634.998,0.0,1.0
1634.913,0.0,1.0
1634.919,0.0,1.0
1635.873,0.0,1.0
1635.983,0.0,1.0
1634.972,0.0,1.0
1635.155,0.0,1.0
1634.992,0.0,1.0
1635.151,0.0,1.0
1635.883,0.0,1.0
1634.974,0.0,1.0
1634.935,0.0,1.0
1635.83,0.0,1.0
1635.005,0.0,1.0
1635.687,0.0,1.0
1634.936,0.0,1.0
1635.902,0.0,1.0
1634.914,0.0,1.0
1634.917,0.0,1.0
1635.728,0.0,1.0
1635.117,0.0,1.0
1635.952,0.0,1.0
1635.127,0.0,1.0
1635.941,0.0,1.0
1636.001,0.0,1.0
1635.853,0.0,1.0
1634.97,0.0,1.0
1635.155,0.0,1.0
1635.722,0.0,1.0
1636.001,0.0,1.0
1635.215,0.0,1.0
1634.962,0.0,1.0
1635.771,0.0,1.0
1634.911,0.0,1.0
1635.141,0.0,1.0
1634.946,0.0,1.0
1635.157,0.0,1.0
1635.928,0.0,1.0
1635.818,0.0,1.0
1635.001,0.0,1.0
1634.919,0.0,1.0
1635.081,0.0,1.0
1634.949,0.0,1.0
1634.981,0.0,1.0
1635.902,0.0,1.0
1634.923,0.0,1.0
1635.788,0.0,1.0
1634.972,0.0,1.0
1634.986,0.0,1.0
1635.197,0.0,1.0
1635.958,0.0,1.0
1634.931,0.0,1.0
1635.627,0.0,1.0
1635.073,0.0,1.0
1634.908,0.0,1.0
1635.463,0.0,1.0
1635.83,0.0,1.0
1634.984,0.0,1.0
1635.824,0.0,1.0
1635.904,0.0,1.0
1635.873,0.0,1.0
1635.812,0.0,1.0
1635.965,0.0,1.0
1635.701,0.0,1.0
1635.698,0.0,1.0
1634.97,0.0,1.0
2036.777,0.0,1.0
2037.829,0.0,1.0
2037.905,0.0,1.0
2037.808,0.0,1.0
2037.402,0.0,1.0
2037.784,0.0,1.0
2037.988,0.0,1.0
2036.851,0.0,1.0
2037.899,0.0,1.0
2037.907,0.0,1.0
2037.829,0.0,1.0
2037.846,0.0,1.0
2037.88,0.0,1.0
2037.81,0.0,1.0
2037.781,0.0,1.0
2037.775,0.0,1.0
2037.785,0.0,1.0
2037.948,0.0,1.0
2037.917,0.0,1.0
2037.816,0.0,1.0
2037.786,0.0,1.0
2037.371,0.0,1.0
2037.968,0.0,1.0
2037.938,0.0,1.0
2037.794,0.0,1.0
2042.653,0.0,1.0
2042.581,0.0,1.0
2039.863,0.0,1.0
2041.866,0.0,1.0
2041.781,0.0,1.0
2041.787,0.0,1.0
2042.624,0.0,1.0
2042.734,0.0,1.0
2041.84,0.0,1.0
2039.519,0.0,1.0
2041.86,0.0,1.0
2042.019,0.0,1.0
2042.634,0.0,1.0
2041.842,0.0,1.0
2041.869,0.0,1.0
2041.803,0.0,1.0
2042.581,0.0,1.0
2041.873,0.0,1.0
2042.743,0.0,1.0
2041.838,0.0,1.0
2041.804,0.0,1.0
2042.653,0.0,1.0
2041.782,0.0,1.0
2041.785,0.0,1.0
2042.86,0.0,1.0
2041.985,0.0,1.0
2042.703,0.0,1.0
2039.832,0.0,1.0
2041.995,0.0,1.0
2039.844,0.0,1.0
2042.692,0.0,1.0
2042.752,0.0,1.0
2042.604,0.0,1.0
2040.324,0.0,1.0
2042.023,0.0,1.0
2042.854,0.0,1.0
2042.752,0.0,1.0
2042.083,0.0,1.0
2041.83,0.0,1.0
2042.827,0.0,1.0
2042.009,0.0,1.0
2041.779,0.0,1.0
2041.814,0.0,1.0
2042.025,0.0,1.0
2042.679,0.0,1.0
2042.874,0.0,1.0
2039.693,0.0,1.0
2041.787,0.0,1.0
2041.817,0.0,1.0
2041.949,0.0,1.0
2041.849,0.0,1.0
2042.653,0.0,1.0
2041.791,0.0,1.0
2042.844,0.0,1.0
2041.84,0.0,1.0
2041.854,0.0,1.0
2042.709,0.0,1.0
2042.065,0.0,1.0
2041.799,0.0,1.0
2042.759,0.0,1.0
2041.941,0.0,1.0
2041.776,0.0,1.0
2042.331,0.0,1.0
2039.91,0.0,1.0
2041.852,0.0,1.0
2042.575,0.0,1.0
2042.655,0.0,1.0
2042.624,0.0,1.0
2042.563,0.0,1.0
2042.716,0.0,1.0
2042.754,0.0,1.0
2042.833,0.0,1.0
2039.682,0.0,1.0
2042.023,0.0,1.0
2041.838,0.0,1.0
2443.833,0.0,1.0
2443.907,0.0,1.0
2448.925,0.0,1.0
2444.724,0.0,1.0
2448.855,0.0,1.0
2445.263,0.0,1.0
2444.768,0.0,1.0
2448.922,0.0,1.0
2448.837,0.0,1.0
2448.843,0.0,1.0
2448.894,0.0,1.0
2448.896,0.0,1.0
2445.662,0.0,1.0
2448.916,0.0,1.0
2444.747,0.0,1.0
2445.36,0.0,1.0
2448.859,0.0,1.0
2448.929,0.0,1.0
2445.099,0.0,1.0
2445.303,0.0,1.0
2445.214,0.0,1.0
2444.846,0.0,1.0
2444.768,0.0,1.0
2444.785,0.0,1.0
2444.819,0.0,1.0
2448.838,0.0,1.0
2444.749,0.0,1.0
2444.72,0.0,1.0
2444.714,0.0,1.0
2448.841,0.0,1.0
2448.595,0.0,1.0
2444.856,0.0,1.0
2449.041,0.0,1.0
2445.005,0.0,1.0
2449.051,0.0,1.0
2445.017,0.0,1.0
2449.079,0.0,1.0
2445.131,0.0,1.0
2444.725,0.0,1.0
2447.192,0.0,1.0
2448.894,0.0,1.0
2449.075,0.0,1.0
2449.139,0.0,1.0
2448.886,0.0,1.0
2448.835,0.0,1.0
2449.065,0.0,1.0
2448.87,0.0,1.0
2449.081,0.0,1.0
2449.079,0.0,1.0
2444.866,0.0,1.0
2448.843,0.0,1.0
2445.329,0.0,1.0
2449.005,0.0,1.0
2448.873,0.0,1.0
2448.905,0.0,1.0
2448.847,0.0,1.0
2448.589,0.0,1.0
2448.896,0.0,1.0
2448.91,0.0,1.0
2448.86,0.0,1.0
2449.121,0.0,1.0
2444.907,0.0,1.0
2444.877,0.0,1.0
2448.997,0.0,1.0
2448.832,0.0,1.0
2445.083,0.0,1.0
2448.908,0.0,1.0
2448.898,0.0,1.0
2448.494,0.0,1.0
2444.844,0.0,1.0
2448.568,0.0,1.0
2444.733,0.0,1.0
2444.855,0.0,1.0
2445.036,0.0,1.0
2449.785,0.0,1.0
2449.756,0.0,1.0
2449.866,0.0,1.0
2449.766,0.0,1.0
2449.814,0.0,1.0
2449.713,0.0,1.0
2449.785,0.0,1.0
2449.835,0.0,1.0
2449.824,0.0,1.0
2449.884,0.0,1.0
2449.736,0.0,1.0
2449.884,0.0,1.0
2449.848,0.0,1.0
2449.811,0.0,1.0
2449.785,0.0,1.0
2449.756,0.0,1.0
2449.915,0.0,1.0
2449.898,0.0,1.0
2449.945,0.0,1.0
2449.841,0.0,1.0
2449.695,0.0,1.0
2449.387,0.0,1.0
2449.825,0.0,1.0
2449.713,0.0,1.0
2449.707,0.0,1.0
2449.787,0.0,1.0
2850.904,0.0,1.0
2853.791,0.0,1.0
2853.867,0.0,1.0
2853.562,0.0,1.0
2853.77,0.0,1.0
2851.845,0.0,1.0
2850.937,0.0,1.0
2851.141,0.0,1.0
2850.978,0.0,1.0
2851.052,0.0,1.0
2853.869,0.0,1.0
2853.791,0.0,1.0
2853.808,0.0,1.0
2853.842,0.0,1.0
2853.772,0.0,1.0
2853.743,0.0,1.0
2853.737,0.0,1.0
2853.747,0.0,1.0
2851.101,0.0,1.0
2853.879,0.0,1.0
2852.332,0.0,1.0
2850.969,0.0,1.0
2852.32,0.0,1.0
2853.748,0.0,1.0
2852.181,0.0,1.0
2851.814,0.0,1.0
2854.248,0.0,1.0
2853.93,0.0,1.0
2853.9,0.0,1.0
2853.756,0.0,1.0
2852.17,0.0,1.0
2852.398,0.0,1.0
2852.351,0.0,1.0
2855.52,0.0,1.0
2855.993,0.0,1.0
2855.908,0.0,1.0
2855.914,0.0,1.0
2855.491,0.0,1.0
2855.601,0.0,1.0
2855.967,0.0,1.0
2856.15,0.0,1.0
2855.987,0.0,1.0
2856.146,0.0,1.0
2855.501,0.0,1.0
2855.969,0.0,1.0
2855.93,0.0,1.0
2855.448,0.0,1.0
2856.0,0.0,1.0
2856.565,0.0,1.0
2855.931,0.0,1.0
2855.52,0.0,1.0
2855.909,0.0,1.0
2855.912,0.0,1.0
2855.663,0.0,1.0
2856.112,0.0,1.0
2855.57,0.0,1.0
2856.122,0.0,1.0
2855.559,0.0,1.0
2855.619,0.0,1.0
2855.471,0.0,1.0
2855.965,0.0,1.0
2856.15,0.0,1.0
2855.657,0.0,1.0
2855.619,0.0,1.0
2856.21,0.0,1.0
2855.957,0.0,1.0
2856.649,0.0,1.0
2855.906,0.0,1.0
2856.136,0.0,1.0
2855.941,0.0,1.0
2856.152,0.0,1.0
2855.546,0.0,1.0
2856.696,0.0,1.0
2855.996,0.0,1.0
2855.914,0.0,1.0
2856.076,0.0,1.0
2855.944,0.0,1.0
2855.976,0.0,1.0
2855.52,0.0,1.0
2855.918,0.0,1.0
2856.666,0.0,1.0
2855.967,0.0,1.0
2855.981,0.0,1.0
2855.576,0.0,1.0
2856.192,0.0,1.0
2855.926,0.0,1.0
2855.562,0.0,1.0
2856.068,0.0,1.0
2855.903,0.0,1.0
2855.448,0.0,1.0
2856.458,0.0,1.0
2855.979,0.0,1.0
2855.442,0.0,1.0
2855.491,0.0,1.0
2855.522,0.0,1.0
2855.43,0.0,1.0
2855.583,0.0,1.0
2855.636,0.0,1.0
2856.576,0.0,1.0
2855.965,0.0,1.0
3258.367,0.0,1.0
3258.163,0.0,1.0
3257.729,0.0,1.0
3258.278,0.0,1.0
3258.068,0.0,1.0
3258.008,0.0,1.0
3258.236,0.0,1.0
3258.327,0.0,1.0
3257.655,0.0,1.0
3258.189,0.0,1.0
3258.158,0.0,1.0
3258.17,0.0,1.0
3258.195,0.0,1.0
3258.019,0.0,1.0
3258.099,0.0,1.0
3262.588,0.0,1.0
3263.708,0.0,1.0
3262.682,0.0,1.0
3260.615,0.0,1.0
3262.677,0.0,1.0
3260.659,0.0,1.0
3262.744,0.0,1.0
3262.659,0.0,1.0
3262.665,0.0,1.0
3262.559,0.0,1.0
3260.71,0.0,1.0
3262.718,0.0,1.0
3259.609,0.0,1.0
3262.738,0.0,1.0
3260.638,0.0,1.0
3262.569,0.0,1.0
3262.72,0.0,1.0
3262.669,0.0,1.0
3262.516,0.0,1.0
3262.751,0.0,1.0
3263.697,0.0,1.0
3260.737,0.0,1.0
3260.659,0.0,1.0
3260.676,0.0,1.0
3262.588,0.0,1.0
3262.66,0.0,1.0
3260.64,0.0,1.0
3260.611,0.0,1.0
3260.605,0.0,1.0
3262.663,0.0,1.0
3260.836,0.0,1.0
3262.863,0.0,1.0
3260.747,0.0,1.0
3262.638,0.0,1.0
3262.716,0.0,1.0
3262.873,0.0,1.0
3262.627,0.0,1.0
3260.616,0.0,1.0
3262.687,0.0,1.0
3262.539,0.0,1.0
3261.319,0.0,1.0
3262.681,0.0,1.0
3260.735,0.0,1.0
3262.901,0.0,1.0
3262.897,0.0,1.0
3260.83,0.0,1.0
3262.687,0.0,1.0
3262.961,0.0,1.0
3262.708,0.0,1.0
3263.781,0.0,1.0
3262.657,0.0,1.0
3262.887,0.0,1.0
3262.692,0.0,1.0
3262.903,0.0,1.0
3262.614,0.0,1.0
3263.828,0.0,1.0
3262.747,0.0,1.0
3262.665,0.0,1.0
3262.827,0.0,1.0
3262.695,0.0,1.0
3262.727,0.0,1.0
3262.588,0.0,1.0
3262.669,0.0,1.0
3263.798,0.0,1.0
3262.718,0.0,1.0
3262.732,0.0,1.0
3262.644,0.0,1.0
3262.943,0.0,1.0
3260.798,0.0,1.0
3260.768,0.0,1.0
3262.819,0.0,1.0
3262.654,0.0,1.0
3263.209,0.0,1.0
3262.516,0.0,1.0
3262.73,0.0,1.0
3262.51,0.0,1.0
3262.59,0.0,1.0
3262.559,0.0,1.0
3260.735,0.0,1.0
3262.498,0.0,1.0
3262.651,0.0,1.0
3260.809,0.0,1.0
3260.624,0.0,1.0
3262.901,0.0,1.0
3262.716,0.0,1.0
3663.274,0.0,1.0
3663.305,0.0,1.0
3667.761,0.0,1.0
3667.689,0.0,1.0
3667.715,0.0,1.0
3666.285,0.0,1.0
3664.787,0.0,1.0
3668.124,0.0,1.0
3667.791,0.0,1.0
3667.732,0.0,1.0
3667.842,0.0,1.0
3666.548,0.0,1.0
3667.742,0.0,1.0
3667.694,0.0,1.0
3667.689,0.0,1.0
3666.121,0.0,1.0
3666.325,0.0,1.0
3664.861,0.0,1.0
3666.236,0.0,1.0
3667.793,0.0,1.0
3667.715,0.0,1.0
3667.732,0.0,1.0
3667.761,0.0,1.0
3667.696,0.0,1.0
3667.667,0.0,1.0
3667.661,0.0,1.0
3667.671,0.0,1.0
3668.151,0.0,1.0
3667.803,0.0,1.0
3667.811,0.0,1.0
3665.384,0.0,1.0
3665.396,0.0,1.0
3667.8,0.0,1.0
3666.153,0.0,1.0
3667.672,0.0,1.0
3667.86,0.0,1.0
3667.712,0.0,1.0
3667.86,0.0,1.0
3667.824,0.0,1.0
3667.787,0.0,1.0
3665.245,0.0,1.0
3668.07,0.0,1.0
3667.761,0.0,1.0
3667.732,0.0,1.0
3668.145,0.0,1.0
3667.817,0.0,1.0
3667.854,0.0,1.0
3667.824,0.0,1.0
3667.68,0.0,1.0
3665.234,0.0,1.0
3667.766,0.0,1.0
3665.462,0.0,1.0
3665.415,0.0,1.0
3667.683,0.0,1.0
3667.763,0.0,1.0
3668.05,0.0,1.0
3667.671,0.0,1.0
3669.876,0.0,1.0
3669.791,0.0,1.0
3669.797,0.0,1.0
3669.848,0.0,1.0
3669.85,0.0,1.0
3670.033,0.0,1.0
3669.87,0.0,1.0
3670.029,0.0,1.0
3669.432,0.0,1.0
3669.813,0.0,1.0
3669.883,0.0,1.0
3669.814,0.0,1.0
3669.792,0.0,1.0
3669.795,0.0,1.0
3670.005,0.0,1.0
3669.995,0.0,1.0
3670.033,0.0,1.0
3670.093,0.0,1.0
3669.84,0.0,1.0
3669.516,0.0,1.0
3669.789,0.0,1.0
3670.019,0.0,1.0
3669.824,0.0,1.0
3670.035,0.0,1.0
3669.563,0.0,1.0
3669.879,0.0,1.0
3669.797,0.0,1.0
3669.959,0.0,1.0
3669.827,0.0,1.0
3669.848,0.0,1.0
3669.801,0.0,1.0
3669.533,0.0,1.0
3669.85,0.0,1.0
3669.864,0.0,1.0
3669.859,0.0,1.0
3670.075,0.0,1.0
3669.809,0.0,1.0
3669.951,0.0,1.0
3669.786,0.0,1.0
3670.341,0.0,1.0
3669.862,0.0,1.0
3669.852,0.0,1.0
3669.443,0.0,1.0
4072.606,0.0,1.0
4072.81,0.0,1.0
4070.596,0.0,1.0
4072.721,0.0,1.0
4073.962,0.0,1.0
4073.983,0.0,1.0
4073.192,0.0,1.0
4073.888,0.0,1.0
4073.42,0.0,1.0
4073.989,0.0,1.0
4072.77,0.0,1.0
4070.522,0.0,1.0
4073.342,0.0,1.0
4073.354,0.0,1.0
4072.638,0.0,1.0
4070.087,0.0,1.0
4073.203,0.0,1.0
4070.118,0.0,1.0
4073.373,0.0,1.0
4075.076,0.0,1.0
4074.742,0.0,1.0
4076.511,0.0,1.0
4075.549,0.0,1.0
4075.544,0.0,1.0
4074.786,0.0,1.0
4075.611,0.0,1.0
4075.526,0.0,1.0
4075.532,0.0,1.0
4075.047,0.0,1.0
4074.837,0.0,1.0
4075.585,0.0,1.0
4075.571,0.0,1.0
4075.605,0.0,1.0
4074.765,0.0,1.0
4075.057,0.0,1.0
4075.587,0.0,1.0
4075.157,0.0,1.0
4075.004,0.0,1.0
4075.618,0.0,1.0
4076.5,0.0,1.0
4074.864,0.0,1.0
4074.786,0.0,1.0
4074.803,0.0,1.0
4075.076,0.0,1.0
4075.527,0.0,1.0
4074.767,0.0,1.0
4074.738,0.0,1.0
4074.732,0.0,1.0
4075.53,0.0,1.0
4074.874,0.0,1.0
4075.73,0.0,1.0
4075.126,0.0,1.0
4075.583,0.0,1.0
4075.74,0.0,1.0
4075.115,0.0,1.0
4074.743,0.0,1.0
4075.175,0.0,1.0
4075.027,0.0,1.0
4075.202,0.0,1.0
4075.548,0.0,1.0
4074.862,0.0,1.0
4075.768,0.0,1.0
4075.764,0.0,1.0
4075.175,0.0,1.0
4075.828,0.0,1.0
4075.575,0.0,1.0
4076.584,0.0,1.0
4075.524,0.0,1.0
4075.754,0.0,1.0
4075.559,0.0,1.0
4075.77,0.0,1.0
4075.102,0.0,1.0
4076.631,0.0,1.0
4075.614,0.0,1.0
4075.532,0.0,1.0
4075.694,0.0,1.0
4075.562,0.0,1.0
4075.594,0.0,1.0
4075.076,0.0,1.0
4075.536,0.0,1.0
4076.601,0.0,1.0
4075.585,0.0,1.0
4075.599,0.0,1.0
4075.132,0.0,1.0
4075.81,0.0,1.0
4074.925,0.0,1.0
4074.895,0.0,1.0
4075.686,0.0,1.0
4075.521,0.0,1.0
4076.076,0.0,1.0
4075.004,0.0,1.0
4075.597,0.0,1.0
4074.998,0.0,1.0
4075.078,0.0,1.0
4075.047,0.0,1.0
4074.986,0.0,1.0
4075.139,0.0,1.0
4074.751,0.0,1.0
4075.768,0.0,1.0
4075.583,0.0,1.0
4478.86,0.0,1.0
4479.064,0.0,1.0
4477.664,0.0,1.0
4478.975,0.0,1.0
4476.357,0.0,1.0
4479.024,0.0,1.0
4477.59,0.0,1.0
4478.892,0.0,1.0
4476.388,0.0,1.0
4481.615,0.0,1.0
4481.537,0.0,1.0
4481.554,0.0,1.0
4480.914,0.0,1.0
4482.598,0.0,1.0
4481.215,0.0,1.0
4480.953,0.0,1.0
4480.865,0.0,1.0
4481.804,0.0,1.0
4482.662,0.0,1.0
4480.824,0.0,1.0
4481.684,0.0,1.0
4479.677,0.0,1.0
4480.914,0.0,1.0
4480.842,0.0,1.0
4479.858,0.0,1.0
4480.995,0.0,1.0
4482.655,0.0,1.0
4481.188,0.0,1.0
4481.613,0.0,1.0
4482.679,0.0,1.0
4482.832,0.0,1.0
4480.895,0.0,1.0
4481.673,0.0,1.0
4482.616,0.0,1.0
4480.842,0.0,1.0
4482.686,0.0,1.0
4479.827,0.0,1.0
4479.688,0.0,1.0
4481.209,0.0,1.0
4481.757,0.0,1.0
4481.114,0.0,1.0
4481.502,0.0,1.0
4482.589,0.0,1.0
4483.144,0.0,1.0
4479.905,0.0,1.0
4482.665,0.0,1.0
4480.836,0.0,1.0
4480.916,0.0,1.0
4481.537,0.0,1.0
4482.594,0.0,1.0
4482.6,0.0,1.0
4480.885,0.0,1.0
4482.651,0.0,1.0
4482.653,0.0,1.0
4482.439,0.0,1.0
4482.673,0.0,1.0
4481.516,0.0,1.0
4482.808,0.0,1.0
4481.494,0.0,1.0
4480.885,0.0,1.0
4482.612,0.0,1.0
4480.94,0.0,1.0
4482.836,0.0,1.0
4482.682,0.0,1.0
4482.6,0.0,1.0
4482.762,0.0,1.0
4482.836,0.0,1.0
4482.651,0.0,1.0
4480.914,0.0,1.0
4481.774,0.0,1.0
4482.604,0.0,1.0
4482.653,0.0,1.0
4482.667,0.0,1.0
4482.878,0.0,1.0
4480.97,0.0,1.0
4481.676,0.0,1.0
4481.646,0.0,1.0
4482.754,0.0,1.0
4482.617,0.0,1.0
4481.588,0.0,1.0
4482.595,0.0,1.0
4481.518,0.0,1.0
4481.489,0.0,1.0
4481.483,0.0,1.0
4481.493,0.0,1.0
4481.625,0.0,1.0
4482.798,0.0,1.0
4480.964,0.0,1.0
4479.839,0.0,1.0
4481.013,0.0,1.0
4481.013,0.0,1.0
4482.896,0.0,1.0
4482.643,0.0,1.0
4480.977,0.0,1.0
4482.592,0.0,1.0
4482.822,0.0,1.0
4482.627,0.0,1.0
4482.838,0.0,1.0
4482.63,0.0,1.0
4480.937,0.0,1.0
4884.066,0.0,1.0
4884.27,0.0,1.0
4882.837,0.0,1.0
4884.181,0.0,1.0
4881.938,0.0,1.0
4884.23,0.0,1.0
4882.763,0.0,1.0
4884.098,0.0,1.0
4881.969,0.0,1.0
4888.747,0.0,1.0
4888.686,0.0,1.0
4888.669,0.0,1.0
4888.14,0.0,1.0
4887.771,0.0,1.0
4889.173,0.0,1.0
4888.179,0.0,1.0
4888.091,0.0,1.0
4887.835,0.0,1.0
4889.119,0.0,1.0
4888.05,0.0,1.0
4888.999,0.0,1.0
4885.931,0.0,1.0
4888.14,0.0,1.0
4888.068,0.0,1.0
4886.112,0.0,1.0
4888.221,0.0,1.0
4887.828,0.0,1.0
4889.146,0.0,1.0
4888.745,0.0,1.0
4887.852,0.0,1.0
4888.005,0.0,1.0
4888.121,0.0,1.0
4888.988,0.0,1.0
4887.789,0.0,1.0
4888.068,0.0,1.0
4887.859,0.0,1.0
4886.081,0.0,1.0
4885.942,0.0,1.0
4889.167,0.0,1.0
4889.072,0.0,1.0
4889.072,0.0,1.0
4888.634,0.0,1.0
4887.762,0.0,1.0
4888.317,0.0,1.00080385852
4886.159,0.0,1.0
4887.838,0.0,1.0
4888.062,0.0,1.0
4888.142,0.0,1.0
4888.669,0.0,1.0
4887.767,0.0,1.0
4887.773,0.0,1.0
4888.111,0.0,1.0
4887.824,0.0,1.0
4887.826,0.0,1.0
4887.846,0.0,1.0
4888.648,0.0,1.0
4887.981,0.0,1.0
4888.626,0.0,1.0
4888.111,0.0,1.0
4887.785,0.0,1.0
4888.166,0.0,1.0
4888.009,0.0,1.0
4887.855,0.0,1.0
4887.773,0.0,1.0
4887.935,0.0,1.0
4888.009,0.0,1.0
4887.824,0.0,1.0
4888.14,0.0,1.0
4887.777,0.0,1.0
4889.089,0.0,1.0
4887.826,0.0,1.0
4887.84,0.0,1.0
4888.196,0.0,1.0
4888.051,0.0,1.0
4888.808,0.0,1.0
4888.778,0.0,1.0
4887.927,0.0,1.0
4887.79,0.0,1.0
4888.72,0.0,1.0
4887.768,0.0,1.0
4888.65,0.0,1.0
4888.621,0.0,1.0
4888.615,0.0,1.0
4888.625,0.0,1.0
4888.757,0.0,1.0
4887.971,0.0,1.0
4888.19,0.0,1.0
4886.093,0.0,1.0
4888.239,0.0,1.0
4888.239,0.0,1.0
4888.069,0.0,1.0
4887.816,0.0,1.0
4888.203,0.0,1.0
4887.765,0.0,1.0
4887.995,0.0,1.0
4887.8,0.0,1.0
4888.011,0.0,1.0
4887.803,0.0,1.0
4888.005,0.0,1.0
4889.495,0.0,1.0
5288.782,0.0,1.0
5288.813,0.0,1.0
5291.083,0.0,1.0
5290.879,0.0,1.0
5290.152,0.0,1.0
5290.994,0.0,1.0
5291.137,0.0,1.0
5291.365,0.0,1.0
5291.043,0.0,1.0
5291.318,0.0,1.0
5290.078,0.0,1.0
5291.287,0.0,1.0
5291.299,0.0,1.0
5290.911,0.0,1.0
5291.148,0.0,1.0
5293.178,0.0,1.0
5294.837,0.0,1.0
5296.098,0.0,1.0
5294.36,0.0,1.0
5295.105,0.0,1.0
5295.1,0.0,1.0
5294.404,0.0,1.0
5295.167,0.0,1.0
5295.082,0.0,1.0
5295.088,0.0,1.0
5296.069,0.0,1.0
5294.455,0.0,1.0
5295.141,0.0,1.0
5296.566,0.0,1.0
5295.161,0.0,1.0
5294.383,0.0,1.0
5296.079,0.0,1.0
5295.143,0.0,1.0
5296.179,0.0,1.0
5296.026,0.0,1.0
5295.174,0.0,1.0
5294.826,0.0,1.0
5294.482,0.0,1.0
5294.404,0.0,1.0
5294.421,0.0,1.0
5296.098,0.0,1.0
5295.083,0.0,1.0
5294.385,0.0,1.0
5294.356,0.0,1.0
5294.35,0.0,1.0
5295.086,0.0,1.0
5295.658,0.0,1.0
5295.286,0.0,1.0
5294.492,0.0,1.0
5296.148,0.0,1.0
5295.296,0.0,1.0
5296.137,0.0,1.0
5294.361,0.0,1.0
5296.197,0.0,1.0
5296.049,0.0,1.0
5295.139,0.0,1.0
5295.104,0.0,1.0
5294.48,0.0,1.0
5295.324,0.0,1.0
5295.32,0.0,1.0
5295.652,0.0,1.0
5296.197,0.0,1.0
5295.384,0.0,1.0
5295.131,0.0,1.0
5294.91,0.0,1.0
5295.08,0.0,1.0
5295.31,0.0,1.0
5295.115,0.0,1.0
5295.326,0.0,1.0
5296.124,0.0,1.0
5294.957,0.0,1.0
5295.17,0.0,1.0
5295.088,0.0,1.0
5295.25,0.0,1.0
5295.118,0.0,1.0
5295.15,0.0,1.0
5296.098,0.0,1.0
5295.092,0.0,1.0
5294.927,0.0,1.0
5295.141,0.0,1.0
5295.155,0.0,1.0
5296.154,0.0,1.0
5295.366,0.0,1.0
5294.543,0.0,1.0
5294.513,0.0,1.0
5295.242,0.0,1.0
5295.077,0.0,1.0
5295.632,0.0,1.0
5296.026,0.0,1.0
5295.153,0.0,1.0
5296.02,0.0,1.0
5296.1,0.0,1.0
5296.069,0.0,1.0
5295.557,0.0,1.0
5296.008,0.0,1.0
5296.161,0.0,1.0
5295.631,0.0,1.0
5294.369,0.0,1.0
5295.324,0.0,1.0
5295.139,0.0,1.0
5697.149,0.0,1.0
5697.353,0.0,1.0
5695.99,0.0,1.0
5697.264,0.0,1.0
5695.205,0.0,1.0
5697.95,0.0,1.0
5698.178,0.0,1.0
5697.313,0.0,1.0
5698.131,0.0,1.0
5695.916,0.0,1.0
5698.1,0.0,1.0
5698.112,0.0,1.0
5697.181,0.0,1.0
5697.961,0.0,1.0
5695.236,0.0,1.0
5702.583,0.0,1.0
5702.063,0.0,1.0
5701.428,0.0,1.0
5700.943,0.0,1.0
5700.938,0.0,1.0
5701.472,0.0,1.0
5701.005,0.0,1.0
5700.92,0.0,1.0
5700.926,0.0,1.0
5702.554,0.0,1.0
5701.523,0.0,1.0
5700.979,0.0,1.0
5703.317,0.0,1.0
5700.999,0.0,1.0
5701.451,0.0,1.0
5702.564,0.0,1.0
5700.981,0.0,1.0
5702.664,0.0,1.0
5702.511,0.0,1.0
5701.012,0.0,1.0
5702.052,0.0,1.0
5701.55,0.0,1.0
5701.472,0.0,1.0
5701.489,0.0,1.0
5702.583,0.0,1.0
5700.921,0.0,1.0
5701.453,0.0,1.0
5701.418,0.0,1.0
5701.424,0.0,1.0
5700.924,0.0,1.0
5701.912,0.0,1.0
5701.56,0.0,1.0
5701.124,0.0,1.0
5702.633,0.0,1.0
5700.977,0.0,1.0
5701.134,0.0,1.0
5702.622,0.0,1.0
5701.429,0.0,1.0
5702.682,0.0,1.0
5702.534,0.0,1.0
5700.493,0.0,1.0
5700.942,0.0,1.0
5701.548,0.0,1.0
5701.162,0.0,1.0
5701.158,0.0,1.0
5701.906,0.0,1.0
5702.682,0.0,1.0
5701.222,0.0,1.0
5702.136,0.0,1.0
5700.969,0.0,1.0
5700.918,0.0,1.0
5701.148,0.0,1.0
5700.953,0.0,1.0
5701.164,0.0,1.0
5702.609,0.0,1.0
5702.183,0.0,1.0
5701.008,0.0,1.0
5700.926,0.0,1.0
5701.088,0.0,1.0
5700.956,0.0,1.0
5700.988,0.0,1.0
5702.583,0.0,1.0
5700.93,0.0,1.0
5702.153,0.0,1.0
5700.979,0.0,1.0
5700.993,0.0,1.0
5702.639,0.0,1.0
5701.204,0.0,1.0
5701.611,0.0,1.0
5701.581,0.0,1.0
5701.08,0.0,1.0
5700.915,0.0,1.0
5701.47,0.0,1.0
5702.511,0.0,1.0
5700.991,0.0,1.0
5702.505,0.0,1.0
5702.585,0.0,1.0
5702.554,0.0,1.0
5701.811,0.0,1.0
5702.493,0.0,1.0
5702.646,0.0,1.0
5701.885,0.0,1.0
5701.162,0.0,1.0
5701.437,0.0,1.0
5700.977,0.0,1.0