Repeat,Algorithm,Time,Obs,Seq,Rej
1,NR,146306.0,1146,1146,0
2,NR,139029.0,1089,1089,0
3,NR,146816.666667,1150,1150,0
4,P,82317.0615117,1705,550,1155
5,P,79656.022299,1451,550,901
6,P,77560.7158323,1251,550,701
7,T,77110.224942,1208,550,658
8,T,76156.8604997,1117,550,567
9,T,74920.6296843,999,550,449
10,b,83113.277969,1781,550,1231
11,b,81122.7368257,1591,550,1041
12,b,84611.4220927,1924,550,1374
13,std,76146.3839673,1116,550,566
14,std,76911.1708277,1189,550,639
15,std,76156.8604997,1117,550,567